 Atomic Number | Ionization State | Wavelength (Ang.) |              g_i*f_ik |        E_i(cm^-1) |     i |     j |
           9.0 |              1.0 |  806.969970703125 |   0.18197007477283478 |               0.0 | 333.0 | 666.0 |
           9.0 |              1.0 | 809.6069946289062 |   0.10471285134553909 | 404.1409912109375 | 333.0 | 666.0 |
           9.0 |              1.0 | 951.8710327148438 |   0.06576577574014664 |               0.0 | 333.0 | 666.0 |
           9.0 |              1.0 |  954.824951171875 |     0.327340692281723 |               0.0 | 333.0 | 666.0 |
           9.0 |              1.0 | 955.5449829101562 |   0.12971791625022888 | 404.1409912109375 | 333.0 | 666.0 |
           9.0 |              1.0 | 958.5240478515625 |   0.06353309005498886 | 404.1409912109375 | 333.0 | 666.0 |
           9.0 |              1.0 |   6049.2099609375 |  0.005128614138811827 |    102405.7109375 | 333.0 | 666.0 |
           9.0 |              1.0 |   6151.4599609375 |  0.004265796393156052 |       102680.4375 | 333.0 | 666.0 |
           9.0 |              1.0 |     6212.58984375 |   0.00213796179741621 |    102840.3828125 | 333.0 | 666.0 |
           9.0 |              1.0 |    6241.376953125 |     0.676082968711853 |    102405.7109375 | 333.0 | 666.0 |
           9.0 |              1.0 |  6350.26318359375 |    0.5623413324356079 |       102680.4375 | 333.0 | 666.0 |
           9.0 |              1.0 |  6415.42431640625 |    0.3388441503047943 |    102840.3828125 | 333.0 | 666.0 |
           9.0 |              1.0 |   6465.2900390625 | 0.0010000000474974513 |    102405.7109375 | 333.0 | 666.0 |
           9.0 |              1.0 |   6571.5087890625 |  0.015135610476136208 |    102405.7109375 | 333.0 | 666.0 |
           9.0 |              1.0 |     6582.20703125 |  0.006456541363149881 |       102680.4375 | 333.0 | 666.0 |
           9.0 |              1.0 |   6652.2412109375 |   0.00933254323899746 |    102840.3828125 | 333.0 | 666.0 |
           9.0 |              1.0 |       6692.328125 |   0.05888436362147331 |       102680.4375 | 333.0 | 666.0 |
           9.0 |              1.0 |  6710.13427734375 |   0.02951209433376789 |    102405.7109375 | 333.0 | 666.0 |
           9.0 |              1.0 |  6775.85400390625 |    0.3981071710586548 |    102405.7109375 | 333.0 | 666.0 |
           9.0 |              1.0 |  6797.40283203125 |   0.08128304779529572 |       102680.4375 | 333.0 | 666.0 |
           9.0 |              1.0 |  6836.14990234375 |    0.6165950298309326 |       102680.4375 | 333.0 | 666.0 |
           9.0 |              1.0 |       6857.921875 |    2.7542285919189453 |    102405.7109375 | 333.0 | 666.0 |
           9.0 |              1.0 |    6872.111328125 |    0.5623413324356079 |    102840.3828125 | 333.0 | 666.0 |
           9.0 |              1.0 |  6904.37939453125 |    1.5135612487792969 |       102680.4375 | 333.0 | 666.0 |
           9.0 |              1.0 |   6911.7216796875 |    0.5888436436653137 |    102840.3828125 | 333.0 | 666.0 |
           9.0 |              1.0 |   6968.2705078125 |   0.09772372245788574 |     104731.046875 | 333.0 | 666.0 |
           9.0 |              1.0 |  7039.40966796875 |     1.258925437927246 |     104731.046875 | 333.0 | 666.0 |
           9.0 |              1.0 |   7129.8544921875 |    0.7585775852203369 |      105056.28125 | 333.0 | 666.0 |
           9.0 |              1.0 |  7204.34521484375 |    0.4677351415157318 |      105056.28125 | 333.0 | 666.0 |
           9.0 |              1.0 |    7300.990234375 |  0.008709637448191643 |     104731.046875 | 333.0 | 666.0 |
           9.0 |              1.0 |       7311.046875 |     3.388441324234009 |     123920.265625 | 333.0 | 666.0 |
           9.0 |              1.0 |  7313.03271484375 |    0.7244359850883484 |     104731.046875 | 333.0 | 666.0 |
           9.0 |              1.0 |  7316.31787109375 |    2.5118863582611084 |    123921.1484375 | 333.0 | 666.0 |
           9.0 |              1.0 |  7333.97705078125 |    0.7762471437454224 |    102405.7109375 | 333.0 | 666.0 |
           9.0 |              1.0 |   7400.7255859375 |    1.7378008365631104 |    102405.7109375 | 333.0 | 666.0 |
           9.0 |              1.0 |  7427.68994140625 |    0.6456542611122131 |       102680.4375 | 333.0 | 666.0 |
           9.0 |              1.0 |    7478.599609375 |  0.017378007993102074 |      105056.28125 | 333.0 | 666.0 |
           9.0 |              1.0 |   7484.7841796875 |    0.2187761515378952 |       102680.4375 | 333.0 | 666.0 |
           9.0 |              1.0 |    7491.216796875 |   0.09120108932256699 |      105056.28125 | 333.0 | 666.0 |
           9.0 |              1.0 |  7516.98779296875 |   0.10964782536029816 |    102840.3828125 | 333.0 | 666.0 |
           9.0 |              1.0 |  7554.31396484375 |    0.4570881724357605 |       102680.4375 | 333.0 | 666.0 |
           9.0 |              1.0 |        7575.46875 |    0.4570881724357605 |    102840.3828125 | 333.0 | 666.0 |
           9.0 |              1.0 |    7609.263671875 |   0.30902954936027527 |     104731.046875 | 333.0 | 666.0 |
           9.0 |              1.0 |    7756.830078125 |    1.7378008365631104 |     104731.046875 | 333.0 | 666.0 |
           9.0 |              1.0 |   7802.3662109375 |    0.9120108485221863 |      105056.28125 | 333.0 | 666.0 |
           9.0 |              1.0 |    7824.740234375 |   0.10471285134553909 |      115917.90625 | 333.0 | 666.0 |
           9.0 |              1.0 |  7881.35009765625 |   0.19952623546123505 |      115917.90625 | 333.0 | 666.0 |
           9.0 |              1.0 |  7900.76123046875 |    0.6918309926986694 |    116040.8828125 | 333.0 | 666.0 |
           9.0 |              1.0 |  7933.10986328125 |   0.10964782536029816 |      115917.90625 | 333.0 | 666.0 |
           9.0 |              1.0 |  7938.49658203125 |    0.2089296132326126 |      115917.90625 | 333.0 | 666.0 |
           9.0 |              1.0 |  7956.27978515625 |   0.08317636698484421 |     116143.578125 | 333.0 | 666.0 |
           9.0 |              1.0 |  7958.51025390625 |   0.18620871007442474 |    116040.8828125 | 333.0 | 666.0 |
           9.0 |              1.0 |  8043.14208984375 |   0.08317636698484421 |     104731.046875 | 333.0 | 666.0 |
           9.0 |              1.0 |  8077.73974609375 |    0.5495408773422241 |     116143.578125 | 333.0 | 666.0 |
           9.0 |              1.0 |  8079.74169921875 |    0.2238721251487732 |     116143.578125 | 333.0 | 666.0 |
           9.0 |              1.0 |   8128.7900390625 |   0.15488165616989136 |      115917.90625 | 333.0 | 666.0 |
           9.0 |              1.0 |            8131.5 |    0.2570396065711975 |    116040.8828125 | 333.0 | 666.0 |
           9.0 |              1.0 |           8161.75 |  0.013182567432522774 |      105056.28125 | 333.0 | 666.0 |
           9.0 |              1.0 |    8181.587890625 |    0.3630780577659607 |      115917.90625 | 333.0 | 666.0 |
           9.0 |              1.0 |   8193.4931640625 |   0.16982437670230865 |      115917.90625 | 333.0 | 666.0 |
           9.0 |              1.0 |     8199.98828125 |    0.0676083043217659 |     116143.578125 | 333.0 | 666.0 |
           9.0 |              1.0 |       8210.890625 |    0.2238721251487732 |    116040.8828125 | 333.0 | 666.0 |
           9.0 |              1.0 |       8216.984375 |    0.8912509083747864 |      115917.90625 | 333.0 | 666.0 |
           9.0 |              1.0 |   8233.0361328125 |    3.0902955532073975 |      115917.90625 | 333.0 | 666.0 |
           9.0 |              1.0 |   8234.4501953125 |    0.2187761515378952 |    116040.8828125 | 333.0 | 666.0 |
           9.0 |              1.0 |    8276.888671875 |    0.7943282127380371 |    116040.8828125 | 333.0 | 666.0 |
           9.0 |              1.0 |    8300.861328125 |     0.993116021156311 |    116040.8828125 | 333.0 | 666.0 |
           9.0 |              1.0 |      8304.6796875 |    0.3981071710586548 |     116143.578125 | 333.0 | 666.0 |
           9.0 |              1.0 |    8347.849609375 |   0.25118863582611084 |     116143.578125 | 333.0 | 666.0 |
           9.0 |              1.0 |    8606.830078125 |  0.005623413249850273 |     116987.390625 | 333.0 | 666.0 |
           9.0 |              1.0 |            8675.0 |   0.05011872947216034 |     116987.390625 | 333.0 | 666.0 |
           9.0 |              1.0 |    8739.669921875 |   0.18620871007442474 |    117164.0078125 | 333.0 | 666.0 |
           9.0 |              1.0 |     8769.01953125 |   0.04570881649851799 |       117308.5625 | 333.0 | 666.0 |
           9.0 |              1.0 |   8780.1396484375 |    0.4168694019317627 |       117308.5625 | 333.0 | 666.0 |
           9.0 |              1.0 |    8801.779296875 |    0.2818382978439331 |    117164.0078125 | 333.0 | 666.0 |
           9.0 |              1.0 |   8810.0009765625 |    1.9054607152938843 |    117164.0078125 | 333.0 | 666.0 |
           9.0 |              1.0 |   8833.6572265625 |   0.40738028287887573 |     117391.953125 | 333.0 | 666.0 |
           9.0 |              1.0 |    8846.931640625 |    0.3467368483543396 |       117308.5625 | 333.0 | 666.0 |
           9.0 |              1.0 |    8851.490234375 |    0.2137961983680725 |       117308.5625 | 333.0 | 666.0 |
           9.0 |              1.0 |   8903.3603515625 |      5.49540901184082 |     116987.390625 | 333.0 | 666.0 |
           9.0 |              1.0 |   8912.7197265625 |    0.9332543015480042 |     117391.953125 | 333.0 | 666.0 |
           9.0 |              1.0 |     8915.23046875 |    1.5488165616989136 |       117308.5625 | 333.0 | 666.0 |
           9.0 |              1.0 |   8916.8798828125 |  0.025703955441713333 |       117308.5625 | 333.0 | 666.0 |
           9.0 |              1.0 |     8919.33984375 |  0.009120109491050243 |       117308.5625 | 333.0 | 666.0 |
           9.0 |              1.0 |   8966.1201171875 |  0.026302676647901535 |     116987.390625 | 333.0 | 666.0 |
           9.0 |              1.0 |    8983.650390625 |   0.05888436362147331 |     117391.953125 | 333.0 | 666.0 |
           9.0 |              1.0 |   8986.1201171875 |   0.03162277489900589 |     117391.953125 | 333.0 | 666.0 |
           9.0 |              1.0 |     9008.66015625 |    0.2089296132326126 |     116987.390625 | 333.0 | 666.0 |
           9.0 |              1.0 |    9019.330078125 |   0.05623413249850273 |      105056.28125 | 333.0 | 666.0 |
           9.0 |              1.0 |   9027.9697265625 |    1.4125375747680664 |     116987.390625 | 333.0 | 666.0 |
           9.0 |              1.0 |    9044.580078125 |    2.1379621028900146 |    117164.0078125 | 333.0 | 666.0 |
           9.0 |              1.0 |    9104.830078125 |   0.18197007477283478 |     117622.921875 | 333.0 | 666.0 |
           9.0 |              1.0 |   9154.2900390625 |    0.7762471437454224 |    117164.0078125 | 333.0 | 666.0 |
           9.0 |              1.0 |   9181.2001953125 |    1.9498445987701416 |     117622.921875 | 333.0 | 666.0 |
           9.0 |              1.0 |   9235.3798828125 |   0.07585775852203369 |     117391.953125 | 333.0 | 666.0 |
           9.0 |              1.0 |     9237.91015625 |    0.7943282127380371 |     117872.921875 | 333.0 | 666.0 |
           9.0 |              1.0 |   9247.1103515625 |    0.2691534757614136 |       117308.5625 | 333.0 | 666.0 |
           9.0 |              1.0 |    9316.900390625 |    1.0964782238006592 |     117872.921875 | 333.0 | 666.0 |
           9.0 |              1.0 |   9387.5302734375 |   0.47863009572029114 |     117872.921875 | 333.0 | 666.0 |
           9.0 |              1.0 |    9436.259765625 |    2.5118863582611084 |     117622.921875 | 333.0 | 666.0 |
           9.0 |              1.0 |     9507.91015625 |     0.676082968711853 |     117622.921875 | 333.0 | 666.0 |
           9.0 |              1.0 |      9577.4296875 |   0.16218100488185883 |     117622.921875 | 333.0 | 666.0 |
           9.0 |              1.0 |    9664.689453125 |   0.25118863582611084 |     117872.921875 | 333.0 | 666.0 |
           9.0 |              1.0 |   9702.0595703125 |    0.3630780577659607 |    118405.2734375 | 333.0 | 666.0 |
           9.0 |              1.0 |    9723.240234375 |  0.040738027542829514 |    118427.8203125 | 333.0 | 666.0 |
           9.0 |              1.0 |    9737.009765625 |    0.7943282127380371 |    118427.8203125 | 333.0 | 666.0 |
           9.0 |              1.0 |   9739.3701171875 |   0.23442287743091583 |     117872.921875 | 333.0 | 666.0 |
           9.0 |              1.0 |    9797.490234375 |    0.3467368483543396 |    118405.2734375 | 333.0 | 666.0 |
           9.0 |              1.0 |   9824.7998046875 |    1.3182567358016968 |    118427.8203125 | 333.0 | 666.0 |
           9.0 |              1.0 |   9886.2900390625 |   0.20417378842830658 |    118405.2734375 | 333.0 | 666.0 |
           9.0 |              1.0 |   9905.3701171875 |    0.5754399299621582 |    118427.8203125 | 333.0 | 666.0 |
           9.0 |              1.0 |   10089.900390625 |   0.33113113045692444 |    118427.8203125 | 333.0 | 666.0 |
           9.0 |              1.0 |   10188.939453125 |   0.33113113045692444 |    118405.2734375 | 333.0 | 666.0 |
           9.0 |              1.0 |  10212.3701171875 |    0.3388441503047943 |    118427.8203125 | 333.0 | 666.0 |
           9.0 |              1.0 |  10288.2705078125 |    0.9332543015480042 |      115917.90625 | 333.0 | 666.0 |
           9.0 |              1.0 |   10295.830078125 |    0.2951209545135498 |    118427.8203125 | 333.0 | 666.0 |
           9.0 |              1.0 |  10383.6806640625 |    0.6606934666633606 |    119081.8203125 | 333.0 | 666.0 |
           9.0 |              1.0 |   10429.150390625 |    0.5495408773422241 |     118936.796875 | 333.0 | 666.0 |
           9.0 |              1.0 |   10865.291015625 |    1.4125375747680664 |     118936.796875 | 333.0 | 666.0 |
%NIST