 Atomic Number | Ionization State |  Wavelength (Ang.) |              g_i*f_ik |    E_i(cm^-1) |     i |     j |
          20.0 |              3.0 |  248.3000030517578 | 0.0019054606091231108 |           0.0 | 333.0 | 666.0 |
          20.0 |              3.0 |              250.0 | 0.0022908670362085104 |           0.0 | 333.0 | 666.0 |
          20.0 |              3.0 | 250.20001220703125 | 0.0017782794311642647 |           0.0 | 333.0 | 666.0 |
          20.0 |              3.0 |              252.0 |  0.002630268456414342 |           0.0 | 333.0 | 666.0 |
          20.0 |              3.0 | 252.60000610351562 | 0.0023988336324691772 |           0.0 | 333.0 | 666.0 |
          20.0 |              3.0 |              254.5 | 0.0028840317390859127 |           0.0 | 333.0 | 666.0 |
          20.0 |              3.0 | 256.29998779296875 |  0.025118863210082054 |           0.0 | 333.0 | 666.0 |
          20.0 |              3.0 |              262.5 |   0.03981072083115578 |           0.0 | 333.0 | 666.0 |
          20.0 |              3.0 |  262.6000061035156 |   0.02290867641568184 |           0.0 | 333.0 | 666.0 |
          20.0 |              3.0 |  264.6999816894531 |   0.02290867641568184 |           0.0 | 333.0 | 666.0 |
          20.0 |              3.0 |              265.5 | 0.0008128306944854558 |           0.0 | 333.0 | 666.0 |
          20.0 |              3.0 | 273.69500732421875 |   0.08912510424852371 |           0.0 | 333.0 | 666.0 |
          20.0 |              3.0 | 274.46099853515625 |   0.03630780056118965 |           0.0 | 333.0 | 666.0 |
          20.0 |              3.0 |     296.9580078125 |    0.4466835856437683 |           0.0 | 333.0 | 666.0 |
          20.0 |              3.0 |  301.7409973144531 |   0.08317636698484421 |           0.0 | 333.0 | 666.0 |
          20.0 |              3.0 | 304.33001708984375 |  0.052480749785900116 |           0.0 | 333.0 | 666.0 |
          20.0 |              3.0 |  304.9100036621094 |   0.03630780056118965 |           0.0 | 333.0 | 666.0 |
          20.0 |              3.0 |  357.9800109863281 |     3.890451192855835 |           0.0 | 333.0 | 666.0 |
          20.0 |              3.0 |  403.7239990234375 |    0.5495408773422241 |           0.0 | 333.0 | 666.0 |
          20.0 |              3.0 |  409.9539794921875 |   0.09332543611526489 |           0.0 | 333.0 | 666.0 |
          20.0 |              3.0 |  439.6910095214844 | 0.0016982437809929252 |           0.0 | 333.0 | 666.0 |
          20.0 |              3.0 | 490.54901123046875 | 0.0001584893325343728 |           0.0 | 333.0 | 666.0 |
          20.0 |              3.0 |  552.4110107421875 |   0.09549926221370697 | 204842.640625 | 333.0 | 666.0 |
          20.0 |              3.0 |      561.958984375 |   0.11220184713602066 | 204842.640625 | 333.0 | 666.0 |
          20.0 |              3.0 |  562.6069946289062 |   0.14454399049282074 |      212310.0 | 333.0 | 666.0 |
          20.0 |              3.0 |  580.0579833984375 |   0.07244359701871872 |  213379.40625 | 333.0 | 666.0 |
          20.0 |              3.0 |  583.3499755859375 |   0.10715192556381226 |   214334.0625 | 333.0 | 666.0 |
          20.0 |              3.0 |  586.5469970703125 |   0.03388441354036331 |      212310.0 | 333.0 | 666.0 |
          20.0 |              3.0 |    587.35400390625 |    0.2691534757614136 |      212310.0 | 333.0 | 666.0 |
          20.0 |              3.0 |  589.0130004882812 |   0.08128304779529572 | 203851.953125 | 333.0 | 666.0 |
          20.0 |              3.0 |  590.9869995117188 |     0.117489755153656 |  213379.40625 | 333.0 | 666.0 |
          20.0 |              3.0 |      591.583984375 |    0.3235936462879181 | 204842.640625 | 333.0 | 666.0 |
          20.0 |              3.0 |  593.6449584960938 |   0.05011872947216034 |   214334.0625 | 333.0 | 666.0 |
          20.0 |              3.0 |  594.9779663085938 |   0.15848931670188904 |  203373.21875 | 333.0 | 666.0 |
          20.0 |              3.0 |  596.6749877929688 |    0.1258925497531891 | 203851.953125 | 333.0 | 666.0 |
          20.0 |              3.0 |      597.291015625 |    0.2691534757614136 | 203851.953125 | 333.0 | 666.0 |
          20.0 |              3.0 |  600.8519897460938 |   0.09772372245788574 | 204842.640625 | 333.0 | 666.0 |
          20.0 |              3.0 |  606.7559814453125 |   0.08709637075662613 | 228413.953125 | 333.0 | 666.0 |
          20.0 |              3.0 |  610.2249755859375 |    0.1258925497531891 |   226333.5625 | 333.0 | 666.0 |
          20.0 |              3.0 |   624.821044921875 |    0.1412537395954132 |  213379.40625 | 333.0 | 666.0 |
          20.0 |              3.0 |    625.26904296875 |    0.0660693496465683 |  225826.21875 | 333.0 | 666.0 |
          20.0 |              3.0 |  628.6629638671875 |    0.2089296132326126 |   214334.0625 | 333.0 | 666.0 |
          20.0 |              3.0 |  631.0150146484375 |    0.0691831037402153 | 227432.109375 | 333.0 | 666.0 |
          20.0 |              3.0 |  632.0169677734375 |   0.06456541270017624 |      212310.0 | 333.0 | 666.0 |
          20.0 |              3.0 |   633.468017578125 |  0.016218101605772972 |      212310.0 | 333.0 | 666.0 |
          20.0 |              3.0 |  633.5880126953125 |    0.5623413324356079 |      212310.0 | 333.0 | 666.0 |
          20.0 |              3.0 |  635.4810180664062 |   0.15488165616989136 | 228413.953125 | 333.0 | 666.0 |
          20.0 |              3.0 |  636.3179931640625 |  0.043651580810546875 |  213379.40625 | 333.0 | 666.0 |
          20.0 |              3.0 |  636.3880004882812 |  0.046773508191108704 |  213379.40625 | 333.0 | 666.0 |
          20.0 |              3.0 |  636.6409912109375 |  0.014791082590818405 |  213379.40625 | 333.0 | 666.0 |
          20.0 |              3.0 |  637.1110229492188 |    0.1148153617978096 |  225826.21875 | 333.0 | 666.0 |
          20.0 |              3.0 |  637.7880249023438 |   0.23988328874111176 |  213379.40625 | 333.0 | 666.0 |
          20.0 |              3.0 |     639.1240234375 |    0.2137961983680725 |   226333.5625 | 333.0 | 666.0 |
          20.0 |              3.0 |   640.280029296875 |   0.11220184713602066 |   214334.0625 | 333.0 | 666.0 |
          20.0 |              3.0 |  643.4259643554688 |   0.05011872947216034 | 227432.109375 | 333.0 | 666.0 |
          20.0 |              3.0 |  643.4819946289062 |   0.05754399299621582 |   227388.5625 | 333.0 | 666.0 |
          20.0 |              3.0 |  648.6180419921875 |   0.09549926221370697 | 228413.953125 | 333.0 | 666.0 |
          20.0 |              3.0 |  677.6199951171875 |    0.1412537395954132 |  225826.21875 | 333.0 | 666.0 |
          20.0 |              3.0 |  680.0489501953125 |   0.02290867641568184 | 203851.953125 | 333.0 | 666.0 |
          20.0 |              3.0 |  682.6319580078125 |   0.23442287743091583 |   227388.5625 | 333.0 | 666.0 |
          20.0 |              3.0 |  684.0180053710938 |   0.15848931670188904 | 227432.109375 | 333.0 | 666.0 |
          20.0 |              3.0 |   684.658935546875 |  0.007413100451231003 | 204842.640625 | 333.0 | 666.0 |
          20.0 |              3.0 |  685.4080200195312 |   0.11220184713602066 | 204842.640625 | 333.0 | 666.0 |
          20.0 |              3.0 |  689.6019897460938 |    0.3162277638912201 | 228413.953125 | 333.0 | 666.0 |
          20.0 |              3.0 |     689.7080078125 |  0.014454396441578865 | 228413.953125 | 333.0 | 666.0 |
          20.0 |              3.0 |  690.9630126953125 |   0.19952623546123505 |   226333.5625 | 333.0 | 666.0 |
          20.0 |              3.0 |   691.135986328125 |   0.20417378842830658 |  225826.21875 | 333.0 | 666.0 |
          20.0 |              3.0 |  691.4320068359375 |  0.018197007477283478 |  225826.21875 | 333.0 | 666.0 |
          20.0 |              3.0 |    692.14794921875 |  0.025703955441713333 |  225826.21875 | 333.0 | 666.0 |
          20.0 |              3.0 |  693.4869995117188 |    0.3981071710586548 |   226333.5625 | 333.0 | 666.0 |
          20.0 |              3.0 |  694.1539916992188 |   0.01412537507712841 |   227388.5625 | 333.0 | 666.0 |
          20.0 |              3.0 |  694.3699951171875 |   0.07413102686405182 | 227432.109375 | 333.0 | 666.0 |
          20.0 |              3.0 |  694.8980102539062 |  0.017378007993102074 | 203851.953125 | 333.0 | 666.0 |
          20.0 |              3.0 |  694.9939575195312 |   0.10471285134553909 |   227388.5625 | 333.0 | 666.0 |
          20.0 |              3.0 |   695.218994140625 |   0.03630780056118965 |   226333.5625 | 333.0 | 666.0 |
          20.0 |              3.0 |   696.031005859375 |   0.10715192556381226 |   227388.5625 | 333.0 | 666.0 |
          20.0 |              3.0 |  697.5509643554688 |   0.12302687019109726 |  203373.21875 | 333.0 | 666.0 |
          20.0 |              3.0 |  699.0850219726562 |   0.23442287743091583 | 203851.953125 | 333.0 | 666.0 |
          20.0 |              3.0 |  699.8909912109375 |   0.09549926221370697 | 203851.953125 | 333.0 | 666.0 |
          20.0 |              3.0 |  701.3900146484375 |    0.3890451490879059 | 204842.640625 | 333.0 | 666.0 |
          20.0 |              3.0 |     703.9580078125 |   0.08511379361152649 | 204842.640625 | 333.0 | 666.0 |
          20.0 |              3.0 |  704.7720336914062 |  0.006918308325111866 | 204842.640625 | 333.0 | 666.0 |
          20.0 |              3.0 |   705.426025390625 |   0.19498446583747864 | 228413.953125 | 333.0 | 666.0 |
          20.0 |              3.0 |    713.85595703125 |   0.03715352714061737 |   227388.5625 | 333.0 | 666.0 |
          20.0 |              3.0 |  714.6279907226562 | 0.0030199517495930195 | 203851.953125 | 333.0 | 666.0 |
          20.0 |              3.0 |  717.2830200195312 |   0.01148153468966484 | 204842.640625 | 333.0 | 666.0 |
          20.0 |              3.0 |  717.8359985351562 |  0.010715192183852196 | 204842.640625 | 333.0 | 666.0 |
          20.0 |              3.0 |   724.761962890625 |  0.003311311127617955 |  203373.21875 | 333.0 | 666.0 |
          20.0 |              3.0 |  725.9559326171875 |  0.007244357839226723 | 203851.953125 | 333.0 | 666.0 |
          20.0 |              3.0 |   727.656005859375 |    0.2754228711128235 |  213379.40625 | 333.0 | 666.0 |
          20.0 |              3.0 |  728.0040283203125 |   0.02290867641568184 |  213379.40625 | 333.0 | 666.0 |
          20.0 |              3.0 |  730.4739990234375 |  0.004168692510575056 | 203851.953125 | 333.0 | 666.0 |
          20.0 |              3.0 |  731.2149658203125 |  0.015135610476136208 | 204842.640625 | 333.0 | 666.0 |
          20.0 |              3.0 |  732.2440185546875 |   0.03162277489900589 |   214334.0625 | 333.0 | 666.0 |
          20.0 |              3.0 |  732.8939819335938 |    0.4168694019317627 |   214334.0625 | 333.0 | 666.0 |
          20.0 |              3.0 |   736.239013671875 |  0.007244357839226723 |  203373.21875 | 333.0 | 666.0 |
          20.0 |              3.0 |  736.6929931640625 |   0.12882496416568756 |      212310.0 | 333.0 | 666.0 |
          20.0 |              3.0 |   736.822998046875 | 0.0038904505781829357 |      212310.0 | 333.0 | 666.0 |
          20.0 |              3.0 |   738.844970703125 |  0.016218101605772972 | 203851.953125 | 333.0 | 666.0 |
          20.0 |              3.0 |  740.3299560546875 |   0.03467368334531784 |      212310.0 | 333.0 | 666.0 |
          20.0 |              3.0 |   740.552978515625 |     1.258925437927246 |      212310.0 | 333.0 | 666.0 |
          20.0 |              3.0 |  742.5409545898438 |    0.1412537395954132 |  213379.40625 | 333.0 | 666.0 |
          20.0 |              3.0 |  742.6719970703125 |    0.1023292988538742 |  213379.40625 | 333.0 | 666.0 |
          20.0 |              3.0 |    746.06005859375 |  0.018197007477283478 |  213379.40625 | 333.0 | 666.0 |
          20.0 |              3.0 |      746.248046875 |    0.5495408773422241 |  213379.40625 | 333.0 | 666.0 |
          20.0 |              3.0 |  747.9779663085938 |    0.3162277638912201 |   214334.0625 | 333.0 | 666.0 |
          20.0 |              3.0 |    749.47900390625 |   0.02951209433376789 |   214334.0625 | 333.0 | 666.0 |
          20.0 |              3.0 |  764.6990356445312 |  0.019498445093631744 |  213379.40625 | 333.0 | 666.0 |
          20.0 |              3.0 |  770.3209838867188 |  0.002570396289229393 |   214334.0625 | 333.0 | 666.0 |
          20.0 |              3.0 |      772.498046875 |  0.026302676647901535 |   214334.0625 | 333.0 | 666.0 |
          20.0 |              3.0 |  779.6080322265625 |   0.09549926221370697 |      212310.0 | 333.0 | 666.0 |
          20.0 |              3.0 |  779.9019775390625 |  0.002630268456414342 |  213379.40625 | 333.0 | 666.0 |
          20.0 |              3.0 |  785.1199951171875 |  0.043651580810546875 |  213379.40625 | 333.0 | 666.0 |
          20.0 |              3.0 |  786.1589965820312 |  0.009120109491050243 |  213379.40625 | 333.0 | 666.0 |
          20.0 |              3.0 |   791.051025390625 |  0.006025595590472221 |   214334.0625 | 333.0 | 666.0 |
          20.0 |              3.0 |  800.3009643554688 |   0.37153521180152893 |  225826.21875 | 333.0 | 666.0 |
          20.0 |              3.0 |    803.39599609375 |   0.13489629328250885 |   226333.5625 | 333.0 | 666.0 |
          20.0 |              3.0 |  809.6420288085938 |   0.05623413249850273 |   227388.5625 | 333.0 | 666.0 |
          20.0 |              3.0 |   809.929931640625 |    0.3388441503047943 | 227432.109375 | 333.0 | 666.0 |
          20.0 |              3.0 |    810.68701171875 |    0.6165950298309326 |   227388.5625 | 333.0 | 666.0 |
          20.0 |              3.0 |  814.6090087890625 |   0.01230268832296133 | 247696.390625 | 333.0 | 666.0 |
          20.0 |              3.0 |  817.0559692382812 |    0.7079457640647888 | 228413.953125 | 333.0 | 666.0 |
          20.0 |              3.0 |  817.2229614257812 |   0.03467368334531784 | 228413.953125 | 333.0 | 666.0 |
          20.0 |              3.0 |    817.47998046875 |   0.02951209433376789 | 228413.953125 | 333.0 | 666.0 |
          20.0 |              3.0 |  818.3209838867188 |    0.3801894187927246 |  225826.21875 | 333.0 | 666.0 |
          20.0 |              3.0 |  820.1309814453125 |   0.10964782536029816 |  225826.21875 | 333.0 | 666.0 |
          20.0 |              3.0 |   821.572021484375 |    0.8128305077552795 |   226333.5625 | 333.0 | 666.0 |
          20.0 |              3.0 |  825.8800048828125 |   0.15135613083839417 |   226333.5625 | 333.0 | 666.0 |
          20.0 |              3.0 |  826.1080322265625 |   0.09332543611526489 |   226333.5625 | 333.0 | 666.0 |
          20.0 |              3.0 |   829.445068359375 |  0.011220183223485947 |   226333.5625 | 333.0 | 666.0 |
          20.0 |              3.0 |  831.0769653320312 |   0.15135613083839417 | 227432.109375 | 333.0 | 666.0 |
          20.0 |              3.0 |  833.1409912109375 |   0.13182567059993744 |   227388.5625 | 333.0 | 666.0 |
          20.0 |              3.0 |  836.0240478515625 |   0.03981072083115578 | 228413.953125 | 333.0 | 666.0 |
          20.0 |              3.0 |    836.76904296875 |    0.0676083043217659 |   227388.5625 | 333.0 | 666.0 |
          20.0 |              3.0 |  837.9180297851562 |  0.005754399113357067 |   227388.5625 | 333.0 | 666.0 |
          20.0 |              3.0 |  838.2369995117188 |  0.030902955681085587 | 227432.109375 | 333.0 | 666.0 |
          20.0 |              3.0 |     838.5009765625 |  0.001659587025642395 | 227432.109375 | 333.0 | 666.0 |
          20.0 |              3.0 |  840.5579833984375 |    0.4466835856437683 | 228413.953125 | 333.0 | 666.0 |
          20.0 |              3.0 |  847.7570190429688 |  0.015848932787775993 |  225826.21875 | 333.0 | 666.0 |
          20.0 |              3.0 |  855.6600341796875 |  0.027542291209101677 |   227388.5625 | 333.0 | 666.0 |
          20.0 |              3.0 |    855.97802734375 | 0.0047863018698990345 | 227432.109375 | 333.0 | 666.0 |
          20.0 |              3.0 |  864.0350341796875 |   0.03715352714061737 | 228413.953125 | 333.0 | 666.0 |
          20.0 |              3.0 |   864.469970703125 |  0.010715192183852196 | 227432.109375 | 333.0 | 666.0 |
          20.0 |              3.0 |  865.6289672851562 |  0.015135610476136208 |  225826.21875 | 333.0 | 666.0 |
          20.0 |              3.0 |  867.5450439453125 |   0.04466835781931877 |   226333.5625 | 333.0 | 666.0 |
          20.0 |              3.0 |  870.1519775390625 |  0.007244357839226723 |  225826.21875 | 333.0 | 666.0 |
          20.0 |              3.0 |  875.3009643554688 |  0.006025595590472221 |   226333.5625 | 333.0 | 666.0 |
          20.0 |              3.0 | 1002.1430053710938 |    0.0676083043217659 |  277022.40625 | 333.0 | 666.0 |
          20.0 |              3.0 |             1005.0 |   0.04265795275568962 |    277380.875 | 333.0 | 666.0 |
          20.0 |              3.0 | 1009.5459594726562 |  0.007244357839226723 |   242547.1875 | 333.0 | 666.0 |
          20.0 |              3.0 | 1013.7149658203125 |  0.005248074885457754 |    245611.875 | 333.0 | 666.0 |
          20.0 |              3.0 |  1018.302001953125 |  0.007079456467181444 |   242547.1875 | 333.0 | 666.0 |
          20.0 |              3.0 | 1018.5999755859375 |  0.007943283766508102 |    245611.875 | 333.0 | 666.0 |
          20.0 |              3.0 |  1020.071044921875 |  0.043651580810546875 |   242547.1875 | 333.0 | 666.0 |
          20.0 |              3.0 | 1026.4949951171875 |  0.009999999776482582 |   243930.4375 | 333.0 | 666.0 |
          20.0 |              3.0 |  1032.862060546875 |   0.02137962356209755 |   243930.4375 | 333.0 | 666.0 |
          20.0 |              3.0 |   1034.64990234375 |   0.03235936537384987 |   242547.1875 | 333.0 | 666.0 |
          20.0 |              3.0 |   1035.60693359375 |  0.006606933660805225 | 247696.390625 | 333.0 | 666.0 |
          20.0 |              3.0 | 1036.7659912109375 |  0.023988328874111176 | 247696.390625 | 333.0 | 666.0 |
          20.0 |              3.0 |     1040.705078125 |  0.007943283766508102 | 247696.390625 | 333.0 | 666.0 |
          20.0 |              3.0 | 1049.6729736328125 |  0.013182567432522774 |   243930.4375 | 333.0 | 666.0 |
          20.0 |              3.0 |    1060.7509765625 |   0.09120108932256699 |    279353.625 | 333.0 | 666.0 |
          20.0 |              3.0 |   1064.89892578125 |  0.007762473076581955 | 247696.390625 | 333.0 | 666.0 |
          20.0 |              3.0 | 1099.4949951171875 |    0.2187761515378952 |    279353.625 | 333.0 | 666.0 |
          20.0 |              3.0 |       1124.0390625 |   0.06456541270017624 |   272188.6875 | 333.0 | 666.0 |
          20.0 |              3.0 |   1145.06201171875 |    0.0691831037402153 |   272188.6875 | 333.0 | 666.0 |
          20.0 |              3.0 | 1148.3389892578125 | 0.0007585777784697711 | 203851.953125 | 333.0 | 666.0 |
          20.0 |              3.0 | 1149.8480224609375 |   0.06309572607278824 |   272188.6875 | 333.0 | 666.0 |
          20.0 |              3.0 |    1152.7060546875 |  0.024547088891267776 |   272188.6875 | 333.0 | 666.0 |
          20.0 |              3.0 |  1181.988037109375 |  0.023988328874111176 |   279741.8125 | 333.0 | 666.0 |
          20.0 |              3.0 |  1187.302978515625 |  0.061659496277570724 |   281139.5625 | 333.0 | 666.0 |
          20.0 |              3.0 | 1188.6060791015625 |   0.19054606556892395 |  277022.40625 | 333.0 | 666.0 |
          20.0 |              3.0 |  1190.864013671875 |   0.08912510424852371 |    277380.875 | 333.0 | 666.0 |
          20.0 |              3.0 |  1193.697021484375 |   0.03890451788902283 |    277380.875 | 333.0 | 666.0 |
          20.0 |              3.0 |   1200.77197265625 |   0.02041737735271454 |   279741.8125 | 333.0 | 666.0 |
          20.0 |              3.0 |   1202.30908203125 |   0.07943282276391983 |      278621.0 | 333.0 | 666.0 |
          20.0 |              3.0 | 1203.5069580078125 |   0.02951209433376789 |   281139.5625 | 333.0 | 666.0 |
          20.0 |              3.0 |  1207.341064453125 |   0.05754399299621582 |    277380.875 | 333.0 | 666.0 |
          20.0 |              3.0 | 1207.8380126953125 |   0.05754399299621582 |   282571.4375 | 333.0 | 666.0 |
          20.0 |              3.0 | 1208.0460205078125 |   0.03467368334531784 |  277022.40625 | 333.0 | 666.0 |
          20.0 |              3.0 |  1211.822021484375 |    0.2951209545135498 |  277022.40625 | 333.0 | 666.0 |
          20.0 |              3.0 | 1212.6820068359375 |   0.10471285134553909 |     281882.25 | 333.0 | 666.0 |
          20.0 |              3.0 |  1213.301025390625 |   0.19498446583747864 |    277380.875 | 333.0 | 666.0 |
          20.0 |              3.0 |   1222.89501953125 |  0.019054606556892395 |   282571.4375 | 333.0 | 666.0 |
          20.0 |              3.0 | 1223.1849365234375 |   0.11220184713602066 |   281139.5625 | 333.0 | 666.0 |
          20.0 |              3.0 | 1225.3209228515625 |  0.040738027542829514 |   279741.8125 | 333.0 | 666.0 |
          20.0 |              3.0 |  1225.698974609375 |   0.08128304779529572 |      278621.0 | 333.0 | 666.0 |
          20.0 |              3.0 | 1228.3170166015625 |   0.04466835781931877 |   279741.8125 | 333.0 | 666.0 |
          20.0 |              3.0 |   1230.97509765625 |    0.2089296132326126 |     281882.25 | 333.0 | 666.0 |
          20.0 |              3.0 | 1234.4000244140625 |  0.015848932787775993 |     281882.25 | 333.0 | 666.0 |
          20.0 |              3.0 | 1239.9759521484375 |   0.17378008365631104 |   279741.8125 | 333.0 | 666.0 |
          20.0 |              3.0 | 1243.0079345703125 |   0.11220184713602066 |   282571.4375 | 333.0 | 666.0 |
          20.0 |              3.0 | 1253.4639892578125 |    0.0537031814455986 |   279741.8125 | 333.0 | 666.0 |
          20.0 |              3.0 | 1254.4129638671875 |   0.02089296467602253 |  282075.15625 | 333.0 | 666.0 |
          20.0 |              3.0 |     1259.208984375 |  0.010471285320818424 |   279741.8125 | 333.0 | 666.0 |
          20.0 |              3.0 | 1261.3809814453125 |   0.03467368334531784 |  282075.15625 | 333.0 | 666.0 |
          20.0 |              3.0 | 1262.6529541015625 |  0.023442288860678673 |  203373.21875 | 333.0 | 666.0 |
          20.0 |              3.0 |    1270.3330078125 |  0.013803842477500439 | 203851.953125 | 333.0 | 666.0 |
          20.0 |              3.0 | 1272.5440673828125 |  0.018620871007442474 |   282571.4375 | 333.0 | 666.0 |
          20.0 |              3.0 |   1278.39208984375 |   0.04466835781931877 | 203851.953125 | 333.0 | 666.0 |
          20.0 |              3.0 |  1281.552978515625 |   0.02290867641568184 | 203851.953125 | 333.0 | 666.0 |
          20.0 |              3.0 | 1285.9080810546875 | 0.0038018932100385427 |  203373.21875 | 333.0 | 666.0 |
          20.0 |              3.0 |   1286.52294921875 |    0.0676083043217659 | 204842.640625 | 333.0 | 666.0 |
          20.0 |              3.0 | 1293.8709716796875 |   0.01230268832296133 | 203851.953125 | 333.0 | 666.0 |
          20.0 |              3.0 |  1298.034912109375 |    0.1258925497531891 | 204842.640625 | 333.0 | 666.0 |
          20.0 |              3.0 |    1310.6689453125 |  0.013182567432522774 | 204842.640625 | 333.0 | 666.0 |
          20.0 |              3.0 |  1317.698974609375 |   0.03548133373260498 | 203851.953125 | 333.0 | 666.0 |
          20.0 |              3.0 |  1328.945068359375 |  0.014454396441578865 |  203373.21875 | 333.0 | 666.0 |
          20.0 |              3.0 |      1335.12890625 |   0.07762470841407776 | 204842.640625 | 333.0 | 666.0 |
          20.0 |              3.0 |    1355.4150390625 |  0.005623413249850273 | 204842.640625 | 333.0 | 666.0 |
          20.0 |              3.0 |  1360.010009765625 |  0.017378007993102074 | 203851.953125 | 333.0 | 666.0 |
          20.0 |              3.0 |  1362.221923828125 |   0.02951209433376789 |   290934.3125 | 333.0 | 666.0 |
          20.0 |              3.0 |  1385.426025390625 |   0.02041737735271454 | 204842.640625 | 333.0 | 666.0 |
          20.0 |              3.0 |   1397.68701171875 |    0.3548133969306946 |    279353.625 | 333.0 | 666.0 |
          20.0 |              3.0 |  1453.156982421875 |   0.07079458236694336 |  203373.21875 | 333.0 | 666.0 |
          20.0 |              3.0 | 1459.7869873046875 |   0.07079458236694336 |  213379.40625 | 333.0 | 666.0 |
          20.0 |              3.0 |           1461.875 |    0.8511380553245544 |    279353.625 | 333.0 | 666.0 |
          20.0 |              3.0 |    1463.3349609375 |   0.19054606556892395 | 203851.953125 | 333.0 | 666.0 |
          20.0 |              3.0 |   1465.47705078125 | 0.0015135614667087793 |   214334.0625 | 333.0 | 666.0 |
          20.0 |              3.0 | 1480.4249267578125 |  0.009549926035106182 |   214334.0625 | 333.0 | 666.0 |
          20.0 |              3.0 |  1480.527099609375 |    0.2137961983680725 |    279353.625 | 333.0 | 666.0 |
          20.0 |              3.0 |  1484.868896484375 |   0.25118863582611084 | 204842.640625 | 333.0 | 666.0 |
          20.0 |              3.0 |  1496.884033203125 |   0.07079458236694336 |   214334.0625 | 333.0 | 666.0 |
          20.0 |              3.0 | 1506.8760986328125 |   0.04168693721294403 |  213379.40625 | 333.0 | 666.0 |
          20.0 |              3.0 |  1528.865966796875 |  0.005754399113357067 |   214334.0625 | 333.0 | 666.0 |
          20.0 |              3.0 | 1545.2940673828125 |    0.9772372245788574 |      212310.0 | 333.0 | 666.0 |
          20.0 |              3.0 |  1555.527099609375 |   0.37153521180152893 |   214334.0625 | 333.0 | 666.0 |
          20.0 |              3.0 | 1562.4730224609375 |    0.5495408773422241 |  213379.40625 | 333.0 | 666.0 |
          20.0 |              3.0 |   1571.26806640625 |   0.09772372245788574 |  213379.40625 | 333.0 | 666.0 |
          20.0 |              3.0 |           1586.125 |   0.07762470841407776 |   214334.0625 | 333.0 | 666.0 |
          20.0 |              3.0 | 1595.1929931640625 |  0.003311311127617955 |   214334.0625 | 333.0 | 666.0 |
          20.0 |              3.0 |   1688.77001953125 |  0.048977889120578766 |   272188.6875 | 333.0 | 666.0 |
          20.0 |              3.0 | 1698.9390869140625 |   0.03388441354036331 |   272188.6875 | 333.0 | 666.0 |
          20.0 |              3.0 |  1762.259033203125 |   0.02041737735271454 |  225826.21875 | 333.0 | 666.0 |
          20.0 |              3.0 |  1773.240966796875 |   0.09120108932256699 |   272188.6875 | 333.0 | 666.0 |
          20.0 |              3.0 |  1783.928955078125 |   0.05011872947216034 |  225826.21875 | 333.0 | 666.0 |
          20.0 |              3.0 | 1794.2230224609375 |   0.33113113045692444 |   272188.6875 | 333.0 | 666.0 |
          20.0 |              3.0 | 1798.2459716796875 |    0.4168694019317627 |   281139.5625 | 333.0 | 666.0 |
          20.0 |              3.0 |    1800.2080078125 |   0.15488165616989136 |   226333.5625 | 333.0 | 666.0 |
          20.0 |              3.0 |  1807.885009765625 |    0.3235936462879181 |  225826.21875 | 333.0 | 666.0 |
          20.0 |              3.0 |  1812.153076171875 |   0.30902954936027527 |   227388.5625 | 333.0 | 666.0 |
          20.0 |              3.0 | 1813.5850830078125 |  0.060255955904722214 | 227432.109375 | 333.0 | 666.0 |
          20.0 |              3.0 |   1830.05908203125 |   0.12882496416568756 | 227432.109375 | 333.0 | 666.0 |
          20.0 |              3.0 | 1845.7750244140625 |   0.28840312361717224 |   282571.4375 | 333.0 | 666.0 |
          20.0 |              3.0 | 1860.4320068359375 |   0.01659587025642395 |   227388.5625 | 333.0 | 666.0 |
          20.0 |              3.0 | 1870.2630615234375 |   0.43651580810546875 | 228413.953125 | 333.0 | 666.0 |
          20.0 |              3.0 |  1872.366943359375 |    0.3981071710586548 |   226333.5625 | 333.0 | 666.0 |
          20.0 |              3.0 |    1894.1240234375 |  0.033113110810518265 |  225826.21875 | 333.0 | 666.0 |
          20.0 |              3.0 |  1907.385009765625 |   0.10964782536029816 |      278621.0 | 333.0 | 666.0 |
          20.0 |              3.0 | 1910.0970458984375 |    0.1023292988538742 |   227388.5625 | 333.0 | 666.0 |
          20.0 |              3.0 | 1911.6920166015625 |  0.006309572607278824 | 227432.109375 | 333.0 | 666.0 |
          20.0 |              3.0 |   1939.68310546875 |   0.05128614231944084 |  225826.21875 | 333.0 | 666.0 |
          20.0 |              3.0 |  1943.011962890625 |    1.3803843259811401 |   272188.6875 | 333.0 | 666.0 |
          20.0 |              3.0 | 1948.2569580078125 |   0.16218100488185883 | 228413.953125 | 333.0 | 666.0 |
          20.0 |              3.0 |  1951.887939453125 | 0.0030199517495930195 |   227388.5625 | 333.0 | 666.0 |
          20.0 |              3.0 |   1953.06396484375 |   0.40738028287887573 |    277380.875 | 333.0 | 666.0 |
          20.0 |              3.0 |     1953.294921875 |  0.006760828662663698 |  225826.21875 | 333.0 | 666.0 |
          20.0 |              3.0 | 1953.5460205078125 |   0.08128304779529572 | 227432.109375 | 333.0 | 666.0 |
          20.0 |              3.0 |   1958.14892578125 |  0.012022645212709904 |  277022.40625 | 333.0 | 666.0 |
          20.0 |              3.0 |  1958.970947265625 |   0.03162277489900589 |   226333.5625 | 333.0 | 666.0 |
          20.0 |              3.0 |  1964.614013671875 |      1.17489755153656 |  277022.40625 | 333.0 | 666.0 |
          20.0 |              3.0 | 1967.9359130859375 |    1.0964782238006592 |   272188.6875 | 333.0 | 666.0 |
          20.0 |              3.0 |  1972.822998046875 |   0.11220184713602066 |   226333.5625 | 333.0 | 666.0 |
          20.0 |              3.0 |  1977.012939453125 |    0.2137961983680725 |    277380.875 | 333.0 | 666.0 |
          20.0 |              3.0 |  1978.551025390625 |   0.20417378842830658 |    277380.875 | 333.0 | 666.0 |
          20.0 |              3.0 | 1981.1920166015625 |    0.4168694019317627 |   272188.6875 | 333.0 | 666.0 |
          20.0 |              3.0 |  1989.511962890625 |   0.10715192556381226 |   281139.5625 | 333.0 | 666.0 |
          20.0 |              3.0 |   2000.31103515625 |   0.04570881649851799 |   227388.5625 | 333.0 | 666.0 |
          20.0 |              3.0 |      2001.54296875 |    0.4677351415157318 |      278621.0 | 333.0 | 666.0 |
          20.0 |              3.0 |  2002.050048828125 |  0.014791082590818405 | 227432.109375 | 333.0 | 666.0 |
          20.0 |              3.0 |  2003.635986328125 |   0.18197007477283478 |   281139.5625 | 333.0 | 666.0 |
          20.0 |              3.0 | 2014.7540283203125 |   0.01348962914198637 |   227388.5625 | 333.0 | 666.0 |
          20.0 |              3.0 | 2019.3480224609375 |    0.6456542611122131 |     281882.25 | 333.0 | 666.0 |
          20.0 |              3.0 | 2026.7030029296875 |    0.3981071710586548 |      278621.0 | 333.0 | 666.0 |
          20.0 |              3.0 |  2027.241943359375 |    0.0660693496465683 |  282075.15625 | 333.0 | 666.0 |
          20.0 |              3.0 |  2028.320068359375 |   0.03019951842725277 |      278621.0 | 333.0 | 666.0 |
          20.0 |              3.0 |  2034.011962890625 |    0.6606934666633606 |  277022.40625 | 333.0 | 666.0 |
          20.0 |              3.0 | 2042.1929931640625 |   0.08128304779529572 | 228413.953125 | 333.0 | 666.0 |
          20.0 |              3.0 |     2046.458984375 |    0.5754399299621582 |   279741.8125 | 333.0 | 666.0 |
          20.0 |              3.0 | 2047.4749755859375 |    0.2754228711128235 |   279741.8125 | 333.0 | 666.0 |
          20.0 |              3.0 |   2047.85009765625 |   0.16982437670230865 |   282571.4375 | 333.0 | 666.0 |
          20.0 |              3.0 |    2057.2529296875 |  0.015848932787775993 | 228413.953125 | 333.0 | 666.0 |
          20.0 |              3.0 |   2062.81396484375 |   0.15135613083839417 |   282571.4375 | 333.0 | 666.0 |
          20.0 |              3.0 |   2064.18408203125 |   0.05128614231944084 |  277022.40625 | 333.0 | 666.0 |
          20.0 |              3.0 |    2075.5029296875 |   0.19498446583747864 |   279741.8125 | 333.0 | 666.0 |
          20.0 |              3.0 |  2079.577880859375 |    0.9332543015480042 |    277380.875 | 333.0 | 666.0 |
          20.0 |              3.0 |    2099.1630859375 |    0.6606934666633606 |  277022.40625 | 333.0 | 666.0 |
          20.0 |              3.0 |  2107.803955078125 |   0.09120108932256699 |   281139.5625 | 333.0 | 666.0 |
          20.0 |              3.0 |      2115.08203125 |    3.7153522968292236 |    277380.875 | 333.0 | 666.0 |
          20.0 |              3.0 |  2123.699951171875 |       5.6234130859375 |  277022.40625 | 333.0 | 666.0 |
          20.0 |              3.0 |   2127.48388671875 |   0.03890451788902283 |   243930.4375 | 333.0 | 666.0 |
          20.0 |              3.0 |  2129.863037109375 |    2.4547088146209717 |   281139.5625 | 333.0 | 666.0 |
          20.0 |              3.0 |    2134.6259765625 |    2.0892961025238037 |      278621.0 | 333.0 | 666.0 |
          20.0 |              3.0 |  2141.033935546875 |     4.073802947998047 |     281882.25 | 333.0 | 666.0 |
          20.0 |              3.0 |        2144.421875 |   0.06309572607278824 |  277022.40625 | 333.0 | 666.0 |
          20.0 |              3.0 |  2153.112060546875 |    3.4673686027526855 |   279741.8125 | 333.0 | 666.0 |
          20.0 |              3.0 |  2164.094970703125 |    0.3467368483543396 |     281882.25 | 333.0 | 666.0 |
          20.0 |              3.0 |    2172.0029296875 |    0.1659587025642395 |     281882.25 | 333.0 | 666.0 |
          20.0 |              3.0 |    2172.2470703125 |    2.1379621028900146 |   282571.4375 | 333.0 | 666.0 |
          20.0 |              3.0 |  2182.697021484375 |    0.7943282127380371 |   290934.3125 | 333.0 | 666.0 |
          20.0 |              3.0 |   2191.89404296875 |   0.07244359701871872 |    277380.875 | 333.0 | 666.0 |
          20.0 |              3.0 |  2203.091064453125 |   0.23442287743091583 |   282571.4375 | 333.0 | 666.0 |
          20.0 |              3.0 |    2205.0029296875 |     0.301995187997818 |   282571.4375 | 333.0 | 666.0 |
          20.0 |              3.0 |    2220.5419921875 |   0.07413102686405182 |      278621.0 | 333.0 | 666.0 |
          20.0 |              3.0 |  2232.129150390625 |   0.00213796179741621 |   227388.5625 | 333.0 | 666.0 |
          20.0 |              3.0 |   2234.30810546875 | 0.0007244357839226723 | 227432.109375 | 333.0 | 666.0 |
          20.0 |              3.0 |   2266.77294921875 |   0.03235936537384987 |  322663.28125 | 333.0 | 666.0 |
          20.0 |              3.0 |    2270.5439453125 |   0.05623413249850273 |      278621.0 | 333.0 | 666.0 |
          20.0 |              3.0 |      2276.71484375 |  0.048977889120578766 |   323003.5625 | 333.0 | 666.0 |
          20.0 |              3.0 |      2277.21484375 |    0.8511380553245544 |   279741.8125 | 333.0 | 666.0 |
          20.0 |              3.0 |        2282.171875 |   0.10715192556381226 |   323655.0625 | 333.0 | 666.0 |
          20.0 |              3.0 |  2284.387939453125 |   0.02951209433376789 |   323003.5625 | 333.0 | 666.0 |
          20.0 |              3.0 |      2299.04296875 |   0.25118863582611084 |     346896.25 | 333.0 | 666.0 |
          20.0 |              3.0 |     2306.123046875 |   0.05128614231944084 |     324110.25 | 333.0 | 666.0 |
          20.0 |              3.0 |    2311.0048828125 |   0.03630780056118965 |   323655.0625 | 333.0 | 666.0 |
          20.0 |              3.0 |    2311.5068359375 |    0.2187761515378952 |   279741.8125 | 333.0 | 666.0 |
          20.0 |              3.0 |     2312.787109375 |    0.4168694019317627 | 247696.390625 | 333.0 | 666.0 |
          20.0 |              3.0 |    2321.9521484375 |    0.6456542611122131 |    347344.375 | 333.0 | 666.0 |
          20.0 |              3.0 |    2324.0419921875 |    0.5248074531555176 |      347383.5 | 333.0 | 666.0 |
          20.0 |              3.0 |   2330.10205078125 |    0.0660693496465683 |     324110.25 | 333.0 | 666.0 |
          20.0 |              3.0 |  2335.842041015625 |    0.3981071710586548 |   350741.1875 | 333.0 | 666.0 |
          20.0 |              3.0 |      2339.37109375 |    0.5370317697525024 |   350805.3125 | 333.0 | 666.0 |
          20.0 |              3.0 |  2342.262939453125 |   0.25118863582611084 |  347758.21875 | 333.0 | 666.0 |
          20.0 |              3.0 |  2344.513916015625 |   0.30902954936027527 |  350900.03125 | 333.0 | 666.0 |
          20.0 |              3.0 |  2352.072998046875 |    0.1023292988538742 |   281139.5625 | 333.0 | 666.0 |
          20.0 |              3.0 |   2356.06494140625 |    0.3890451490879059 |    348028.125 | 333.0 | 666.0 |
          20.0 |              3.0 |   2357.35302734375 |    0.4897788166999817 |    348051.875 | 333.0 | 666.0 |
          20.0 |              3.0 |   2360.40087890625 |  0.010964781045913696 |  324660.46875 | 333.0 | 666.0 |
          20.0 |              3.0 |  2360.547119140625 |   0.00933254323899746 |      328091.0 | 333.0 | 666.0 |
          20.0 |              3.0 |  2388.677978515625 |   0.05623413249850273 |   281139.5625 | 333.0 | 666.0 |
          20.0 |              3.0 |   2393.89306640625 |    0.5495408773422241 |     281882.25 | 333.0 | 666.0 |
          20.0 |              3.0 |  2408.259033203125 |   0.03388441354036331 |   281139.5625 | 333.0 | 666.0 |
          20.0 |              3.0 |  2431.820068359375 |   0.13182567059993744 |     281882.25 | 333.0 | 666.0 |
          20.0 |              3.0 |     2443.291015625 |    0.1412537395954132 |  282075.15625 | 333.0 | 666.0 |
          20.0 |              3.0 |       2471.0390625 |   0.24547088146209717 |   290934.3125 | 333.0 | 666.0 |
          20.0 |              3.0 |    2473.2880859375 |     0.117489755153656 |   282571.4375 | 333.0 | 666.0 |
          20.0 |              3.0 |   2494.26904296875 |     0.117489755153656 |   282571.4375 | 333.0 | 666.0 |
          20.0 |              3.0 |  2498.489013671875 |   0.19498446583747864 |   242547.1875 | 333.0 | 666.0 |
          20.0 |              3.0 |  2542.260986328125 |    0.3548133969306946 |   242547.1875 | 333.0 | 666.0 |
          20.0 |              3.0 |  2587.927001953125 |   0.05888436362147331 |   243930.4375 | 333.0 | 666.0 |
          20.0 |              3.0 |   2591.18603515625 |   0.03715352714061737 |   242547.1875 | 333.0 | 666.0 |
          20.0 |              3.0 |   2621.59912109375 |    0.3162277638912201 |   243930.4375 | 333.0 | 666.0 |
          20.0 |              3.0 |  2634.924072265625 |    0.3890451490879059 |   243930.4375 | 333.0 | 666.0 |
          20.0 |              3.0 |        2656.171875 |    0.1412537395954132 |   290934.3125 | 333.0 | 666.0 |
          20.0 |              3.0 |   2687.52001953125 |   0.04168693721294403 |   243930.4375 | 333.0 | 666.0 |
          20.0 |              3.0 |   2688.56201171875 |    0.7762471437454224 |   242547.1875 | 333.0 | 666.0 |
          20.0 |              3.0 |    2705.6611328125 |    0.3467368483543396 |    245611.875 | 333.0 | 666.0 |
          20.0 |              3.0 |  2752.612060546875 |    0.5888436436653137 |   346732.1875 | 333.0 | 666.0 |
          20.0 |              3.0 |     2764.912109375 |    0.7762471437454224 |     346896.25 | 333.0 | 666.0 |
          20.0 |              3.0 |  2772.094970703125 |   0.10000000149011612 |   242547.1875 | 333.0 | 666.0 |
          20.0 |              3.0 |    2792.4130859375 |   0.20417378842830658 |   243930.4375 | 333.0 | 666.0 |
          20.0 |              3.0 |  2797.170166015625 |    1.9498445987701416 |    347344.375 | 333.0 | 666.0 |
          20.0 |              3.0 |   2798.02783203125 |    1.0964782238006592 |   347417.0625 | 333.0 | 666.0 |
          20.0 |              3.0 |       2800.2109375 |    1.6218100786209106 |      347383.5 | 333.0 | 666.0 |
          20.0 |              3.0 |    2814.7060546875 |    0.3388441503047943 |    245611.875 | 333.0 | 666.0 |
          20.0 |              3.0 |   2816.22021484375 |    1.2302688360214233 |   350741.1875 | 333.0 | 666.0 |
          20.0 |              3.0 |    2819.3701171875 |    1.2882494926452637 |  350779.46875 | 333.0 | 666.0 |
          20.0 |              3.0 |   2821.40283203125 |    1.6218100786209106 |   350805.3125 | 333.0 | 666.0 |
          20.0 |              3.0 |   2824.94677734375 |    0.7585775852203369 |  347758.21875 | 333.0 | 666.0 |
          20.0 |              3.0 |    2828.8330078125 |    0.9332543015480042 |  350900.03125 | 333.0 | 666.0 |
          20.0 |              3.0 |  2844.005126953125 |      1.17489755153656 |    348028.125 | 333.0 | 666.0 |
          20.0 |              3.0 |  2845.893798828125 |     1.479108452796936 |    348051.875 | 333.0 | 666.0 |
          20.0 |              3.0 |  2867.380126953125 |    0.3801894187927246 | 247696.390625 | 333.0 | 666.0 |
          20.0 |              3.0 |     2870.787109375 |    0.5248074531555176 |   242547.1875 | 333.0 | 666.0 |
          20.0 |              3.0 |     2882.626953125 |    0.6309573650360107 |   243930.4375 | 333.0 | 666.0 |
          20.0 |              3.0 |  2900.635009765625 |    2.2387211322784424 |   242547.1875 | 333.0 | 666.0 |
          20.0 |              3.0 |   2908.77001953125 |   0.02137962356209755 | 247696.390625 | 333.0 | 666.0 |
          20.0 |              3.0 |  2925.181884765625 |    0.8912509083747864 | 247696.390625 | 333.0 | 666.0 |
          20.0 |              3.0 |     2989.501953125 |    0.8994975686073303 |   243930.4375 | 333.0 | 666.0 |
          20.0 |              3.0 |   2990.14599609375 |    0.5011872053146362 | 247696.390625 | 333.0 | 666.0 |
          20.0 |              3.0 |  3029.468017578125 |    0.2137961983680725 |    245611.875 | 333.0 | 666.0 |
          20.0 |              3.0 |  3120.570068359375 |    0.6309573650360107 | 247696.390625 | 333.0 | 666.0 |
          20.0 |              3.0 |    3368.7529296875 |   0.03890451788902283 | 247696.390625 | 333.0 | 666.0 |
          20.0 |              3.0 |   3373.64013671875 |    0.5754399299621582 |   242547.1875 | 333.0 | 666.0 |
          20.0 |              3.0 |         3538.78125 |   0.19952623546123505 |   243930.4375 | 333.0 | 666.0 |
          20.0 |              3.0 |  3762.677001953125 |    0.0537031814455986 |    245611.875 | 333.0 | 666.0 |
          20.0 |              3.0 |   3931.98291015625 |    0.1412537395954132 |  325467.65625 | 333.0 | 666.0 |
          20.0 |              3.0 |   4039.64892578125 |    0.2137961983680725 |   323003.5625 | 333.0 | 666.0 |
          20.0 |              3.0 |  4072.511962890625 |   0.13489629328250885 |   326186.3125 | 333.0 | 666.0 |
          20.0 |              3.0 |      4082.91796875 |   0.01348962914198637 | 247696.390625 | 333.0 | 666.0 |
          20.0 |              3.0 |       4137.4140625 |    3.5481340885162354 |   346732.1875 | 333.0 | 666.0 |
          20.0 |              3.0 |    4138.2509765625 |    0.4570881724357605 |     346896.25 | 333.0 | 666.0 |
          20.0 |              3.0 |   4148.85302734375 |   0.04786300286650658 |   323655.0625 | 333.0 | 666.0 |
          20.0 |              3.0 |   4154.73583984375 |    1.0232930183410645 |  322663.28125 | 333.0 | 666.0 |
          20.0 |              3.0 |   4165.48388671875 |     4.786301136016846 |     346896.25 | 333.0 | 666.0 |
          20.0 |              3.0 |    4176.8291015625 |    0.8709635734558105 |     324110.25 | 333.0 | 666.0 |
          20.0 |              3.0 |    4185.3798828125 |    1.9054607152938843 |   323003.5625 | 333.0 | 666.0 |
          20.0 |              3.0 |    4205.7958984375 |    0.8511380553245544 |    347344.375 | 333.0 | 666.0 |
          20.0 |              3.0 |     4208.419921875 |     3.801893711090088 |   323655.0625 | 333.0 | 666.0 |
          20.0 |              3.0 |     4212.794921875 |    0.7413102388381958 |      347383.5 | 333.0 | 666.0 |
          20.0 |              3.0 |    4214.3310546875 |    0.8912509083747864 |   323003.5625 | 333.0 | 666.0 |
          20.0 |              3.0 |      4229.33984375 |     7.079458236694336 |   347417.0625 | 333.0 | 666.0 |
          20.0 |              3.0 |    4234.9287109375 |    12.302688598632812 |    347344.375 | 333.0 | 666.0 |
          20.0 |              3.0 |   4241.93603515625 |    10.232929229736328 |      347383.5 | 333.0 | 666.0 |
          20.0 |              3.0 |      4257.82421875 |    0.8128305077552795 |   347417.0625 | 333.0 | 666.0 |
          20.0 |              3.0 |   4273.09814453125 |     7.762470722198486 |   350741.1875 | 333.0 | 666.0 |
          20.0 |              3.0 |     4275.083984375 |    0.5248074531555176 |  324660.46875 | 333.0 | 666.0 |
          20.0 |              3.0 |    4279.4130859375 |    0.8709635734558105 |  324660.46875 | 333.0 | 666.0 |
          20.0 |              3.0 |         4280.09375 |   0.19952623546123505 |  350779.46875 | 333.0 | 666.0 |
          20.0 |              3.0 |   4280.92724609375 |     8.317638397216797 |  350779.46875 | 333.0 | 666.0 |
          20.0 |              3.0 |   4284.77587890625 |    0.2818382978439331 |   350805.3125 | 333.0 | 666.0 |
          20.0 |              3.0 |         4285.59375 |    10.471284866333008 |   350805.3125 | 333.0 | 666.0 |
          20.0 |              3.0 |   4291.27587890625 |     4.897788047790527 |  347758.21875 | 333.0 | 666.0 |
          20.0 |              3.0 |   4296.77880859375 |    0.2238721251487732 |     324110.25 | 333.0 | 666.0 |
          20.0 |              3.0 |      4302.21484375 |     6.025595664978027 |  350900.03125 | 333.0 | 666.0 |
          20.0 |              3.0 |    4302.7041015625 |    0.9549925923347473 |   323655.0625 | 333.0 | 666.0 |
          20.0 |              3.0 |   4304.01416015625 |     8.128305435180664 |     324110.25 | 333.0 | 666.0 |
          20.0 |              3.0 |    4329.4423828125 |   0.04786300286650658 |  324660.46875 | 333.0 | 666.0 |
          20.0 |              3.0 |   4330.40185546875 |     7.585775852203369 |    348028.125 | 333.0 | 666.0 |
          20.0 |              3.0 |     4333.283203125 |   0.08128304779529572 |   323655.0625 | 333.0 | 666.0 |
          20.0 |              3.0 |   4334.78466796875 |     9.772372245788574 |    348051.875 | 333.0 | 666.0 |
          20.0 |              3.0 |   4341.56298828125 |    0.8709635734558105 |    348028.125 | 333.0 | 666.0 |
          20.0 |              3.0 |    4346.0380859375 |    1.1220184564590454 |    348051.875 | 333.0 | 666.0 |
          20.0 |              3.0 |   4359.60400390625 |    1.6595869064331055 |    327962.125 | 333.0 | 666.0 |
          20.0 |              3.0 |   4384.22802734375 |   0.12302687019109726 |      328091.0 | 333.0 | 666.0 |
          20.0 |              3.0 |    4394.3427734375 |   0.08912510424852371 |  324660.46875 | 333.0 | 666.0 |
          20.0 |              3.0 |     4400.830078125 |     5.248075008392334 |  324660.46875 | 333.0 | 666.0 |
          20.0 |              3.0 |   4407.52880859375 |    4.4668354988098145 |      328091.0 | 333.0 | 666.0 |
          20.0 |              3.0 |    4432.5419921875 |     3.890451192855835 |  325467.65625 | 333.0 | 666.0 |
          20.0 |              3.0 |   4485.65380859375 |    0.3235936462879181 |  328606.78125 | 333.0 | 666.0 |
          20.0 |              3.0 |    4486.2080078125 |    0.5495408773422241 |  325467.65625 | 333.0 | 666.0 |
          20.0 |              3.0 |   4497.22412109375 |   0.03467368334531784 |  324660.46875 | 333.0 | 666.0 |
          20.0 |              3.0 |   4501.14599609375 |     6.165950298309326 |     328588.75 | 333.0 | 666.0 |
          20.0 |              3.0 |   4506.39501953125 |   0.23442287743091583 |     328588.75 | 333.0 | 666.0 |
          20.0 |              3.0 |    4514.1767578125 |    0.2137961983680725 |     328588.75 | 333.0 | 666.0 |
          20.0 |              3.0 |   4517.85205078125 |    4.2657952308654785 |  328606.78125 | 333.0 | 666.0 |
          20.0 |              3.0 |   4554.57080078125 |    0.7585775852203369 |  339198.09375 | 333.0 | 666.0 |
          20.0 |              3.0 |    4573.4052734375 |     5.128613471984863 |   326186.3125 | 333.0 | 666.0 |
          20.0 |              3.0 |   4630.78173828125 |   0.03630780056118965 |  322663.28125 | 333.0 | 666.0 |
          20.0 |              3.0 |     4634.166015625 |    0.5754399299621582 |  343784.96875 | 333.0 | 666.0 |
          20.0 |              3.0 |   4710.14697265625 |    0.8128305077552795 |   326186.3125 | 333.0 | 666.0 |
          20.0 |              3.0 |     4717.587890625 |    0.8317638039588928 |   326186.3125 | 333.0 | 666.0 |
          20.0 |              3.0 |      4728.95703125 |  0.043651580810546875 |   323003.5625 | 333.0 | 666.0 |
          20.0 |              3.0 |     4738.005859375 |    0.5754399299621582 |  344257.90625 | 333.0 | 666.0 |
          20.0 |              3.0 |    4828.6123046875 |   0.07079458236694336 |   326186.3125 | 333.0 | 666.0 |
          20.0 |              3.0 |    4853.2841796875 |    1.0232930183410645 |  340748.71875 | 333.0 | 666.0 |
          20.0 |              3.0 |   4860.52392578125 |    1.9498445987701416 |  340580.15625 | 333.0 | 666.0 |
          20.0 |              3.0 |   4891.19189453125 |    0.4168694019317627 |  343784.96875 | 333.0 | 666.0 |
          20.0 |              3.0 |   4900.67431640625 |   0.37153521180152893 |  340748.71875 | 333.0 | 666.0 |
          20.0 |              3.0 |   4920.63916015625 |     1.479108452796936 |  339198.09375 | 333.0 | 666.0 |
          20.0 |              3.0 |   4951.90869140625 |    1.3489629030227661 |   344149.8125 | 333.0 | 666.0 |
          20.0 |              3.0 |   5010.34228515625 |    1.5488165616989136 |  339198.09375 | 333.0 | 666.0 |
          20.0 |              3.0 |      5048.32421875 |    1.0964782238006592 |  340580.15625 | 333.0 | 666.0 |
          20.0 |              3.0 |   5051.47900390625 |    0.9332543015480042 |    327962.125 | 333.0 | 666.0 |
          20.0 |              3.0 |    5065.1337890625 |    0.6456542611122131 |  339198.09375 | 333.0 | 666.0 |
          20.0 |              3.0 |   5084.59423828125 |   0.16982437670230865 |      328091.0 | 333.0 | 666.0 |
          20.0 |              3.0 |   5114.40478515625 |    0.6165950298309326 |  341601.46875 | 333.0 | 666.0 |
          20.0 |              3.0 |   5139.16064453125 |    1.4125375747680664 |  340748.71875 | 333.0 | 666.0 |
          20.0 |              3.0 |      5202.80078125 |    0.8317638039588928 |  340580.15625 | 333.0 | 666.0 |
          20.0 |              3.0 |   5233.27099609375 |    3.7153522968292236 |  343784.96875 | 333.0 | 666.0 |
          20.0 |              3.0 |     5248.833984375 |     5.128613471984863 |  340748.71875 | 333.0 | 666.0 |
          20.0 |              3.0 |   5273.44775390625 |     7.585775852203369 |  340580.15625 | 333.0 | 666.0 |
          20.0 |              3.0 |   5299.00341796875 |    0.4897788166999817 |   344149.8125 | 333.0 | 666.0 |
          20.0 |              3.0 |    5302.7958984375 |    2.7542285919189453 |   341349.1875 | 333.0 | 666.0 |
          20.0 |              3.0 |   5322.76806640625 |     4.677351474761963 |  341601.46875 | 333.0 | 666.0 |
          20.0 |              3.0 |     5327.634765625 |   0.10000000149011612 |    327962.125 | 333.0 | 666.0 |
          20.0 |              3.0 |   5329.54541015625 |    3.4673686027526855 |  344257.90625 | 333.0 | 666.0 |
          20.0 |              3.0 |   5335.13623046875 |    0.4677351415157318 |   344149.8125 | 333.0 | 666.0 |
          20.0 |              3.0 |    5352.2177734375 |    0.7244359850883484 |     343110.25 | 333.0 | 666.0 |
          20.0 |              3.0 |    5355.7255859375 |    0.9549925923347473 |  346692.34375 | 333.0 | 666.0 |
          20.0 |              3.0 |      5376.96484375 |   0.15848931670188904 |   323003.5625 | 333.0 | 666.0 |
          20.0 |              3.0 |     5481.533203125 |    0.8128305077552795 |     343110.25 | 333.0 | 666.0 |
          20.0 |              3.0 |     5503.158203125 |    0.2818382978439331 |   341349.1875 | 333.0 | 666.0 |
          20.0 |              3.0 |    5521.8369140625 |   0.17378008365631104 |   328582.4375 | 333.0 | 666.0 |
          20.0 |              3.0 |    5572.1298828125 |     0.676082968711853 |   323655.0625 | 333.0 | 666.0 |
          20.0 |              3.0 |   5580.60791015625 |    2.1379621028900146 |  341601.46875 | 333.0 | 666.0 |
          20.0 |              3.0 |       5615.5546875 |    0.1412537395954132 |   341349.1875 | 333.0 | 666.0 |
          20.0 |              3.0 |      5651.58203125 |   0.09120108932256699 |   323655.0625 | 333.0 | 666.0 |
          20.0 |              3.0 |   5665.15380859375 |    0.5888436436653137 |  346692.34375 | 333.0 | 666.0 |
          20.0 |              3.0 |   5696.22607421875 |    0.4897788166999817 |  341601.46875 | 333.0 | 666.0 |
          20.0 |              3.0 |        5850.109375 |   0.04265795275568962 |   323655.0625 | 333.0 | 666.0 |
          20.0 |              3.0 |     6047.826171875 |    0.2187761515378952 |  322663.28125 | 333.0 | 666.0 |
          20.0 |              3.0 |    6071.6591796875 |    2.5703957080841064 |     324110.25 | 333.0 | 666.0 |
          20.0 |              3.0 |       6121.8046875 |   0.24547088146209717 |    327922.875 | 333.0 | 666.0 |
          20.0 |              3.0 |    6174.9248046875 |    0.5248074531555176 |   323003.5625 | 333.0 | 666.0 |
          20.0 |              3.0 |    6215.6982421875 |    1.5848932266235352 |  324660.46875 | 333.0 | 666.0 |
          20.0 |              3.0 |    6227.1005859375 |    0.1412537395954132 |      328091.0 | 333.0 | 666.0 |
          20.0 |              3.0 |    6281.5224609375 |   0.30902954936027527 |  324660.46875 | 333.0 | 666.0 |
          20.0 |              3.0 |    6296.6259765625 |    0.8317638039588928 |  325467.65625 | 333.0 | 666.0 |
          20.0 |              3.0 |    6371.8740234375 |    1.1220184564590454 |      328091.0 | 333.0 | 666.0 |
          20.0 |              3.0 |     6389.318359375 |    0.9332543015480042 |  328606.78125 | 333.0 | 666.0 |
          20.0 |              3.0 |   6426.28466796875 |    1.9054607152938843 |     328588.75 | 333.0 | 666.0 |
          20.0 |              3.0 |    6433.7490234375 |    0.4897788166999817 |   323655.0625 | 333.0 | 666.0 |
          20.0 |              3.0 |    6487.1396484375 |     1.479108452796936 |   326186.3125 | 333.0 | 666.0 |
          20.0 |              3.0 |     6540.583984375 |    0.6165950298309326 |   331403.1875 | 333.0 | 666.0 |
          20.0 |              3.0 |      6544.04296875 |   0.40738028287887573 |  325467.65625 | 333.0 | 666.0 |
          20.0 |              3.0 |     6601.470703125 |    0.5888436436653137 |    327962.125 | 333.0 | 666.0 |
          20.0 |              3.0 |   6867.01416015625 |    0.1412537395954132 |   326186.3125 | 333.0 | 666.0 |
          20.0 |              3.0 |    6883.3740234375 |    0.2570396065711975 |   328582.4375 | 333.0 | 666.0 |
          20.0 |              3.0 |        6947.421875 |     0.301995187997818 |   326186.3125 | 333.0 | 666.0 |
          20.0 |              3.0 |     7066.669921875 |    0.7413102388381958 |    336749.125 | 333.0 | 666.0 |
          20.0 |              3.0 |    7310.7001953125 |    1.3489629030227661 |    327922.875 | 333.0 | 666.0 |
          20.0 |              3.0 |    7448.0498046875 |   0.16218100488185883 |    327922.875 | 333.0 | 666.0 |
          20.0 |              3.0 |     7570.580078125 |    0.6456542611122131 |    331048.875 | 333.0 | 666.0 |
          20.0 |              3.0 |      7681.08984375 |    0.7079457640647888 |   328582.4375 | 333.0 | 666.0 |
          20.0 |              3.0 |             7695.5 |    0.3388441503047943 |  328606.78125 | 333.0 | 666.0 |
          20.0 |              3.0 |   7779.27978515625 |    0.6309573650360107 |   331403.1875 | 333.0 | 666.0 |
          20.0 |              3.0 |     7796.740234375 |    0.6918309926986694 |    327922.875 | 333.0 | 666.0 |
          20.0 |              3.0 |   7820.72021484375 |   0.23442287743091583 |    327962.125 | 333.0 | 666.0 |
          20.0 |              3.0 |    7832.8603515625 |    1.3803843259811401 |   328582.4375 | 333.0 | 666.0 |
          20.0 |              3.0 |    7845.2197265625 |     2.344228744506836 |   331403.1875 | 333.0 | 666.0 |
          20.0 |              3.0 |   7851.69970703125 |    0.7413102388381958 |    331048.875 | 333.0 | 666.0 |
          20.0 |              3.0 |    7900.6298828125 |     3.388441324234009 |    327922.875 | 333.0 | 666.0 |
          20.0 |              3.0 |    7995.7705078125 |    1.0715192556381226 |  358940.90625 | 333.0 | 666.0 |
          20.0 |              3.0 |   8053.43994140625 |      1.17489755153656 |      347383.5 | 333.0 | 666.0 |
          20.0 |              3.0 |   8076.43017578125 |    0.6165950298309326 |   331403.1875 | 333.0 | 666.0 |
          20.0 |              3.0 |    8105.8798828125 |    1.1220184564590454 |    348051.875 | 333.0 | 666.0 |
          20.0 |              3.0 |   8121.22021484375 |    1.3489629030227661 |   350805.3125 | 333.0 | 666.0 |
          20.0 |              3.0 |   8143.30029296875 |    0.9549925923347473 |   350741.1875 | 333.0 | 666.0 |
          20.0 |              3.0 |    8156.3095703125 |    0.3630780577659607 |     346896.25 | 333.0 | 666.0 |
          20.0 |              3.0 |      8197.58984375 |    1.6595869064331055 |    347344.375 | 333.0 | 666.0 |
          20.0 |              3.0 |    8210.8701171875 |    0.8709635734558105 |    348028.125 | 333.0 | 666.0 |
          20.0 |              3.0 |    8219.4599609375 |    1.4454398155212402 |   328582.4375 | 333.0 | 666.0 |
          20.0 |              3.0 |    8254.9599609375 |    0.6998419761657715 |  350779.46875 | 333.0 | 666.0 |
          20.0 |              3.0 |    8262.1005859375 |    0.7762471437454224 |   347417.0625 | 333.0 | 666.0 |
          20.0 |              3.0 |      8507.83984375 |      1.17489755153656 |  359520.59375 | 333.0 | 666.0 |
          20.0 |              3.0 |    8635.1396484375 |   0.07943282276391983 |    279353.625 | 333.0 | 666.0 |
          20.0 |              3.0 |       9208.9296875 |     6.165950298309326 |  363021.28125 | 333.0 | 666.0 |
          20.0 |              3.0 |    9435.1201171875 |    11.748976707458496 |  359543.09375 | 333.0 | 666.0 |
          20.0 |              3.0 |     9641.439453125 |     8.511380195617676 |   359800.5625 | 333.0 | 666.0 |
%NIST