 Atomic Number | Ionization State | Wavelength (Ang.) |  g_i*f_ik | E_i(cm^-1) |    i |    j |
          20.0 |              8.0 |         23218.018 | 2.323e-07 |        0.0 |  1.0 |  2.0 |
          20.0 |              8.0 |            770.28 | 0.0002389 |        0.0 |  1.0 |  3.0 |
          20.0 |              8.0 |           796.711 | 0.0001442 |     4307.0 |  2.0 |  3.0 |
          20.0 |              8.0 |           761.018 | 8.559e-06 |        0.0 |  1.0 |  4.0 |
          20.0 |              8.0 |           786.807 | 0.0001578 |     4307.0 |  2.0 |  4.0 |
          20.0 |              8.0 |           772.457 | 0.0006417 |     4307.0 |  2.0 |  5.0 |
          20.0 |              8.0 |           582.832 |    0.1472 |        0.0 |  1.0 |  6.0 |
          20.0 |              8.0 |           597.839 |    0.0171 |     4307.0 |  2.0 |  6.0 |
          20.0 |              8.0 |           596.926 |    0.2389 |     4307.0 |  2.0 |  7.0 |
          20.0 |              8.0 |           461.708 |    0.2579 |        0.0 |  1.0 |  8.0 |
          20.0 |              8.0 |           471.076 |     0.189 |     4307.0 |  2.0 |  8.0 |
          20.0 |              8.0 |            432.87 |    0.6611 |        0.0 |  1.0 |  9.0 |
          20.0 |              8.0 |           441.094 |    0.4833 |     4307.0 |  2.0 |  9.0 |
          20.0 |              8.0 |           428.097 |    0.3979 |        0.0 |  1.0 | 10.0 |
          20.0 |              8.0 |           436.138 |     1.931 |     4307.0 |  2.0 | 10.0 |
          20.0 |              8.0 |           354.167 |     1.529 |        0.0 |  1.0 | 11.0 |
          20.0 |              8.0 |           359.653 |    0.3266 |     4307.0 |  2.0 | 11.0 |
          20.0 |              8.0 |           359.367 |     2.741 |     4307.0 |  2.0 | 12.0 |
          20.0 |              8.0 |           485.369 | 0.0002696 |   129823.0 |  3.0 | 13.0 |
          20.0 |              8.0 |            489.12 | 1.109e-05 |   131403.0 |  4.0 | 13.0 |
          20.0 |              8.0 |           494.834 | 0.0008434 |   133764.0 |  5.0 | 13.0 |
          20.0 |              8.0 |           608.732 |    0.2437 |   171576.0 |  6.0 | 13.0 |
          20.0 |              8.0 |           609.682 |   0.05005 |   171832.0 |  7.0 | 13.0 |
          20.0 |              8.0 |           838.469 |   0.00634 |   216587.0 |  8.0 | 13.0 |
          20.0 |              8.0 |           953.871 |    0.1168 |   231016.0 |  9.0 | 13.0 |
          20.0 |              8.0 |           977.899 |   0.01587 |   233592.0 | 10.0 | 13.0 |
          20.0 |              8.0 |          1869.194 |  0.005893 |   282353.0 | 11.0 | 13.0 |
          20.0 |              8.0 |          1876.947 | 0.0006663 |   282574.0 | 12.0 | 13.0 |
          20.0 |              8.0 |           488.038 | 3.863e-05 |   131403.0 |  4.0 | 14.0 |
          20.0 |              8.0 |           493.727 | 0.0009699 |   133764.0 |  5.0 | 14.0 |
          20.0 |              8.0 |           607.058 |   0.03301 |   171576.0 |  6.0 | 14.0 |
          20.0 |              8.0 |           608.003 |    0.4182 |   171832.0 |  7.0 | 14.0 |
          20.0 |              8.0 |           973.587 |    0.1989 |   233592.0 | 10.0 | 14.0 |
          20.0 |              8.0 |          1853.499 | 0.0005902 |   282353.0 | 11.0 | 14.0 |
          20.0 |              8.0 |          1861.123 |  0.009118 |   282574.0 | 12.0 | 14.0 |
          20.0 |              8.0 |           462.595 |    0.4066 |   129823.0 |  3.0 | 15.0 |
          20.0 |              8.0 |           466.001 |    0.8059 |   131403.0 |  4.0 | 15.0 |
          20.0 |              8.0 |           471.185 |     1.196 |   133764.0 |  5.0 | 15.0 |
          20.0 |              8.0 |           573.332 | 0.0002343 |   171576.0 |  6.0 | 15.0 |
          20.0 |              8.0 |           574.175 | 0.0001126 |   171832.0 |  7.0 | 15.0 |
          20.0 |              8.0 |            772.75 | 0.0002135 |   216587.0 |  8.0 | 15.0 |
          20.0 |              8.0 |           889.656 |  0.001633 |   233592.0 | 10.0 | 15.0 |
          20.0 |              8.0 |           404.388 | 7.202e-05 |   129823.0 |  3.0 | 16.0 |
          20.0 |              8.0 |           406.989 | 0.0001001 |   131403.0 |  4.0 | 16.0 |
          20.0 |              8.0 |           486.538 |    0.4191 |   171576.0 |  6.0 | 16.0 |
          20.0 |              8.0 |           622.964 |   0.04572 |   216587.0 |  8.0 | 16.0 |
          20.0 |              8.0 |           684.491 |    0.1408 |   231016.0 |  9.0 | 16.0 |
          20.0 |              8.0 |           696.777 |   0.04989 |   233592.0 | 10.0 | 16.0 |
          20.0 |              8.0 |          1055.331 | 7.858e-05 |   282353.0 | 11.0 | 16.0 |
          20.0 |              8.0 |           404.179 |  0.001113 |   129823.0 |  3.0 | 17.0 |
          20.0 |              8.0 |           406.777 |  0.004318 |   131403.0 |  4.0 | 17.0 |
          20.0 |              8.0 |           410.721 |  0.001992 |   133764.0 |  5.0 | 17.0 |
          20.0 |              8.0 |           486.235 |   0.07636 |   171576.0 |  6.0 | 17.0 |
          20.0 |              8.0 |           486.841 |    0.7096 |   171832.0 |  7.0 | 17.0 |
          20.0 |              8.0 |           622.467 |    0.1621 |   216587.0 |  8.0 | 17.0 |
          20.0 |              8.0 |           683.892 |   0.02464 |   231016.0 |  9.0 | 17.0 |
          20.0 |              8.0 |           696.156 |    0.2823 |   233592.0 | 10.0 | 17.0 |
          20.0 |              8.0 |          1053.907 | 0.0003747 |   282353.0 | 11.0 | 17.0 |
          20.0 |              8.0 |          1056.368 |  8.59e-05 |   282574.0 | 12.0 | 17.0 |
          20.0 |              8.0 |            403.82 | 0.0005295 |   129823.0 |  3.0 | 18.0 |
          20.0 |              8.0 |           406.413 | 9.595e-05 |   131403.0 |  4.0 | 18.0 |
          20.0 |              8.0 |           410.351 | 0.0001882 |   133764.0 |  5.0 | 18.0 |
          20.0 |              8.0 |           485.715 |  0.007243 |   171576.0 |  6.0 | 18.0 |
          20.0 |              8.0 |            486.32 |   0.01568 |   171832.0 |  7.0 | 18.0 |
          20.0 |              8.0 |           621.616 |  0.004331 |   216587.0 |  8.0 | 18.0 |
          20.0 |              8.0 |           682.864 | 0.0004947 |   231016.0 |  9.0 | 18.0 |
          20.0 |              8.0 |           695.091 |  0.008013 |   233592.0 | 10.0 | 18.0 |
          20.0 |              8.0 |          1051.469 | 2.919e-05 |   282353.0 | 11.0 | 18.0 |
          20.0 |              8.0 |          1053.918 | 1.906e-05 |   282574.0 | 12.0 | 18.0 |
          20.0 |              8.0 |           404.942 |  0.001615 |   131403.0 |  4.0 | 19.0 |
          20.0 |              8.0 |           408.851 |  0.000759 |   133764.0 |  5.0 | 19.0 |
          20.0 |              8.0 |           483.615 | 2.819e-06 |   171576.0 |  6.0 | 19.0 |
          20.0 |              8.0 |           484.215 |  0.001219 |   171832.0 |  7.0 | 19.0 |
          20.0 |              8.0 |           690.799 | 7.954e-06 |   233592.0 | 10.0 | 19.0 |
          20.0 |              8.0 |          1041.678 | 0.0002544 |   282353.0 | 11.0 | 19.0 |
          20.0 |              8.0 |          1044.081 | 1.218e-05 |   282574.0 | 12.0 | 19.0 |
          20.0 |              8.0 |           406.732 |  0.003496 |   133764.0 |  5.0 | 20.0 |
          20.0 |              8.0 |           481.246 | 8.729e-05 |   171832.0 |  7.0 | 20.0 |
          20.0 |              8.0 |          1030.375 | 0.0003933 |   282574.0 | 12.0 | 20.0 |
          20.0 |              8.0 |           403.933 | 5.218e-10 |   133764.0 |  5.0 | 21.0 |
          20.0 |              8.0 |           477.332 | 1.821e-09 |   171832.0 |  7.0 | 21.0 |
          20.0 |              8.0 |          1012.597 | 3.391e-11 |   282574.0 | 12.0 | 21.0 |
          20.0 |              8.0 |           360.286 |     1.166 |   131403.0 |  4.0 | 22.0 |
          20.0 |              8.0 |           363.377 |     0.597 |   133764.0 |  5.0 | 22.0 |
          20.0 |              8.0 |           421.258 | 0.0006684 |   171576.0 |  6.0 | 22.0 |
          20.0 |              8.0 |           421.713 |    0.0134 |   171832.0 |  7.0 | 22.0 |
          20.0 |              8.0 |           570.229 | 0.0006681 |   233592.0 | 10.0 | 22.0 |
          20.0 |              8.0 |           789.846 | 8.675e-05 |   282353.0 | 11.0 | 22.0 |
          20.0 |              8.0 |           791.227 |  0.001376 |   282574.0 | 12.0 | 22.0 |
          20.0 |              8.0 |            356.92 |    0.9287 |   129823.0 |  3.0 | 23.0 |
          20.0 |              8.0 |           358.944 | 4.928e-05 |   131403.0 |  4.0 | 23.0 |
          20.0 |              8.0 |           362.012 |    0.2978 |   133764.0 |  5.0 | 23.0 |
          20.0 |              8.0 |           419.424 |  0.003546 |   171576.0 |  6.0 | 23.0 |
          20.0 |              8.0 |           419.875 | 7.268e-05 |   171832.0 |  7.0 | 23.0 |
          20.0 |              8.0 |           517.034 | 0.0001352 |   216587.0 |  8.0 | 23.0 |
          20.0 |              8.0 |           558.715 | 0.0001309 |   231016.0 |  9.0 | 23.0 |
          20.0 |              8.0 |           783.423 | 0.0003378 |   282353.0 | 11.0 | 23.0 |
          20.0 |              8.0 |           784.782 | 7.598e-05 |   282574.0 | 12.0 | 23.0 |
          20.0 |              8.0 |           355.706 |    0.3494 |   129823.0 |  3.0 | 24.0 |
          20.0 |              8.0 |           357.716 |      0.26 |   131403.0 |  4.0 | 24.0 |
          20.0 |              8.0 |           417.749 | 8.869e-05 |   171576.0 |  6.0 | 24.0 |
          20.0 |              8.0 |           514.491 | 4.225e-05 |   216587.0 |  8.0 | 24.0 |
          20.0 |              8.0 |           563.819 | 2.793e-05 |   233592.0 | 10.0 | 24.0 |
          20.0 |              8.0 |           777.599 | 7.942e-05 |   282353.0 | 11.0 | 24.0 |
          20.0 |              8.0 |           353.683 |     0.549 |   129823.0 |  3.0 | 25.0 |
          20.0 |              8.0 |           355.671 |    0.3701 |   131403.0 |  4.0 | 25.0 |
          20.0 |              8.0 |           414.962 | 9.226e-05 |   171576.0 |  6.0 | 25.0 |
          20.0 |              8.0 |           510.269 | 7.786e-05 |   216587.0 |  8.0 | 25.0 |
          20.0 |              8.0 |           767.996 | 0.0001736 |   282353.0 | 11.0 | 25.0 |
          20.0 |              8.0 |           352.986 |    0.3403 |   129823.0 |  3.0 | 26.0 |
          20.0 |              8.0 |           354.966 |     1.177 |   131403.0 |  4.0 | 26.0 |
          20.0 |              8.0 |           357.966 |    0.2988 |   133764.0 |  5.0 | 26.0 |
          20.0 |              8.0 |           414.003 | 0.0009122 |   171576.0 |  6.0 | 26.0 |
          20.0 |              8.0 |           414.442 | 0.0008065 |   171832.0 |  7.0 | 26.0 |
          20.0 |              8.0 |            508.82 | 6.283e-05 |   216587.0 |  8.0 | 26.0 |
          20.0 |              8.0 |           766.014 | 9.541e-05 |   282574.0 | 12.0 | 26.0 |
          20.0 |              8.0 |           354.492 |     1.339 |   131403.0 |  4.0 | 27.0 |
          20.0 |              8.0 |           357.484 |     1.438 |   133764.0 |  5.0 | 27.0 |
          20.0 |              8.0 |           413.358 | 0.0001701 |   171576.0 |  6.0 | 27.0 |
          20.0 |              8.0 |           413.796 |  0.002253 |   171832.0 |  7.0 | 27.0 |
          20.0 |              8.0 |           357.341 |     3.814 |   133764.0 |  5.0 | 28.0 |
          20.0 |              8.0 |           413.604 |  0.004483 |   171832.0 |  7.0 | 28.0 |
          20.0 |              8.0 |           763.155 | 0.0004666 |   282574.0 | 12.0 | 28.0 |
          20.0 |              8.0 |            342.22 |  0.009482 |   131403.0 |  4.0 | 29.0 |
          20.0 |              8.0 |           396.767 |    0.2114 |   171576.0 |  6.0 | 29.0 |
          20.0 |              8.0 |           397.171 |     2.503 |   171832.0 |  7.0 | 29.0 |
          20.0 |              8.0 |           526.258 |   0.08878 |   233592.0 | 10.0 | 29.0 |
          20.0 |              8.0 |           707.914 |   0.01216 |   282353.0 | 11.0 | 29.0 |
          20.0 |              8.0 |           709.024 |   0.09171 |   282574.0 | 12.0 | 29.0 |
          20.0 |              8.0 |           340.387 |  0.002825 |   129823.0 |  3.0 | 30.0 |
          20.0 |              8.0 |           342.228 |  0.001332 |   131403.0 |  4.0 | 30.0 |
          20.0 |              8.0 |           396.778 |      1.64 |   171576.0 |  6.0 | 30.0 |
          20.0 |              8.0 |           397.182 |     0.167 |   171832.0 |  7.0 | 30.0 |
          20.0 |              8.0 |           483.047 |  0.001527 |   216587.0 |  8.0 | 30.0 |
          20.0 |              8.0 |           519.238 |   0.05772 |   231016.0 |  9.0 | 30.0 |
          20.0 |              8.0 |           526.277 |   0.01648 |   233592.0 | 10.0 | 30.0 |
          20.0 |              8.0 |            707.95 |   0.06225 |   282353.0 | 11.0 | 30.0 |
          20.0 |              8.0 |           709.059 |  0.004706 |   282574.0 | 12.0 | 30.0 |
          20.0 |              8.0 |           319.854 | 0.0004658 |   131403.0 |  4.0 | 31.0 |
          20.0 |              8.0 |           322.287 | 0.0002222 |   133764.0 |  5.0 | 31.0 |
          20.0 |              8.0 |           367.013 |    0.9586 |   171576.0 |  6.0 | 31.0 |
          20.0 |              8.0 |           367.358 |   0.09787 |   171832.0 |  7.0 | 31.0 |
          20.0 |              8.0 |           618.456 |    0.2598 |   282353.0 | 11.0 | 31.0 |
          20.0 |              8.0 |           619.302 |   0.03011 |   282574.0 | 12.0 | 31.0 |
          20.0 |              8.0 |            318.78 |  0.003961 |   133764.0 |  5.0 | 32.0 |
          20.0 |              8.0 |           362.808 |       1.4 |   171832.0 |  7.0 | 32.0 |
          20.0 |              8.0 |            606.48 |    0.4092 |   282574.0 | 12.0 | 32.0 |
          20.0 |              8.0 |           282.423 |  0.001148 |   129823.0 |  3.0 | 33.0 |
          20.0 |              8.0 |           283.689 | 6.142e-05 |   131403.0 |  4.0 | 33.0 |
          20.0 |              8.0 |           285.602 | 5.359e-05 |   133764.0 |  5.0 | 33.0 |
          20.0 |              8.0 |            374.09 |     1.619 |   216587.0 |  8.0 | 33.0 |
          20.0 |              8.0 |           395.435 |    0.1075 |   231016.0 |  9.0 | 33.0 |
          20.0 |              8.0 |           399.505 |    0.6621 |   233592.0 | 10.0 | 33.0 |
          20.0 |              8.0 |           496.157 |   0.00554 |   282353.0 | 11.0 | 33.0 |
          20.0 |              8.0 |           496.702 |  0.002784 |   282574.0 | 12.0 | 33.0 |
          20.0 |              8.0 |           281.318 | 0.0002965 |   129823.0 |  3.0 | 34.0 |
          20.0 |              8.0 |           282.574 | 4.142e-05 |   131403.0 |  4.0 | 34.0 |
          20.0 |              8.0 |            318.76 | 0.0001468 |   171576.0 |  6.0 | 34.0 |
          20.0 |              8.0 |           372.155 |    0.6145 |   216587.0 |  8.0 | 34.0 |
          20.0 |              8.0 |           393.273 |    0.4152 |   231016.0 |  9.0 | 34.0 |
          20.0 |              8.0 |           397.298 |    0.1329 |   233592.0 | 10.0 | 34.0 |
          20.0 |              8.0 |           492.759 |  0.001508 |   282353.0 | 11.0 | 34.0 |
          20.0 |              8.0 |           283.738 |  0.002118 |   133764.0 |  5.0 | 35.0 |
          20.0 |              8.0 |           318.097 |     2.107 |   171832.0 |  7.0 | 35.0 |
          20.0 |              8.0 |           491.092 |     3.571 |   282574.0 | 12.0 | 35.0 |
          20.0 |              8.0 |           281.153 | 0.0001863 |   131403.0 |  4.0 | 36.0 |
          20.0 |              8.0 |           283.032 | 8.998e-05 |   133764.0 |  5.0 | 36.0 |
          20.0 |              8.0 |           316.952 |     1.468 |   171576.0 |  6.0 | 36.0 |
          20.0 |              8.0 |            317.21 |   0.09708 |   171832.0 |  7.0 | 36.0 |
          20.0 |              8.0 |           394.494 |   0.00209 |   233592.0 | 10.0 | 36.0 |
          20.0 |              8.0 |           488.453 |     2.555 |   282353.0 | 11.0 | 36.0 |
          20.0 |              8.0 |           488.981 |    0.1567 |   282574.0 | 12.0 | 36.0 |
          20.0 |              8.0 |           302.672 |  0.004298 |   171576.0 |  6.0 | 37.0 |
          20.0 |              8.0 |            350.41 |     0.223 |   216587.0 |  8.0 | 37.0 |
          20.0 |              8.0 |            369.07 |    0.3083 |   231016.0 |  9.0 | 37.0 |
          20.0 |              8.0 |           372.613 |    0.2036 |   233592.0 | 10.0 | 37.0 |
          20.0 |              8.0 |           455.344 |    0.9747 |   282353.0 | 11.0 | 37.0 |
          20.0 |              8.0 |           269.691 | 1.935e-05 |   131403.0 |  4.0 | 38.0 |
          20.0 |              8.0 |           271.419 | 2.264e-05 |   133764.0 |  5.0 | 38.0 |
          20.0 |              8.0 |            302.46 |  0.001415 |   171576.0 |  6.0 | 38.0 |
          20.0 |              8.0 |           302.695 |   0.01186 |   171832.0 |  7.0 | 38.0 |
          20.0 |              8.0 |           350.127 |     0.264 |   216587.0 |  8.0 | 38.0 |
          20.0 |              8.0 |           368.756 |    0.4323 |   231016.0 |  9.0 | 38.0 |
          20.0 |              8.0 |           372.293 |    0.7007 |   233592.0 | 10.0 | 38.0 |
          20.0 |              8.0 |           454.866 |     0.111 |   282353.0 | 11.0 | 38.0 |
          20.0 |              8.0 |           455.324 |      1.86 |   282574.0 | 12.0 | 38.0 |
          20.0 |              8.0 |           265.783 | 1.976e-05 |   129823.0 |  3.0 | 39.0 |
          20.0 |              8.0 |           266.904 | 6.317e-05 |   131403.0 |  4.0 | 39.0 |
          20.0 |              8.0 |           298.959 |  0.002722 |   171576.0 |  6.0 | 39.0 |
          20.0 |              8.0 |           345.443 |   0.03301 |   216587.0 |  8.0 | 39.0 |
          20.0 |              8.0 |           363.565 |     2.005 |   231016.0 |  9.0 | 39.0 |
          20.0 |              8.0 |           367.002 |    0.7033 |   233592.0 | 10.0 | 39.0 |
          20.0 |              8.0 |           446.993 |     1.201 |   282353.0 | 11.0 | 39.0 |
          20.0 |              8.0 |           447.435 |    0.0379 |   282574.0 | 12.0 | 39.0 |
          20.0 |              8.0 |           266.486 |  0.000137 |   131403.0 |  4.0 | 40.0 |
          20.0 |              8.0 |           268.173 | 0.0001499 |   133764.0 |  5.0 | 40.0 |
          20.0 |              8.0 |           298.663 | 0.0002152 |   171832.0 |  7.0 | 40.0 |
          20.0 |              8.0 |           366.213 |     4.156 |   233592.0 | 10.0 | 40.0 |
          20.0 |              8.0 |           445.824 |   0.08771 |   282353.0 | 11.0 | 40.0 |
          20.0 |              8.0 |           446.263 |     1.724 |   282574.0 | 12.0 | 40.0 |
%CHIANTI