 Atomic Number | Ionization State | Wavelength (Ang.) |  g_i*f_ik | E_i(cm^-1) |    i |    j |
          20.0 |             13.0 |          4087.472 |       0.0 |        0.0 |  1.0 |  2.0 |
          20.0 |             13.0 |          3462.604 |       0.0 |        0.0 |  1.0 |  3.0 |
          20.0 |             13.0 |         22650.057 |       0.0 |    24465.0 |  2.0 |  3.0 |
          20.0 |             13.0 |          1133.756 |       0.0 |        0.0 |  1.0 |  4.0 |
          20.0 |             13.0 |          1568.938 |       0.0 |    24465.0 |  2.0 |  4.0 |
          20.0 |             13.0 |           559.849 |       0.0 |        0.0 |  1.0 |  5.0 |
          20.0 |             13.0 |             648.7 |       0.0 |    24465.0 |  2.0 |  5.0 |
          20.0 |             13.0 |          1105.986 |       0.0 |    88202.4 |  4.0 |  5.0 |
          20.0 |             13.0 |           161.739 |    0.4023 |        0.0 |  1.0 |  6.0 |
          20.0 |             13.0 |           168.403 |    0.1319 |    24465.0 |  2.0 |  6.0 |
          20.0 |             13.0 |           188.652 |  0.009714 |    88202.4 |  4.0 |  6.0 |
          20.0 |             13.0 |           156.674 |    0.1448 |        0.0 |  1.0 |  7.0 |
          20.0 |             13.0 |           162.919 |   0.08167 |    24465.0 |  2.0 |  7.0 |
          20.0 |             13.0 |             164.1 |    0.1058 |    28880.0 |  3.0 |  7.0 |
          20.0 |             13.0 |           181.797 | 0.0001178 |    88202.4 |  4.0 |  7.0 |
          20.0 |             13.0 |           217.558 |  0.001922 |  178619.47 |  5.0 |  7.0 |
          20.0 |             13.0 |           159.825 |    0.1118 |    24465.0 |  2.0 |  8.0 |
          20.0 |             13.0 |           117.606 |   0.01389 |        0.0 |  1.0 |  9.0 |
          20.0 |             13.0 |            121.09 |  0.000537 |    24465.0 |  2.0 |  9.0 |
          20.0 |             13.0 |           121.741 |  0.001147 |    28880.0 |  3.0 |  9.0 |
          20.0 |             13.0 |           131.217 |    0.6808 |    88202.4 |  4.0 |  9.0 |
          20.0 |             13.0 |           148.881 |     0.063 |  178619.47 |  5.0 |  9.0 |
          20.0 |             13.0 |           124.681 |  0.002263 |   638266.0 |  7.0 | 10.0 |
          20.0 |             13.0 |           169.488 |    0.3569 |   850299.0 |  9.0 | 10.0 |
          20.0 |             13.0 |             29.99 |  0.003004 |        0.0 |  1.0 | 11.0 |
          20.0 |             13.0 |           30.2117 | 0.0004537 |    24465.0 |  2.0 | 11.0 |
          20.0 |             13.0 |           30.8048 | 5.782e-07 |    88202.4 |  4.0 | 11.0 |
          20.0 |             13.0 |           29.6329 |    0.2367 |        0.0 |  1.0 | 12.0 |
          20.0 |             13.0 |           29.8493 |    0.1137 |    24465.0 |  2.0 | 12.0 |
          20.0 |             13.0 |           29.8887 |   0.04336 |    28880.0 |  3.0 | 12.0 |
          20.0 |             13.0 |           30.4282 |  0.001417 |    88202.4 |  4.0 | 12.0 |
          20.0 |             13.0 |           31.2891 | 9.377e-06 |  178619.47 |  5.0 | 12.0 |
          20.0 |             13.0 |            28.962 |  0.005461 |        0.0 |  1.0 | 13.0 |
          20.0 |             13.0 |           29.1687 |   0.07865 |    24465.0 |  2.0 | 13.0 |
          20.0 |             13.0 |           29.2063 |   0.04139 |    28880.0 |  3.0 | 13.0 |
          20.0 |             13.0 |           29.7212 |  0.006046 |    88202.4 |  4.0 | 13.0 |
          20.0 |             13.0 |            30.542 |  0.001918 |  178619.47 |  5.0 | 13.0 |
          20.0 |             13.0 |           28.9482 |    0.1197 |        0.0 |  1.0 | 14.0 |
          20.0 |             13.0 |           29.1546 |   0.08614 |    24465.0 |  2.0 | 14.0 |
          20.0 |             13.0 |           29.7067 |  0.005957 |    88202.4 |  4.0 | 14.0 |
          20.0 |             13.0 |            28.916 |    0.2745 |        0.0 |  1.0 | 15.0 |
          20.0 |             13.0 |           29.6728 |  0.008358 |    88202.4 |  4.0 | 15.0 |
          20.0 |             13.0 |           28.7804 |   0.01909 |        0.0 |  1.0 | 16.0 |
          20.0 |             13.0 |           28.9845 |   0.02382 |    24465.0 |  2.0 | 16.0 |
          20.0 |             13.0 |             29.53 |    0.4516 |    88202.4 |  4.0 | 16.0 |
          20.0 |             13.0 |           28.6291 |       0.0 |        0.0 |  1.0 | 17.0 |
          20.0 |             13.0 |           28.8357 |       0.0 |    24465.0 |  2.0 | 17.0 |
          20.0 |             13.0 |           34.9112 | 6.274e-05 |   618280.0 |  6.0 | 17.0 |
          20.0 |             13.0 |           35.1618 | 5.154e-05 |   638266.0 |  7.0 | 17.0 |
          20.0 |             13.0 |           35.3122 | 2.877e-05 |   650149.0 |  8.0 | 17.0 |
          20.0 |             13.0 |           38.1221 | 3.342e-07 |   850299.0 |  9.0 | 17.0 |
          20.0 |             13.0 |           622.934 |    0.3038 |  3334445.0 | 11.0 | 17.0 |
          20.0 |             13.0 |            837.74 |  0.002031 |  3374623.0 | 12.0 | 17.0 |
          20.0 |             13.0 |           28.6137 |       0.0 |        0.0 |  1.0 | 18.0 |
          20.0 |             13.0 |             28.82 |       0.0 |    24465.0 |  2.0 | 18.0 |
          20.0 |             13.0 |           28.8572 |       0.0 |    28880.0 |  3.0 | 18.0 |
          20.0 |             13.0 |           29.3869 |       0.0 |    88202.4 |  4.0 | 18.0 |
          20.0 |             13.0 |           34.8883 | 1.937e-05 |   618280.0 |  6.0 | 18.0 |
          20.0 |             13.0 |           35.1386 | 4.503e-05 |   638266.0 |  7.0 | 18.0 |
          20.0 |             13.0 |           38.0948 | 2.122e-06 |   850299.0 |  9.0 | 18.0 |
          20.0 |             13.0 |           615.719 |    0.5044 |  3334445.0 | 11.0 | 18.0 |
          20.0 |             13.0 |           824.742 |  0.008616 |  3374623.0 | 12.0 | 18.0 |
          20.0 |             13.0 |          2397.129 | 0.0001068 |  3454451.0 | 14.0 | 18.0 |
          20.0 |             13.0 |           28.5794 |       0.0 |        0.0 |  1.0 | 19.0 |
          20.0 |             13.0 |           28.7852 |       0.0 |    24465.0 |  2.0 | 19.0 |
          20.0 |             13.0 |           34.8373 | 6.649e-05 |   618280.0 |  6.0 | 19.0 |
          20.0 |             13.0 |           600.211 |    0.7406 |  3334445.0 | 11.0 | 19.0 |
          20.0 |             13.0 |           28.3081 |       0.0 |        0.0 |  1.0 | 20.0 |
          20.0 |             13.0 |             28.51 |       0.0 |    24465.0 |  2.0 | 20.0 |
          20.0 |             13.0 |           29.0646 |       0.0 |    88202.4 |  4.0 | 20.0 |
          20.0 |             13.0 |            34.435 | 0.0005405 |   618280.0 |  6.0 | 20.0 |
          20.0 |             13.0 |           34.6788 | 1.432e-05 |   638266.0 |  7.0 | 20.0 |
          20.0 |             13.0 |           34.8251 | 0.0001023 |   650149.0 |  8.0 | 20.0 |
          20.0 |             13.0 |           37.5551 | 5.688e-07 |   850299.0 |  9.0 | 20.0 |
          20.0 |             13.0 |           499.653 |   0.00361 |  3334445.0 | 11.0 | 20.0 |
          20.0 |             13.0 |           629.022 |    0.2708 |  3374623.0 | 12.0 | 20.0 |
          20.0 |             13.0 |          1243.024 |  0.006456 |  3452799.0 | 13.0 | 20.0 |
          20.0 |             13.0 |          1258.754 |  0.005077 |  3454451.0 | 14.0 | 20.0 |
          20.0 |             13.0 |          1787.413 |   0.00206 |  3474589.0 | 16.0 | 20.0 |
          20.0 |             13.0 |           28.6649 |   0.03746 |    24465.0 |  2.0 | 21.0 |
          20.0 |             13.0 |           28.2842 |       0.0 |        0.0 |  1.0 | 22.0 |
          20.0 |             13.0 |           28.4857 |       0.0 |    24465.0 |  2.0 | 22.0 |
          20.0 |             13.0 |           28.5221 |       0.0 |    28880.0 |  3.0 | 22.0 |
          20.0 |             13.0 |           29.0394 |       0.0 |    88202.4 |  4.0 | 22.0 |
          20.0 |             13.0 |           34.3996 | 0.0005968 |   618280.0 |  6.0 | 22.0 |
          20.0 |             13.0 |           34.6429 | 0.0004309 |   638266.0 |  7.0 | 22.0 |
          20.0 |             13.0 |           37.5129 | 5.095e-05 |   850299.0 |  9.0 | 22.0 |
          20.0 |             13.0 |           492.291 |   0.01572 |  3334445.0 | 11.0 | 22.0 |
          20.0 |             13.0 |           617.398 |    0.4374 |  3374623.0 | 12.0 | 22.0 |
          20.0 |             13.0 |          1198.436 |  0.001074 |  3452799.0 | 13.0 | 22.0 |
          20.0 |             13.0 |           1213.05 |   0.01163 |  3454451.0 | 14.0 | 22.0 |
          20.0 |             13.0 |           1318.79 |    0.0198 |  3458293.0 | 15.0 | 22.0 |
          20.0 |             13.0 |          1696.643 |  0.000154 |  3474589.0 | 16.0 | 22.0 |
          20.0 |             13.0 |           28.4365 |    0.0237 |        0.0 |  1.0 | 23.0 |
          20.0 |             13.0 |           28.6403 |   0.02107 |    24465.0 |  2.0 | 23.0 |
          20.0 |             13.0 |            28.677 |   0.06306 |    28880.0 |  3.0 | 23.0 |
          20.0 |             13.0 |              29.2 |   0.01455 |    88202.4 |  4.0 | 23.0 |
          20.0 |             13.0 |           29.9768 |  0.001323 |  178619.47 |  5.0 | 23.0 |
          20.0 |             13.0 |           28.2742 |       0.0 |        0.0 |  1.0 | 24.0 |
          20.0 |             13.0 |           29.0289 |       0.0 |    88202.4 |  4.0 | 24.0 |
          20.0 |             13.0 |           34.6279 | 0.0001162 |   638266.0 |  7.0 | 24.0 |
          20.0 |             13.0 |           37.4953 | 1.594e-05 |   850299.0 |  9.0 | 24.0 |
          20.0 |             13.0 |           612.681 |   0.09285 |  3374623.0 | 12.0 | 24.0 |
          20.0 |             13.0 |           1180.79 |  0.005082 |  3452799.0 | 13.0 | 24.0 |
          20.0 |             13.0 |          4952.527 | 0.0004547 |  3516601.5 | 23.0 | 24.0 |
          20.0 |             13.0 |           28.2349 |   0.05859 |        0.0 |  1.0 | 25.0 |
          20.0 |             13.0 |           28.4313 |   0.08967 |    24465.0 |  2.0 | 25.0 |
          20.0 |             13.0 |            28.956 |   0.07283 |    88202.4 |  4.0 | 25.0 |
          20.0 |             13.0 |           28.0523 |  0.001035 |        0.0 |  1.0 | 26.0 |
          20.0 |             13.0 |           28.2462 |  0.000151 |    24465.0 |  2.0 | 26.0 |
          20.0 |             13.0 |           28.2814 |  0.002604 |    28880.0 |  3.0 | 26.0 |
          20.0 |             13.0 |            28.764 |    0.1402 |    88202.4 |  4.0 | 26.0 |
          20.0 |             13.0 |           29.5321 |    0.1502 |  178619.47 |  5.0 | 26.0 |
          20.0 |             13.0 |           27.8321 |       0.0 |        0.0 |  1.0 | 27.0 |
          20.0 |             13.0 |           28.0272 |       0.0 |    24465.0 |  2.0 | 27.0 |
          20.0 |             13.0 |            28.563 |       0.0 |    88202.4 |  4.0 | 27.0 |
          20.0 |             13.0 |           33.7331 | 0.0002629 |   618280.0 |  6.0 | 27.0 |
          20.0 |             13.0 |           33.9671 |  0.000383 |   638266.0 |  7.0 | 27.0 |
          20.0 |             13.0 |           34.1074 | 0.0001299 |   650149.0 |  8.0 | 27.0 |
          20.0 |             13.0 |           36.7217 |  0.001188 |   850299.0 |  9.0 | 27.0 |
          20.0 |             13.0 |           455.785 |  0.002087 |  3374623.0 | 12.0 | 27.0 |
          20.0 |             13.0 |           709.857 |   0.09063 |  3452799.0 | 13.0 | 27.0 |
          20.0 |             13.0 |           714.959 |   0.08617 |  3454451.0 | 14.0 | 27.0 |
          20.0 |             13.0 |           859.319 |   0.05263 |  3474589.0 | 16.0 | 27.0 |
          20.0 |             13.0 |          1259.806 |   0.00265 |  3513600.2 | 21.0 | 27.0 |
          20.0 |             13.0 |           1309.31 | 0.0003101 |  3516601.5 | 23.0 | 27.0 |
          20.0 |             13.0 |          1500.149 |   0.00131 |  3541718.0 | 25.0 | 27.0 |
          20.0 |             13.0 |          1956.609 |  0.004136 |  3564769.0 | 26.0 | 27.0 |
          20.0 |             13.0 |           27.7387 |       0.0 |        0.0 |  1.0 | 28.0 |
          20.0 |             13.0 |           27.9325 |       0.0 |    24465.0 |  2.0 | 28.0 |
          20.0 |             13.0 |           27.9675 |       0.0 |    28880.0 |  3.0 | 28.0 |
          20.0 |             13.0 |           28.4647 |       0.0 |    88202.4 |  4.0 | 28.0 |
          20.0 |             13.0 |           29.2023 |       0.0 |  178619.47 |  5.0 | 28.0 |
          20.0 |             13.0 |           33.5961 | 9.904e-05 |   618280.0 |  6.0 | 28.0 |
          20.0 |             13.0 |           33.8281 | 0.0005428 |   638266.0 |  7.0 | 28.0 |
          20.0 |             13.0 |           36.5594 | 3.763e-05 |   850299.0 |  9.0 | 28.0 |
          20.0 |             13.0 |           366.763 | 5.374e-06 |  3334445.0 | 11.0 | 28.0 |
          20.0 |             13.0 |           431.977 |  0.001948 |  3374623.0 | 12.0 | 28.0 |
          20.0 |             13.0 |           653.741 |  0.003176 |  3452799.0 | 13.0 | 28.0 |
          20.0 |             13.0 |           658.066 |     0.368 |  3454451.0 | 14.0 | 28.0 |
          20.0 |             13.0 |            687.99 |   0.08119 |  3458293.0 | 15.0 | 28.0 |
          20.0 |             13.0 |            778.43 |  0.006108 |  3474589.0 | 16.0 | 28.0 |
          20.0 |             13.0 |          1130.346 |  0.008849 |  3516601.5 | 23.0 | 28.0 |
          20.0 |             13.0 |          1269.802 | 6.832e-05 |  3541718.0 | 25.0 | 28.0 |
          20.0 |             13.0 |          1582.247 | 0.0003827 |  3564769.0 | 26.0 | 28.0 |
          20.0 |             13.0 |           27.6848 |       0.0 |        0.0 |  1.0 | 29.0 |
          20.0 |             13.0 |           27.8779 |       0.0 |    24465.0 |  2.0 | 29.0 |
          20.0 |             13.0 |           28.4079 |       0.0 |    88202.4 |  4.0 | 29.0 |
          20.0 |             13.0 |            33.517 |   0.00113 |   618280.0 |  6.0 | 29.0 |
          20.0 |             13.0 |           357.553 | 0.0003542 |  3334445.0 | 11.0 | 29.0 |
          20.0 |             13.0 |           628.996 |   0.05284 |  3454451.0 | 14.0 | 29.0 |
          20.0 |             13.0 |           656.281 |    0.6101 |  3458293.0 | 15.0 | 29.0 |
          20.0 |             13.0 |           738.081 | 0.0006824 |  3474589.0 | 16.0 | 29.0 |
          20.0 |             13.0 |          1165.836 |  0.009455 |  3541718.0 | 25.0 | 29.0 |
          20.0 |             13.0 |           27.6522 |       0.0 |        0.0 |  1.0 | 30.0 |
          20.0 |             13.0 |           27.8448 |       0.0 |    24465.0 |  2.0 | 30.0 |
          20.0 |             13.0 |           27.8795 |       0.0 |    28880.0 |  3.0 | 30.0 |
          20.0 |             13.0 |           28.3735 |       0.0 |    88202.4 |  4.0 | 30.0 |
          20.0 |             13.0 |           29.1064 |       0.0 |  178619.47 |  5.0 | 30.0 |
          20.0 |             13.0 |           33.4692 | 0.0005252 |   618280.0 |  6.0 | 30.0 |
          20.0 |             13.0 |           33.6995 | 0.0006563 |   638266.0 |  7.0 | 30.0 |
          20.0 |             13.0 |           36.4092 | 0.0002994 |   850299.0 |  9.0 | 30.0 |
          20.0 |             13.0 |           352.186 | 1.333e-05 |  3334445.0 | 11.0 | 30.0 |
          20.0 |             13.0 |           411.897 |  0.002045 |  3374623.0 | 12.0 | 30.0 |
          20.0 |             13.0 |           608.825 |    0.5438 |  3452799.0 | 13.0 | 30.0 |
          20.0 |             13.0 |           612.574 | 3.217e-05 |  3454451.0 | 14.0 | 30.0 |
          20.0 |             13.0 |           638.423 |  0.003036 |  3458293.0 | 15.0 | 30.0 |
          20.0 |             13.0 |            715.57 |  0.002483 |  3474589.0 | 16.0 | 30.0 |
          20.0 |             13.0 |           1002.47 |  0.001789 |  3516601.5 | 23.0 | 30.0 |
          20.0 |             13.0 |          1110.648 | 0.0003413 |  3541718.0 | 25.0 | 30.0 |
          20.0 |             13.0 |          1342.528 |  8.49e-05 |  3564769.0 | 26.0 | 30.0 |
          20.0 |             13.0 |           27.6844 |       0.0 |        0.0 |  1.0 | 31.0 |
          20.0 |             13.0 |           27.8775 |       0.0 |    24465.0 |  2.0 | 31.0 |
          20.0 |             13.0 |           28.4075 |       0.0 |    88202.4 |  4.0 | 31.0 |
          20.0 |             13.0 |           33.5165 | 0.0003329 |   618280.0 |  6.0 | 31.0 |
          20.0 |             13.0 |           33.7474 | 1.734e-05 |   638266.0 |  7.0 | 31.0 |
          20.0 |             13.0 |            33.886 | 0.0002575 |   650149.0 |  8.0 | 31.0 |
          20.0 |             13.0 |           36.4652 |  0.002055 |   850299.0 |  9.0 | 31.0 |
          20.0 |             13.0 |           419.181 | 8.595e-05 |  3374623.0 | 12.0 | 31.0 |
          20.0 |             13.0 |           624.874 |    0.0945 |  3452799.0 | 13.0 | 31.0 |
          20.0 |             13.0 |           628.824 |  0.007141 |  3454451.0 | 14.0 | 31.0 |
          20.0 |             13.0 |           737.844 |     0.134 |  3474589.0 | 16.0 | 31.0 |
          20.0 |             13.0 |          1014.857 |  0.003141 |  3513600.2 | 21.0 | 31.0 |
          20.0 |             13.0 |          1046.738 |  0.006242 |  3516601.5 | 23.0 | 31.0 |
          20.0 |             13.0 |          1165.246 | 0.0006428 |  3541718.0 | 25.0 | 31.0 |
          20.0 |             13.0 |          1423.131 |   0.00915 |  3564769.0 | 26.0 | 31.0 |
          20.0 |             13.0 |           27.6103 |       0.0 |        0.0 |  1.0 | 32.0 |
          20.0 |             13.0 |           27.8023 |       0.0 |    24465.0 |  2.0 | 32.0 |
          20.0 |             13.0 |           28.3295 |       0.0 |    88202.4 |  4.0 | 32.0 |
          20.0 |             13.0 |           33.4079 |  0.003196 |   618280.0 |  6.0 | 32.0 |
          20.0 |             13.0 |           345.517 | 0.0002224 |  3334445.0 | 11.0 | 32.0 |
          20.0 |             13.0 |           592.677 |    0.7447 |  3454451.0 | 14.0 | 32.0 |
          20.0 |             13.0 |           616.841 |   0.03835 |  3458293.0 | 15.0 | 32.0 |
          20.0 |             13.0 |           688.567 |  0.000215 |  3474589.0 | 16.0 | 32.0 |
          20.0 |             13.0 |          1046.923 |  0.004541 |  3541718.0 | 25.0 | 32.0 |
          20.0 |             13.0 |           27.5658 |       0.0 |        0.0 |  1.0 | 33.0 |
          20.0 |             13.0 |           28.2827 |       0.0 |    88202.4 |  4.0 | 33.0 |
          20.0 |             13.0 |           595.377 |     1.034 |  3458293.0 | 15.0 | 33.0 |
          20.0 |             13.0 |           27.5545 |       0.0 |        0.0 |  1.0 | 34.0 |
          20.0 |             13.0 |           27.7458 |       0.0 |    24465.0 |  2.0 | 34.0 |
          20.0 |             13.0 |           28.2708 |       0.0 |    88202.4 |  4.0 | 34.0 |
          20.0 |             13.0 |           33.3263 | 0.0002897 |   618280.0 |  6.0 | 34.0 |
          20.0 |             13.0 |           567.988 | 5.775e-05 |  3454451.0 | 14.0 | 34.0 |
          20.0 |             13.0 |           590.144 |  0.001329 |  3458293.0 | 15.0 | 34.0 |
          20.0 |             13.0 |           655.467 |      0.72 |  3474589.0 | 16.0 | 34.0 |
          20.0 |             13.0 |           972.272 | 0.0007045 |  3541718.0 | 25.0 | 34.0 |
          20.0 |             13.0 |           27.2833 |       0.0 |        0.0 |  1.0 | 35.0 |
          20.0 |             13.0 |           27.9853 |       0.0 |    88202.4 |  4.0 | 35.0 |
          20.0 |             13.0 |           33.1532 |  0.004125 |   638266.0 |  7.0 | 35.0 |
          20.0 |             13.0 |           35.7724 | 3.868e-05 |   850299.0 |  9.0 | 35.0 |
          20.0 |             13.0 |           342.855 |   0.02186 |  3374623.0 | 12.0 | 35.0 |
          20.0 |             13.0 |           469.174 |     0.128 |  3452799.0 | 13.0 | 35.0 |
          20.0 |             13.0 |           672.752 |  0.008554 |  3516601.5 | 23.0 | 35.0 |
          20.0 |             13.0 |           810.531 | 7.313e-05 |  3564769.0 | 26.0 | 35.0 |
          20.0 |             13.0 |           27.3267 |       0.0 |        0.0 |  1.0 | 36.0 |
          20.0 |             13.0 |           27.5148 |       0.0 |    24465.0 |  2.0 | 36.0 |
          20.0 |             13.0 |            28.031 |       0.0 |    88202.4 |  4.0 | 36.0 |
          20.0 |             13.0 |           32.9935 |   0.01474 |   618280.0 |  6.0 | 36.0 |
          20.0 |             13.0 |           33.2173 | 0.0002003 |   638266.0 |  7.0 | 36.0 |
          20.0 |             13.0 |           33.3515 | 6.562e-05 |   650149.0 |  8.0 | 36.0 |
          20.0 |             13.0 |            35.847 |   2.5e-05 |   850299.0 |  9.0 | 36.0 |
          20.0 |             13.0 |            349.83 |   0.03348 |  3374623.0 | 12.0 | 36.0 |
          20.0 |             13.0 |           482.334 |   0.06578 |  3452799.0 | 13.0 | 36.0 |
          20.0 |             13.0 |           484.684 |    0.1616 |  3454451.0 | 14.0 | 36.0 |
          20.0 |             13.0 |           546.977 |  0.002164 |  3474589.0 | 16.0 | 36.0 |
          20.0 |             13.0 |           685.734 |  0.004329 |  3513600.2 | 21.0 | 36.0 |
          20.0 |             13.0 |           700.143 |  0.008058 |  3516601.5 | 23.0 | 36.0 |
          20.0 |             13.0 |           751.248 |   0.08091 |  3541718.0 | 25.0 | 36.0 |
          20.0 |             13.0 |           850.624 |  0.007655 |  3564769.0 | 26.0 | 36.0 |
          20.0 |             13.0 |           27.1958 |       0.0 |        0.0 |  1.0 | 37.0 |
          20.0 |             13.0 |           27.3821 |       0.0 |    24465.0 |  2.0 | 37.0 |
          20.0 |             13.0 |           27.4157 |       0.0 |    28880.0 |  3.0 | 37.0 |
          20.0 |             13.0 |           27.8933 |       0.0 |    88202.4 |  4.0 | 37.0 |
          20.0 |             13.0 |           28.6013 |       0.0 |  178619.47 |  5.0 | 37.0 |
          20.0 |             13.0 |            32.803 |   0.02906 |   618280.0 |  6.0 | 37.0 |
          20.0 |             13.0 |           33.0242 |  0.004735 |   638266.0 |  7.0 | 37.0 |
          20.0 |             13.0 |           35.6222 | 0.0007642 |   850299.0 |  9.0 | 37.0 |
          20.0 |             13.0 |           290.173 | 7.938e-05 |  3334445.0 | 11.0 | 37.0 |
          20.0 |             13.0 |           329.533 |    0.1967 |  3374623.0 | 12.0 | 37.0 |
          20.0 |             13.0 |           444.579 |  0.001385 |  3452799.0 | 13.0 | 37.0 |
          20.0 |             13.0 |           446.575 |     0.106 |  3454451.0 | 14.0 | 37.0 |
          20.0 |             13.0 |           460.157 |    0.4542 |  3458293.0 | 15.0 | 37.0 |
          20.0 |             13.0 |           498.928 |   0.03773 |  3474589.0 | 16.0 | 37.0 |
          20.0 |             13.0 |           623.307 |   0.01258 |  3516601.5 | 23.0 | 37.0 |
          20.0 |             13.0 |           663.489 |  0.008809 |  3541718.0 | 25.0 | 37.0 |
          20.0 |             13.0 |           739.824 |   0.02279 |  3564769.0 | 26.0 | 37.0 |
          20.0 |             13.0 |           27.1536 |       0.0 |        0.0 |  1.0 | 38.0 |
          20.0 |             13.0 |           27.3393 |       0.0 |    24465.0 |  2.0 | 38.0 |
          20.0 |             13.0 |           27.3728 |       0.0 |    28880.0 |  3.0 | 38.0 |
          20.0 |             13.0 |           27.8489 |       0.0 |    88202.4 |  4.0 | 38.0 |
          20.0 |             13.0 |           28.5546 |       0.0 |  178619.47 |  5.0 | 38.0 |
          20.0 |             13.0 |           32.7416 | 5.446e-05 |   618280.0 |  6.0 | 38.0 |
          20.0 |             13.0 |           32.9619 |  0.009949 |   638266.0 |  7.0 | 38.0 |
          20.0 |             13.0 |           35.5498 | 0.0002784 |   850299.0 |  9.0 | 38.0 |
          20.0 |             13.0 |           285.437 | 7.253e-05 |  3334445.0 | 11.0 | 38.0 |
          20.0 |             13.0 |           323.438 |   0.01874 |  3374623.0 | 12.0 | 38.0 |
          20.0 |             13.0 |           433.557 | 0.0007356 |  3452799.0 | 13.0 | 38.0 |
          20.0 |             13.0 |           435.455 | 0.0005161 |  3454451.0 | 14.0 | 38.0 |
          20.0 |             13.0 |            448.36 |    0.0912 |  3458293.0 | 15.0 | 38.0 |
          20.0 |             13.0 |           485.089 |   0.08942 |  3474589.0 | 16.0 | 38.0 |
          20.0 |             13.0 |           601.856 |    0.3173 |  3516601.5 | 23.0 | 38.0 |
          20.0 |             13.0 |           639.237 |   0.06653 |  3541718.0 | 25.0 | 38.0 |
          20.0 |             13.0 |           709.797 |   0.03095 |  3564769.0 | 26.0 | 38.0 |
          20.0 |             13.0 |           27.1904 |       0.0 |        0.0 |  1.0 | 39.0 |
          20.0 |             13.0 |           27.3766 |       0.0 |    24465.0 |  2.0 | 39.0 |
          20.0 |             13.0 |           27.8876 |       0.0 |    88202.4 |  4.0 | 39.0 |
          20.0 |             13.0 |           32.7951 | 2.082e-06 |   618280.0 |  6.0 | 39.0 |
          20.0 |             13.0 |           33.0162 |  0.002403 |   638266.0 |  7.0 | 39.0 |
          20.0 |             13.0 |           33.1488 |  0.001932 |   650149.0 |  8.0 | 39.0 |
          20.0 |             13.0 |           35.6129 | 0.0009885 |   850299.0 |  9.0 | 39.0 |
          20.0 |             13.0 |           328.742 | 1.271e-05 |  3374623.0 | 12.0 | 39.0 |
          20.0 |             13.0 |           443.142 |   0.01181 |  3452799.0 | 13.0 | 39.0 |
          20.0 |             13.0 |           445.125 |     0.002 |  3454451.0 | 14.0 | 39.0 |
          20.0 |             13.0 |           497.119 |   0.02024 |  3474589.0 | 16.0 | 39.0 |
          20.0 |             13.0 |           609.142 |    0.1379 |  3513600.2 | 21.0 | 39.0 |
          20.0 |             13.0 |           620.486 |    0.1567 |  3516601.5 | 23.0 | 39.0 |
          20.0 |             13.0 |           660.292 | 0.0001229 |  3541718.0 | 25.0 | 39.0 |
          20.0 |             13.0 |           735.852 |   0.00739 |  3564769.0 | 26.0 | 39.0 |
          20.0 |             13.0 |           27.2244 |  0.001739 |    24465.0 |  2.0 | 40.0 |
          20.0 |             13.0 |           487.223 |    0.1238 |  3492944.8 | 17.0 | 40.0 |
          20.0 |             13.0 |           603.732 | 0.0009229 |  3532553.0 | 20.0 | 40.0 |
          20.0 |             13.0 |            27.039 |  0.003191 |        0.0 |  1.0 | 41.0 |
          20.0 |             13.0 |           27.2231 |  0.001406 |    24465.0 |  2.0 | 41.0 |
          20.0 |             13.0 |           27.2563 | 0.0009193 |    28880.0 |  3.0 | 41.0 |
          20.0 |             13.0 |           27.7284 | 4.332e-06 |    88202.4 |  4.0 | 41.0 |
          20.0 |             13.0 |           28.4279 | 4.193e-07 |  178619.47 |  5.0 | 41.0 |
          20.0 |             13.0 |           486.813 |    0.2794 |  3492944.8 | 17.0 | 41.0 |
          20.0 |             13.0 |           491.313 |     0.091 |  3494826.0 | 18.0 | 41.0 |
          20.0 |             13.0 |           603.103 |  0.001304 |  3532553.0 | 20.0 | 41.0 |
          20.0 |             13.0 |            614.19 |  0.001557 |  3535546.2 | 22.0 | 41.0 |
          20.0 |             13.0 |            618.93 | 0.0001389 |  3536793.0 | 24.0 | 41.0 |
          20.0 |             13.0 |           27.0371 |  0.006124 |        0.0 |  1.0 | 42.0 |
          20.0 |             13.0 |           27.2212 | 0.0003674 |    24465.0 |  2.0 | 42.0 |
          20.0 |             13.0 |           27.7263 | 4.057e-06 |    88202.4 |  4.0 | 42.0 |
          20.0 |             13.0 |           486.185 |    0.2195 |  3492944.8 | 17.0 | 42.0 |
          20.0 |             13.0 |           490.673 |    0.3557 |  3494826.0 | 18.0 | 42.0 |
          20.0 |             13.0 |           500.989 |   0.04057 |  3499022.2 | 19.0 | 42.0 |
          20.0 |             13.0 |           613.191 |   0.00412 |  3535546.2 | 22.0 | 42.0 |
          20.0 |             13.0 |           27.0343 |  0.001071 |        0.0 |  1.0 | 43.0 |
          20.0 |             13.0 |           27.2184 |       0.0 |    24465.0 |  2.0 | 43.0 |
          20.0 |             13.0 |           27.7234 | 5.326e-05 |    88202.4 |  4.0 | 43.0 |
          20.0 |             13.0 |           272.786 |       0.0 |  3334445.0 | 11.0 | 43.0 |
          20.0 |             13.0 |           489.774 |    0.5773 |  3494826.0 | 18.0 | 43.0 |
          20.0 |             13.0 |           500.051 |     0.283 |  3499022.2 | 19.0 | 43.0 |
          20.0 |             13.0 |           611.787 |  0.002329 |  3535546.2 | 22.0 | 43.0 |
          20.0 |             13.0 |           1150.63 | 0.0001028 |  3612092.8 | 29.0 | 43.0 |
          20.0 |             13.0 |           27.0288 |       0.0 |        0.0 |  1.0 | 44.0 |
          20.0 |             13.0 |           32.5602 |       0.0 |   618280.0 |  6.0 | 44.0 |
          20.0 |             13.0 |            272.22 |       0.0 |  3334445.0 | 11.0 | 44.0 |
          20.0 |             13.0 |           498.153 |     1.099 |  3499022.2 | 19.0 | 44.0 |
          20.0 |             13.0 |           27.1482 |       0.0 |        0.0 |  1.0 | 45.0 |
          20.0 |             13.0 |           27.3339 |       0.0 |    24465.0 |  2.0 | 45.0 |
          20.0 |             13.0 |           27.8432 |       0.0 |    88202.4 |  4.0 | 45.0 |
          20.0 |             13.0 |           32.7338 | 0.0001377 |   618280.0 |  6.0 | 45.0 |
          20.0 |             13.0 |            32.954 |  0.006118 |   638266.0 |  7.0 | 45.0 |
          20.0 |             13.0 |           33.0861 |  0.006305 |   650149.0 |  8.0 | 45.0 |
          20.0 |             13.0 |           35.5406 | 0.0005012 |   850299.0 |  9.0 | 45.0 |
          20.0 |             13.0 |           284.847 | 0.0001845 |  3334445.0 | 11.0 | 45.0 |
          20.0 |             13.0 |           322.681 |   0.01802 |  3374623.0 | 12.0 | 45.0 |
          20.0 |             13.0 |           432.197 |   0.02985 |  3452799.0 | 13.0 | 45.0 |
          20.0 |             13.0 |           434.083 |    0.1036 |  3454451.0 | 14.0 | 45.0 |
          20.0 |             13.0 |           483.387 |  0.001707 |  3474589.0 | 16.0 | 45.0 |
          20.0 |             13.0 |           588.651 |    0.1022 |  3513600.2 | 21.0 | 45.0 |
          20.0 |             13.0 |           599.238 |   0.08354 |  3516601.5 | 23.0 | 45.0 |
          20.0 |             13.0 |           636.284 |    0.0434 |  3541718.0 | 25.0 | 45.0 |
          20.0 |             13.0 |           706.158 | 0.0009007 |  3564769.0 | 26.0 | 45.0 |
          20.0 |             13.0 |           26.9267 |       0.0 |        0.0 |  1.0 | 46.0 |
          20.0 |             13.0 |           27.1093 |       0.0 |    24465.0 |  2.0 | 46.0 |
          20.0 |             13.0 |           27.1423 |       0.0 |    28880.0 |  3.0 | 46.0 |
          20.0 |             13.0 |           28.3038 |       0.0 |  178619.47 |  5.0 | 46.0 |
          20.0 |             13.0 |           32.4123 | 5.801e-05 |   618280.0 |  6.0 | 46.0 |
          20.0 |             13.0 |           32.6282 | 0.0003923 |   638266.0 |  7.0 | 46.0 |
          20.0 |             13.0 |           35.1619 |    0.0025 |   850299.0 |  9.0 | 46.0 |
          20.0 |             13.0 |           262.215 | 0.0004571 |  3334445.0 | 11.0 | 46.0 |
          20.0 |             13.0 |           293.941 |   0.01225 |  3374623.0 | 12.0 | 46.0 |
          20.0 |             13.0 |           382.151 |  8.26e-06 |  3452799.0 | 13.0 | 46.0 |
          20.0 |             13.0 |           383.625 | 0.0002595 |  3454451.0 | 14.0 | 46.0 |
          20.0 |             13.0 |           393.605 |   0.01161 |  3458293.0 | 15.0 | 46.0 |
          20.0 |             13.0 |           421.631 |   0.00118 |  3474589.0 | 16.0 | 46.0 |
          20.0 |             13.0 |           507.153 |   0.02413 |  3516601.5 | 23.0 | 46.0 |
          20.0 |             13.0 |           533.438 |    0.4285 |  3541718.0 | 25.0 | 46.0 |
          20.0 |             13.0 |           581.693 |    0.1797 |  3564769.0 | 26.0 | 46.0 |
          20.0 |             13.0 |            27.095 |       0.0 |        0.0 |  1.0 | 47.0 |
          20.0 |             13.0 |           27.2799 |       0.0 |    24465.0 |  2.0 | 47.0 |
          20.0 |             13.0 |           27.7872 |       0.0 |    88202.4 |  4.0 | 47.0 |
          20.0 |             13.0 |           32.6564 |  0.009222 |   618280.0 |  6.0 | 47.0 |
          20.0 |             13.0 |           279.091 | 0.0001105 |  3334445.0 | 11.0 | 47.0 |
          20.0 |             13.0 |           420.855 |  0.004499 |  3454451.0 | 14.0 | 47.0 |
          20.0 |             13.0 |           432.897 |   0.04398 |  3458293.0 | 15.0 | 47.0 |
          20.0 |             13.0 |            467.04 | 0.0007402 |  3474589.0 | 16.0 | 47.0 |
          20.0 |             13.0 |            608.26 |     0.742 |  3541718.0 | 25.0 | 47.0 |
          20.0 |             13.0 |           27.0278 |       0.0 |        0.0 |  1.0 | 48.0 |
          20.0 |             13.0 |           27.2118 |       0.0 |    24465.0 |  2.0 | 48.0 |
          20.0 |             13.0 |           27.7166 |       0.0 |    88202.4 |  4.0 | 48.0 |
          20.0 |             13.0 |           32.5588 |  0.001575 |   618280.0 |  6.0 | 48.0 |
          20.0 |             13.0 |           32.7767 |  0.004309 |   638266.0 |  7.0 | 48.0 |
          20.0 |             13.0 |           32.9073 | 0.0006252 |   650149.0 |  8.0 | 48.0 |
          20.0 |             13.0 |           35.3344 |  0.002387 |   850299.0 |  9.0 | 48.0 |
          20.0 |             13.0 |           306.446 |   0.02691 |  3374623.0 | 12.0 | 48.0 |
          20.0 |             13.0 |           403.562 |   0.01529 |  3452799.0 | 13.0 | 48.0 |
          20.0 |             13.0 |           405.206 |  0.007824 |  3454451.0 | 14.0 | 48.0 |
          20.0 |             13.0 |           447.845 |   0.06161 |  3474589.0 | 16.0 | 48.0 |
          20.0 |             13.0 |           536.776 |   0.03413 |  3513600.2 | 21.0 | 48.0 |
          20.0 |             13.0 |           545.565 | 2.838e-05 |  3516601.5 | 23.0 | 48.0 |
          20.0 |             13.0 |           576.103 |   0.00707 |  3541718.0 | 25.0 | 48.0 |
          20.0 |             13.0 |           632.795 |     0.217 |  3564769.0 | 26.0 | 48.0 |
          20.0 |             13.0 |            27.092 |       0.0 |        0.0 |  1.0 | 49.0 |
          20.0 |             13.0 |           27.2769 |       0.0 |    24465.0 |  2.0 | 49.0 |
          20.0 |             13.0 |           27.3102 |       0.0 |    28880.0 |  3.0 | 49.0 |
          20.0 |             13.0 |           27.7841 |       0.0 |    88202.4 |  4.0 | 49.0 |
          20.0 |             13.0 |           28.4865 |       0.0 |  178619.47 |  5.0 | 49.0 |
          20.0 |             13.0 |           32.6521 |  0.002121 |   618280.0 |  6.0 | 49.0 |
          20.0 |             13.0 |           32.8712 | 7.943e-05 |   638266.0 |  7.0 | 49.0 |
          20.0 |             13.0 |           35.4443 |    0.0067 |   850299.0 |  9.0 | 49.0 |
          20.0 |             13.0 |           278.777 | 0.0003967 |  3334445.0 | 11.0 | 49.0 |
          20.0 |             13.0 |           314.913 |   0.03322 |  3374623.0 | 12.0 | 49.0 |
          20.0 |             13.0 |           418.375 |  0.004306 |  3452799.0 | 13.0 | 49.0 |
          20.0 |             13.0 |           420.142 |   0.04059 |  3454451.0 | 14.0 | 49.0 |
          20.0 |             13.0 |           432.143 |    0.0022 |  3458293.0 | 15.0 | 49.0 |
          20.0 |             13.0 |           466.162 |     0.344 |  3474589.0 | 16.0 | 49.0 |
          20.0 |             13.0 |           572.992 |    0.1825 |  3516601.5 | 23.0 | 49.0 |
          20.0 |             13.0 |           606.772 |  0.007834 |  3541718.0 | 25.0 | 49.0 |
          20.0 |             13.0 |           669.993 |   0.09585 |  3564769.0 | 26.0 | 49.0 |
          20.0 |             13.0 |            26.908 |       0.0 |        0.0 |  1.0 | 50.0 |
          20.0 |             13.0 |           27.5906 |       0.0 |    88202.4 |  4.0 | 50.0 |
          20.0 |             13.0 |           32.3851 |  0.002165 |   618280.0 |  6.0 | 50.0 |
          20.0 |             13.0 |           32.6006 |  0.001013 |   638266.0 |  7.0 | 50.0 |
          20.0 |             13.0 |           32.7299 |  0.003717 |   650149.0 |  8.0 | 50.0 |
          20.0 |             13.0 |           35.1299 | 0.0006653 |   850299.0 |  9.0 | 50.0 |
          20.0 |             13.0 |           260.444 | 0.0001668 |  3334445.0 | 11.0 | 50.0 |
          20.0 |             13.0 |           291.718 |   0.05817 |  3374623.0 | 12.0 | 50.0 |
          20.0 |             13.0 |           378.402 |    0.0172 |  3452799.0 | 13.0 | 50.0 |
          20.0 |             13.0 |           379.847 |  0.007882 |  3454451.0 | 14.0 | 50.0 |
          20.0 |             13.0 |           417.072 |  0.002054 |  3474589.0 | 16.0 | 50.0 |
          20.0 |             13.0 |           493.163 |   0.05887 |  3513600.2 | 21.0 | 50.0 |
          20.0 |             13.0 |           500.571 |   0.07543 |  3516601.5 | 23.0 | 50.0 |
          20.0 |             13.0 |           526.162 |    0.1806 |  3541718.0 | 25.0 | 50.0 |
          20.0 |             13.0 |           573.051 |    0.0499 |  3564769.0 | 26.0 | 50.0 |
          20.0 |             13.0 |           26.9044 |       0.0 |        0.0 |  1.0 | 51.0 |
          20.0 |             13.0 |           27.5869 |       0.0 |    88202.4 |  4.0 | 51.0 |
          20.0 |             13.0 |           32.5955 |  0.003474 |   638266.0 |  7.0 | 51.0 |
          20.0 |             13.0 |           35.1239 | 0.0001283 |   850299.0 |  9.0 | 51.0 |
          20.0 |             13.0 |           291.306 |   0.02926 |  3374623.0 | 12.0 | 51.0 |
          20.0 |             13.0 |            377.71 |  0.007145 |  3452799.0 | 13.0 | 51.0 |
          20.0 |             13.0 |           499.361 |    0.1241 |  3516601.5 | 23.0 | 51.0 |
          20.0 |             13.0 |           571.466 |  0.001336 |  3564769.0 | 26.0 | 51.0 |
          20.0 |             13.0 |           26.7439 |    0.2338 |        0.0 |  1.0 | 52.0 |
          20.0 |             13.0 |             26.92 |    0.4593 |    24465.0 |  2.0 | 52.0 |
          20.0 |             13.0 |             27.39 |  0.005288 |    88202.4 |  4.0 | 52.0 |
          20.0 |             13.0 |            401.95 |  0.001572 |  3492944.8 | 17.0 | 52.0 |
          20.0 |             13.0 |            478.06 |    0.4479 |  3532553.0 | 20.0 | 52.0 |
          20.0 |             13.0 |           484.999 |    0.1395 |  3535546.2 | 22.0 | 52.0 |
          20.0 |             13.0 |           731.732 |  0.006369 |  3605070.0 | 28.0 | 52.0 |
          20.0 |             13.0 |           797.594 |  0.008889 |  3616355.0 | 30.0 | 52.0 |
          20.0 |             13.0 |           26.7046 |   0.01797 |        0.0 |  1.0 | 53.0 |
          20.0 |             13.0 |           26.8842 |    0.1961 |    24465.0 |  2.0 | 53.0 |
          20.0 |             13.0 |           26.9165 |    0.2606 |    28880.0 |  3.0 | 53.0 |
          20.0 |             13.0 |           27.3767 |  0.001196 |    88202.4 |  4.0 | 53.0 |
          20.0 |             13.0 |           28.0584 | 1.541e-05 |  178619.47 |  5.0 | 53.0 |
          20.0 |             13.0 |           471.416 |    0.1441 |  3532553.0 | 20.0 | 53.0 |
          20.0 |             13.0 |           478.163 |   0.00903 |  3535546.2 | 22.0 | 53.0 |
          20.0 |             13.0 |           481.032 |    0.1966 |  3536793.0 | 24.0 | 53.0 |
          20.0 |             13.0 |           659.186 |  0.008605 |  3592977.5 | 27.0 | 53.0 |
          20.0 |             13.0 |           716.282 |  0.004648 |  3605070.0 | 28.0 | 53.0 |
          20.0 |             13.0 |            26.719 |     1.099 |        0.0 |  1.0 | 54.0 |
          20.0 |             13.0 |           27.3639 |  0.008637 |    88202.4 |  4.0 | 54.0 |
          20.0 |             13.0 |           398.378 |  0.009008 |  3494826.0 | 18.0 | 54.0 |
          20.0 |             13.0 |           475.517 |    0.8141 |  3535546.2 | 22.0 | 54.0 |
          20.0 |             13.0 |           747.658 |   0.01113 |  3612092.8 | 29.0 | 54.0 |
          20.0 |             13.0 |           806.398 |   0.01888 |  3621835.5 | 32.0 | 54.0 |
          20.0 |             13.0 |           26.6606 |       0.0 |        0.0 |  1.0 | 55.0 |
          20.0 |             13.0 |           26.8719 |       0.0 |    28880.0 |  3.0 | 55.0 |
          20.0 |             13.0 |           27.3306 |       0.0 |    88202.4 |  4.0 | 55.0 |
          20.0 |             13.0 |           28.0099 |       0.0 |  178619.47 |  5.0 | 55.0 |
          20.0 |             13.0 |           32.0275 | 0.0006121 |   618280.0 |  6.0 | 55.0 |
          20.0 |             13.0 |           32.2383 | 0.0003435 |   638266.0 |  7.0 | 55.0 |
          20.0 |             13.0 |           34.7095 | 0.0004314 |   850299.0 |  9.0 | 55.0 |
          20.0 |             13.0 |           265.058 |  0.003292 |  3374623.0 | 12.0 | 55.0 |
          20.0 |             13.0 |           334.731 |  0.004478 |  3452799.0 | 13.0 | 55.0 |
          20.0 |             13.0 |           335.861 |  0.007759 |  3454451.0 | 14.0 | 55.0 |
          20.0 |             13.0 |           343.486 |  0.003663 |  3458293.0 | 15.0 | 55.0 |
          20.0 |             13.0 |           364.637 |     0.436 |  3474589.0 | 16.0 | 55.0 |
          20.0 |             13.0 |           426.894 |   0.02425 |  3516601.5 | 23.0 | 55.0 |
          20.0 |             13.0 |           445.367 |    0.1531 |  3541718.0 | 25.0 | 55.0 |
          20.0 |             13.0 |           478.508 |    0.3096 |  3564769.0 | 26.0 | 55.0 |
          20.0 |             13.0 |           26.2988 |   0.02388 |        0.0 |  1.0 | 56.0 |
          20.0 |             13.0 |            26.473 |   0.03128 |    24465.0 |  2.0 | 56.0 |
          20.0 |             13.0 |           26.9505 |  0.003606 |    88202.4 |  4.0 | 56.0 |
          20.0 |             13.0 |           370.503 | 0.0004348 |  3532553.0 | 20.0 | 56.0 |
          20.0 |             13.0 |           374.658 | 0.0001722 |  3535546.2 | 22.0 | 56.0 |
          20.0 |             13.0 |           477.375 |    0.2323 |  3592977.5 | 27.0 | 56.0 |
          20.0 |             13.0 |           506.621 |    0.1721 |  3605070.0 | 28.0 | 56.0 |
          20.0 |             13.0 |           525.311 |   0.01633 |  3612092.8 | 29.0 | 56.0 |
          20.0 |             13.0 |           537.342 |   0.05178 |  3616355.0 | 30.0 | 56.0 |
          20.0 |             13.0 |           525.431 |      0.11 |  3612136.2 | 31.0 | 56.0 |
          20.0 |             13.0 |           553.646 |  0.009759 |  3621835.5 | 32.0 | 56.0 |
          20.0 |             13.0 |           801.984 |  0.001231 |  3677765.5 | 39.0 | 56.0 |
          20.0 |             13.0 |           840.504 | 0.0006284 |  3683480.0 | 45.0 | 56.0 |
          20.0 |             13.0 |            26.323 |   0.08552 |        0.0 |  1.0 | 57.0 |
          20.0 |             13.0 |           26.9487 |  0.006982 |    88202.4 |  4.0 | 57.0 |
          20.0 |             13.0 |           319.128 | 0.0001562 |  3494826.0 | 18.0 | 57.0 |
          20.0 |             13.0 |           366.793 |  0.001065 |  3535546.2 | 22.0 | 57.0 |
          20.0 |             13.0 |           492.345 |    0.4795 |  3605070.0 | 28.0 | 57.0 |
          20.0 |             13.0 |           509.979 |    0.2231 |  3612092.8 | 29.0 | 57.0 |
          20.0 |             13.0 |            521.31 |   0.02092 |  3616355.0 | 30.0 | 57.0 |
          20.0 |             13.0 |           536.642 |   0.08294 |  3621835.5 | 32.0 | 57.0 |
          20.0 |             13.0 |           554.018 |   0.02262 |  3627679.8 | 33.0 | 57.0 |
          20.0 |             13.0 |           558.628 |  0.003036 |  3629169.2 | 34.0 | 57.0 |
          20.0 |             13.0 |           797.287 |  0.004746 |  3682754.0 | 38.0 | 57.0 |
          20.0 |             13.0 |           26.2353 |       0.0 |        0.0 |  1.0 | 58.0 |
          20.0 |             13.0 |           26.4086 |  0.001388 |    24465.0 |  2.0 | 58.0 |
          20.0 |             13.0 |           26.8838 |       0.0 |    88202.4 |  4.0 | 58.0 |
          20.0 |             13.0 |           31.4156 |       0.0 |   618280.0 |  6.0 | 58.0 |
          20.0 |             13.0 |            313.76 | 8.829e-06 |  3492944.8 | 17.0 | 58.0 |
          20.0 |             13.0 |           358.285 | 0.0007977 |  3532553.0 | 20.0 | 58.0 |
          20.0 |             13.0 |           457.284 |   0.06232 |  3592977.5 | 27.0 | 58.0 |
          20.0 |             13.0 |           501.193 |   0.05316 |  3612136.2 | 31.0 | 58.0 |
          20.0 |             13.0 |           656.898 | 0.0001802 |  3659429.5 | 36.0 | 58.0 |
          20.0 |             13.0 |           746.856 |  0.002188 |  3677765.5 | 39.0 | 58.0 |
          20.0 |             13.0 |           780.152 |  0.001104 |  3683480.0 | 45.0 | 58.0 |
          20.0 |             13.0 |           894.755 |  0.004586 |  3699897.5 | 48.0 | 58.0 |
          20.0 |             13.0 |           1049.46 | 0.0001455 |  3716373.0 | 50.0 | 58.0 |
          20.0 |             13.0 |           26.2141 |       0.0 |        0.0 |  1.0 | 59.0 |
          20.0 |             13.0 |           26.8615 |       0.0 |    88202.4 |  4.0 | 59.0 |
          20.0 |             13.0 |            281.67 |       0.0 |  3458293.0 | 15.0 | 59.0 |
          20.0 |             13.0 |           316.734 | 0.0001243 |  3499022.2 | 19.0 | 59.0 |
          20.0 |             13.0 |           493.457 |    0.7127 |  3612092.8 | 29.0 | 59.0 |
          20.0 |             13.0 |           518.378 |   0.00144 |  3621835.5 | 32.0 | 59.0 |
          20.0 |             13.0 |           534.573 |      0.31 |  3627679.8 | 33.0 | 59.0 |
          20.0 |             13.0 |           538.864 |   0.05668 |  3629169.2 | 34.0 | 59.0 |
          20.0 |             13.0 |           806.295 |  0.003261 |  3690720.8 | 47.0 | 59.0 |
          20.0 |             13.0 |           26.1741 |   0.02984 |        0.0 |  1.0 | 60.0 |
          20.0 |             13.0 |           26.8195 |   0.02769 |    88202.4 |  4.0 | 60.0 |
          20.0 |             13.0 |           350.849 | 0.0005598 |  3535546.2 | 22.0 | 60.0 |
          20.0 |             13.0 |           464.038 |   0.02686 |  3605070.0 | 28.0 | 60.0 |
          20.0 |             13.0 |            479.67 |  0.000869 |  3612092.8 | 29.0 | 60.0 |
          20.0 |             13.0 |           489.681 |    0.8825 |  3616355.0 | 30.0 | 60.0 |
          20.0 |             13.0 |           503.185 |  0.008265 |  3621835.5 | 32.0 | 60.0 |
          20.0 |             13.0 |           725.608 | 0.0007596 |  3682754.0 | 38.0 | 60.0 |
          20.0 |             13.0 |           772.526 |  0.000565 |  3691124.0 | 49.0 | 60.0 |
          20.0 |             13.0 |           26.1516 |       0.0 |        0.0 |  1.0 | 61.0 |
          20.0 |             13.0 |           26.7959 |       0.0 |    88202.4 |  4.0 | 61.0 |
          20.0 |             13.0 |           31.2958 |       0.0 |   618280.0 |  6.0 | 61.0 |
          20.0 |             13.0 |           269.729 |       0.0 |  3454451.0 | 14.0 | 61.0 |
          20.0 |             13.0 |           307.853 | 0.0001306 |  3499022.2 | 19.0 | 61.0 |
          20.0 |             13.0 |           472.233 |  0.004528 |  3612092.8 | 29.0 | 61.0 |
          20.0 |             13.0 |           495.008 |     1.142 |  3621835.5 | 32.0 | 61.0 |
          20.0 |             13.0 |           509.755 |   0.01831 |  3627679.8 | 33.0 | 61.0 |
          20.0 |             13.0 |           513.655 |  0.001203 |  3629169.2 | 34.0 | 61.0 |
          20.0 |             13.0 |           751.136 |  0.001856 |  3690720.8 | 47.0 | 61.0 |
          20.0 |             13.0 |           271.421 |       0.0 |  3458293.0 | 15.0 | 62.0 |
          20.0 |             13.0 |           498.827 |     1.421 |  3627679.8 | 33.0 | 62.0 |
          20.0 |             13.0 |           26.7449 |       0.0 |    88202.4 |  4.0 | 63.0 |
          20.0 |             13.0 |           31.2261 |       0.0 |   618280.0 |  6.0 | 63.0 |
          20.0 |             13.0 |           282.187 |       0.0 |  3474589.0 | 16.0 | 63.0 |
          20.0 |             13.0 |           456.855 |   0.04066 |  3612092.8 | 29.0 | 63.0 |
          20.0 |             13.0 |           478.137 |  0.001674 |  3621835.5 | 32.0 | 63.0 |
          20.0 |             13.0 |           491.882 |   0.02651 |  3627679.8 | 33.0 | 63.0 |
          20.0 |             13.0 |           495.512 |     1.109 |  3629169.2 | 34.0 | 63.0 |
          20.0 |             13.0 |           712.963 | 0.0003456 |  3690720.8 | 47.0 | 63.0 |
          20.0 |             13.0 |           26.1244 |   0.05332 |        0.0 |  1.0 | 64.0 |
          20.0 |             13.0 |           26.2924 |   0.02181 |    24465.0 |  2.0 | 64.0 |
          20.0 |             13.0 |           26.7406 |    0.2495 |    88202.4 |  4.0 | 64.0 |
          20.0 |             13.0 |           27.4031 |   0.08047 |  178619.47 |  5.0 | 64.0 |
          20.0 |             13.0 |           337.082 |  0.008713 |  3532553.0 | 20.0 | 64.0 |
          20.0 |             13.0 |           340.518 |  0.004293 |  3535546.2 | 22.0 | 64.0 |
          20.0 |             13.0 |             423.3 |     0.232 |  3592977.5 | 27.0 | 64.0 |
          20.0 |             13.0 |           446.136 |   0.03686 |  3605070.0 | 28.0 | 64.0 |
          20.0 |             13.0 |           469.788 |  0.005542 |  3616355.0 | 30.0 | 64.0 |
          20.0 |             13.0 |           460.658 |  0.002574 |  3612136.2 | 31.0 | 64.0 |
          20.0 |             13.0 |           609.859 |   0.04234 |  3665244.5 | 35.0 | 64.0 |
          20.0 |             13.0 |           588.972 |   0.01459 |  3659429.5 | 36.0 | 64.0 |
          20.0 |             13.0 |           686.169 |  0.006723 |  3683480.0 | 45.0 | 64.0 |
          20.0 |             13.0 |           724.151 |   0.01648 |  3691124.0 | 49.0 | 64.0 |
          20.0 |             13.0 |           26.2367 |       0.0 |        0.0 |  1.0 | 65.0 |
          20.0 |             13.0 |           26.8852 |       0.0 |    88202.4 |  4.0 | 65.0 |
          20.0 |             13.0 |           31.6204 | 0.0004535 |   638266.0 |  7.0 | 65.0 |
          20.0 |             13.0 |           33.9944 |  0.006842 |   850299.0 |  9.0 | 65.0 |
          20.0 |             13.0 |           228.371 | 0.0001576 |  3374623.0 | 12.0 | 65.0 |
          20.0 |             13.0 |           278.276 |   0.00197 |  3452799.0 | 13.0 | 65.0 |
          20.0 |             13.0 |           339.146 |  0.003266 |  3516601.5 | 23.0 | 65.0 |
          20.0 |             13.0 |           370.932 |    0.2113 |  3564769.0 | 26.0 | 65.0 |
          20.0 |             13.0 |           26.0519 |   0.01536 |        0.0 |  1.0 | 66.0 |
          20.0 |             13.0 |            26.219 |     1.489 |    24465.0 |  2.0 | 66.0 |
          20.0 |             13.0 |           26.6646 |  0.006878 |    88202.4 |  4.0 | 66.0 |
          20.0 |             13.0 |            325.83 |   0.03494 |  3535546.2 | 22.0 | 66.0 |
          20.0 |             13.0 |           400.838 |   0.01828 |  3592977.5 | 27.0 | 66.0 |
          20.0 |             13.0 |           421.257 |    0.1843 |  3605070.0 | 28.0 | 66.0 |
          20.0 |             13.0 |             434.1 |   0.03275 |  3612092.8 | 29.0 | 66.0 |
          20.0 |             13.0 |           442.283 |    0.0806 |  3616355.0 | 30.0 | 66.0 |
          20.0 |             13.0 |           434.182 |   0.03837 |  3612136.2 | 31.0 | 66.0 |
          20.0 |             13.0 |            453.27 |   0.01177 |  3621835.5 | 32.0 | 66.0 |
          20.0 |             13.0 |           546.373 |     0.182 |  3659429.5 | 36.0 | 66.0 |
          20.0 |             13.0 |           629.031 |   0.04748 |  3683480.0 | 45.0 | 66.0 |
          20.0 |             13.0 |           26.0029 |    0.1111 |        0.0 |  1.0 | 67.0 |
          20.0 |             13.0 |           26.1731 |    0.1441 |    24465.0 |  2.0 | 67.0 |
          20.0 |             13.0 |           26.2038 |    0.1019 |    28880.0 |  3.0 | 67.0 |
          20.0 |             13.0 |           26.6398 |    0.3225 |    88202.4 |  4.0 | 67.0 |
          20.0 |             13.0 |           27.2848 |   0.05645 |  178619.47 |  5.0 | 67.0 |
          20.0 |             13.0 |            319.31 |   0.00222 |  3532553.0 | 20.0 | 67.0 |
          20.0 |             13.0 |           323.693 |   0.00298 |  3536793.0 | 24.0 | 67.0 |
          20.0 |             13.0 |           415.528 |   0.03637 |  3605070.0 | 28.0 | 67.0 |
          20.0 |             13.0 |           428.098 |    0.2266 |  3612136.2 | 31.0 | 67.0 |
          20.0 |             13.0 |           554.068 |   0.04077 |  3665244.5 | 35.0 | 67.0 |
          20.0 |             13.0 |           536.773 |  0.008132 |  3659429.5 | 36.0 | 67.0 |
          20.0 |             13.0 |           613.596 |   0.00993 |  3682754.0 | 38.0 | 67.0 |
          20.0 |             13.0 |           595.371 |  0.004044 |  3677765.5 | 39.0 | 67.0 |
          20.0 |             13.0 |           616.341 |   0.00681 |  3683480.0 | 45.0 | 67.0 |
          20.0 |             13.0 |           685.729 |   0.01249 |  3699897.5 | 48.0 | 67.0 |
          20.0 |             13.0 |           646.814 |    0.0276 |  3691124.0 | 49.0 | 67.0 |
          20.0 |             13.0 |            26.033 |     3.041 |        0.0 |  1.0 | 68.0 |
          20.0 |             13.0 |           26.6448 |   0.02302 |    88202.4 |  4.0 | 68.0 |
          20.0 |             13.0 |           320.154 |   0.02404 |  3535546.2 | 22.0 | 68.0 |
          20.0 |             13.0 |           411.818 |   0.04407 |  3605070.0 | 28.0 | 68.0 |
          20.0 |             13.0 |           424.083 |    0.3093 |  3612092.8 | 29.0 | 68.0 |
          20.0 |             13.0 |            442.36 |    0.1744 |  3621835.5 | 32.0 | 68.0 |
          20.0 |             13.0 |             454.1 |   0.04242 |  3627679.8 | 33.0 | 68.0 |
          20.0 |             13.0 |           585.276 |    0.2863 |  3677036.0 | 37.0 | 68.0 |
          20.0 |             13.0 |            25.977 |     1.286 |        0.0 |  1.0 | 69.0 |
          20.0 |             13.0 |           26.1431 |   0.06594 |    24465.0 |  2.0 | 69.0 |
          20.0 |             13.0 |           26.5862 |    0.3753 |    88202.4 |  4.0 | 69.0 |
          20.0 |             13.0 |           309.469 |   0.02061 |  3532553.0 | 20.0 | 69.0 |
          20.0 |             13.0 |           312.362 |   0.03271 |  3535546.2 | 22.0 | 69.0 |
          20.0 |             13.0 |           380.648 |  0.008028 |  3592977.5 | 27.0 | 69.0 |
          20.0 |             13.0 |           399.014 |  0.004998 |  3605070.0 | 28.0 | 69.0 |
          20.0 |             13.0 |           410.518 |    0.1068 |  3612092.8 | 29.0 | 69.0 |
          20.0 |             13.0 |           410.591 |   0.07484 |  3612136.2 | 31.0 | 69.0 |
          20.0 |             13.0 |           427.621 |   0.02344 |  3621835.5 | 32.0 | 69.0 |
          20.0 |             13.0 |           509.533 |    0.0375 |  3659429.5 | 36.0 | 69.0 |
          20.0 |             13.0 |           559.749 |    0.2346 |  3677036.0 | 37.0 | 69.0 |
          20.0 |             13.0 |           562.044 |  0.009624 |  3677765.5 | 39.0 | 69.0 |
          20.0 |             13.0 |           606.183 |   0.01582 |  3690720.8 | 47.0 | 69.0 |
          20.0 |             13.0 |            641.89 |   0.01311 |  3699897.5 | 48.0 | 69.0 |
          20.0 |             13.0 |           607.668 |   0.02778 |  3691124.0 | 49.0 | 69.0 |
          20.0 |             13.0 |           26.0873 |    0.2411 |    24465.0 |  2.0 | 70.0 |
          20.0 |             13.0 |           306.983 |  0.009912 |  3532553.0 | 20.0 | 70.0 |
          20.0 |             13.0 |           376.894 |   0.02354 |  3592977.5 | 27.0 | 70.0 |
          20.0 |             13.0 |           406.227 |   0.01981 |  3612136.2 | 31.0 | 70.0 |
          20.0 |             13.0 |           502.829 |   0.05526 |  3659429.5 | 36.0 | 70.0 |
          20.0 |             13.0 |           553.898 |  0.005509 |  3677765.5 | 39.0 | 70.0 |
          20.0 |             13.0 |           572.004 |     0.024 |  3683480.0 | 45.0 | 70.0 |
          20.0 |             13.0 |           631.287 |  0.002376 |  3699897.5 | 48.0 | 70.0 |
          20.0 |             13.0 |           25.9059 |     0.104 |        0.0 |  1.0 | 71.0 |
          20.0 |             13.0 |           26.0749 |    0.5581 |    24465.0 |  2.0 | 71.0 |
          20.0 |             13.0 |           26.1053 |     0.279 |    28880.0 |  3.0 | 71.0 |
          20.0 |             13.0 |            26.538 |   0.01405 |    88202.4 |  4.0 | 71.0 |
          20.0 |             13.0 |           27.1781 |  0.003537 |  178619.47 |  5.0 | 71.0 |
          20.0 |             13.0 |           305.277 |   0.02101 |  3532553.0 | 20.0 | 71.0 |
          20.0 |             13.0 |           308.092 |  0.002041 |  3535546.2 | 22.0 | 71.0 |
          20.0 |             13.0 |            309.28 |   0.02142 |  3536793.0 | 24.0 | 71.0 |
          20.0 |             13.0 |           392.073 |   0.07609 |  3605070.0 | 28.0 | 71.0 |
          20.0 |             13.0 |           410.223 |   0.01459 |  3616355.0 | 30.0 | 71.0 |
          20.0 |             13.0 |           403.244 |   0.01291 |  3612136.2 | 31.0 | 71.0 |
          20.0 |             13.0 |           513.136 |   0.09882 |  3665244.5 | 35.0 | 71.0 |
          20.0 |             13.0 |           498.268 |   0.08361 |  3659429.5 | 36.0 | 71.0 |
          20.0 |             13.0 |           546.183 |   0.01894 |  3677036.0 | 37.0 | 71.0 |
          20.0 |             13.0 |           563.791 |   0.01722 |  3682754.0 | 38.0 | 71.0 |
          20.0 |             13.0 |           566.108 |   0.03207 |  3683480.0 | 45.0 | 71.0 |
          20.0 |             13.0 |           624.114 |  0.007786 |  3699897.5 | 48.0 | 71.0 |
          20.0 |             13.0 |           25.9573 |     1.376 |        0.0 |  1.0 | 72.0 |
          20.0 |             13.0 |            26.127 | 0.0008796 |    24465.0 |  2.0 | 72.0 |
          20.0 |             13.0 |            26.592 |    0.3178 |    88202.4 |  4.0 | 72.0 |
          20.0 |             13.0 |           312.571 |  0.009709 |  3532553.0 | 20.0 | 72.0 |
          20.0 |             13.0 |           315.523 |   0.01319 |  3535546.2 | 22.0 | 72.0 |
          20.0 |             13.0 |           385.352 |     0.101 |  3592977.5 | 27.0 | 72.0 |
          20.0 |             13.0 |           404.186 |  0.007824 |  3605070.0 | 28.0 | 72.0 |
          20.0 |             13.0 |           415.994 |   0.03638 |  3612092.8 | 29.0 | 72.0 |
          20.0 |             13.0 |           416.069 |     0.133 |  3612136.2 | 31.0 | 72.0 |
          20.0 |             13.0 |           433.566 |   0.01354 |  3621835.5 | 32.0 | 72.0 |
          20.0 |             13.0 |           447.805 |   0.01808 |  3629169.2 | 34.0 | 72.0 |
          20.0 |             13.0 |            569.98 |   0.03648 |  3677036.0 | 37.0 | 72.0 |
          20.0 |             13.0 |           589.183 |   0.02146 |  3682754.0 | 38.0 | 72.0 |
          20.0 |             13.0 |            572.36 |   0.01705 |  3677765.5 | 39.0 | 72.0 |
          20.0 |             13.0 |           591.713 |   0.01525 |  3683480.0 | 45.0 | 72.0 |
          20.0 |             13.0 |           655.381 |   0.01782 |  3699897.5 | 48.0 | 72.0 |
          20.0 |             13.0 |           619.745 |    0.1449 |  3691124.0 | 49.0 | 72.0 |
          20.0 |             13.0 |             25.88 |     1.379 |        0.0 |  1.0 | 73.0 |
          20.0 |             13.0 |           26.0449 |   0.08829 |    24465.0 |  2.0 | 73.0 |
          20.0 |             13.0 |           26.4846 |    0.1259 |    88202.4 |  4.0 | 73.0 |
          20.0 |             13.0 |           27.1343 |   0.01912 |  178619.47 |  5.0 | 73.0 |
          20.0 |             13.0 |           299.838 |   0.01472 |  3532553.0 | 20.0 | 73.0 |
          20.0 |             13.0 |           302.553 |   0.07662 |  3535546.2 | 22.0 | 73.0 |
          20.0 |             13.0 |           383.147 |   0.01085 |  3605070.0 | 28.0 | 73.0 |
          20.0 |             13.0 |           393.809 |  0.004055 |  3612136.2 | 31.0 | 73.0 |
          20.0 |             13.0 |           497.953 |  0.009344 |  3665244.5 | 35.0 | 73.0 |
          20.0 |             13.0 |            483.94 |   0.06882 |  3659429.5 | 36.0 | 73.0 |
          20.0 |             13.0 |           529.015 |    0.1696 |  3677036.0 | 37.0 | 73.0 |
          20.0 |             13.0 |           545.517 |   0.02879 |  3682754.0 | 38.0 | 73.0 |
          20.0 |             13.0 |           25.7765 |    0.2213 |        0.0 |  1.0 | 74.0 |
          20.0 |             13.0 |           26.3762 |    0.9566 |    88202.4 |  4.0 | 74.0 |
          20.0 |             13.0 |           368.239 |  0.006856 |  3612092.8 | 29.0 | 74.0 |
          20.0 |             13.0 |           374.111 |  0.004021 |  3616355.0 | 30.0 | 74.0 |
          20.0 |             13.0 |           392.948 |    0.2223 |  3629169.2 | 34.0 | 74.0 |
          20.0 |             13.0 |           483.981 |   0.06004 |  3677036.0 | 37.0 | 74.0 |
          20.0 |             13.0 |           497.756 |    0.5151 |  3682754.0 | 38.0 | 74.0 |
          20.0 |             13.0 |            518.31 |   0.04409 |  3690720.8 | 47.0 | 74.0 |
          20.0 |             13.0 |           519.395 |   0.09483 |  3691124.0 | 49.0 | 74.0 |
          20.0 |             13.0 |           752.988 |   0.01447 |  3750851.5 | 55.0 | 74.0 |
          20.0 |             13.0 |           25.7253 |  0.003306 |        0.0 |  1.0 | 75.0 |
          20.0 |             13.0 |            25.892 |   0.05626 |    24465.0 |  2.0 | 75.0 |
          20.0 |             13.0 |           26.3486 |   0.08846 |    88202.4 |  4.0 | 75.0 |
          20.0 |             13.0 |           30.9966 |       0.0 |   650149.0 |  8.0 | 75.0 |
          20.0 |             13.0 |           339.859 | 0.0003133 |  3592977.5 | 27.0 | 75.0 |
          20.0 |             13.0 |           354.424 |  0.006326 |  3605070.0 | 28.0 | 75.0 |
          20.0 |             13.0 |           369.191 |  0.008418 |  3616355.0 | 30.0 | 75.0 |
          20.0 |             13.0 |           363.529 |  0.001367 |  3612136.2 | 31.0 | 75.0 |
          20.0 |             13.0 |           376.815 |  0.003816 |  3621835.5 | 32.0 | 75.0 |
          20.0 |             13.0 |           387.525 |  0.004832 |  3629169.2 | 34.0 | 75.0 |
          20.0 |             13.0 |           439.005 |  0.004857 |  3659429.5 | 36.0 | 75.0 |
          20.0 |             13.0 |           475.779 |   0.01689 |  3677036.0 | 37.0 | 75.0 |
          20.0 |             13.0 |           489.085 |   0.05565 |  3682754.0 | 38.0 | 75.0 |
          20.0 |             13.0 |           477.436 |    0.4871 |  3677765.5 | 39.0 | 75.0 |
          20.0 |             13.0 |           490.828 |    0.0589 |  3683480.0 | 45.0 | 75.0 |
          20.0 |             13.0 |           576.579 |  0.002827 |  3713780.5 | 46.0 | 75.0 |
          20.0 |             13.0 |           508.914 | 0.0009877 |  3690720.8 | 47.0 | 75.0 |
          20.0 |             13.0 |           533.846 |   0.03289 |  3699897.5 | 48.0 | 75.0 |
          20.0 |             13.0 |           585.328 | 0.0009446 |  3716373.0 | 50.0 | 75.0 |
          20.0 |             13.0 |           733.321 |  0.001658 |  3750851.5 | 55.0 | 75.0 |
          20.0 |             13.0 |            25.674 |    0.8053 |        0.0 |  1.0 | 76.0 |
          20.0 |             13.0 |           26.2689 |    0.3962 |    88202.4 |  4.0 | 76.0 |
          20.0 |             13.0 |           359.942 |  0.009999 |  3612092.8 | 29.0 | 76.0 |
          20.0 |             13.0 |           373.023 |   0.01593 |  3621835.5 | 32.0 | 76.0 |
          20.0 |             13.0 |           381.337 |  0.006996 |  3627679.8 | 33.0 | 76.0 |
          20.0 |             13.0 |           383.515 |   0.09615 |  3629169.2 | 34.0 | 76.0 |
          20.0 |             13.0 |            469.75 |  0.005616 |  3677036.0 | 37.0 | 76.0 |
          20.0 |             13.0 |           482.716 |    0.2196 |  3682754.0 | 38.0 | 76.0 |
          20.0 |             13.0 |           503.041 |    0.5872 |  3691124.0 | 49.0 | 76.0 |
          20.0 |             13.0 |           25.7007 |       0.0 |        0.0 |  1.0 | 77.0 |
          20.0 |             13.0 |           26.3227 |       0.0 |    88202.4 |  4.0 | 77.0 |
          20.0 |             13.0 |           30.6521 |       0.0 |   618280.0 |  6.0 | 77.0 |
          20.0 |             13.0 |           255.151 | 9.966e-05 |  3499022.2 | 19.0 | 77.0 |
          20.0 |             13.0 |           274.251 |       0.0 |  3541718.0 | 25.0 | 77.0 |
          20.0 |             13.0 |            358.61 | 0.0001656 |  3612092.8 | 29.0 | 77.0 |
          20.0 |             13.0 |           371.593 |  0.004319 |  3621835.5 | 32.0 | 77.0 |
          20.0 |             13.0 |           379.842 |   0.04558 |  3627679.8 | 33.0 | 77.0 |
          20.0 |             13.0 |           382.003 | 9.929e-06 |  3629169.2 | 34.0 | 77.0 |
          20.0 |             13.0 |           499.435 |     1.134 |  3690720.8 | 47.0 | 77.0 |
          20.0 |             13.0 |           25.8581 |    0.3327 |    24465.0 |  2.0 | 78.0 |
          20.0 |             13.0 |           277.987 |  0.003292 |  3532553.0 | 20.0 | 78.0 |
          20.0 |             13.0 |           429.456 |   0.04271 |  3659429.5 | 36.0 | 78.0 |
          20.0 |             13.0 |           478.923 |   0.02592 |  3683480.0 | 45.0 | 78.0 |
          20.0 |             13.0 |           519.793 |  0.004089 |  3699897.5 | 48.0 | 78.0 |
          20.0 |             13.0 |           568.476 |   0.04317 |  3716373.0 | 50.0 | 78.0 |
          20.0 |             13.0 |           25.6651 |  0.004615 |        0.0 |  1.0 | 79.0 |
          20.0 |             13.0 |           25.8309 |    0.3555 |    24465.0 |  2.0 | 79.0 |
          20.0 |             13.0 |           25.8608 |    0.4054 |    28880.0 |  3.0 | 79.0 |
          20.0 |             13.0 |           26.2853 |   0.03541 |    88202.4 |  4.0 | 79.0 |
          20.0 |             13.0 |           26.9131 |     0.024 |  178619.47 |  5.0 | 79.0 |
          20.0 |             13.0 |           274.881 |  0.009911 |  3532553.0 | 20.0 | 79.0 |
          20.0 |             13.0 |           277.161 |  0.003723 |  3535546.2 | 22.0 | 79.0 |
          20.0 |             13.0 |           278.122 |  0.006457 |  3536793.0 | 24.0 | 79.0 |
          20.0 |             13.0 |           329.631 |  0.003399 |  3592977.5 | 27.0 | 79.0 |
          20.0 |             13.0 |           422.087 |   0.06875 |  3659429.5 | 36.0 | 79.0 |
          20.0 |             13.0 |           455.972 |   0.02488 |  3677036.0 | 37.0 | 79.0 |
          20.0 |             13.0 |           457.494 |   0.01877 |  3677765.5 | 39.0 | 79.0 |
          20.0 |             13.0 |           469.776 |    0.1031 |  3683480.0 | 45.0 | 79.0 |
          20.0 |             13.0 |           547.744 |   0.04297 |  3713780.5 | 46.0 | 79.0 |
          20.0 |             13.0 |           509.036 |   0.01589 |  3699897.5 | 48.0 | 79.0 |
          20.0 |             13.0 |           555.635 |   0.02863 |  3716373.0 | 50.0 | 79.0 |
          20.0 |             13.0 |           557.134 |   0.04933 |  3716857.2 | 51.0 | 79.0 |
          20.0 |             13.0 |           25.6606 |  0.003264 |        0.0 |  1.0 | 80.0 |
          20.0 |             13.0 |           25.8264 |    0.1357 |    24465.0 |  2.0 | 80.0 |
          20.0 |             13.0 |           26.2807 |   0.08661 |    88202.4 |  4.0 | 80.0 |
          20.0 |             13.0 |           30.7875 |       0.0 |   638266.0 |  7.0 | 80.0 |
          20.0 |             13.0 |           342.524 |  0.003763 |  3605070.0 | 28.0 | 80.0 |
          20.0 |             13.0 |           350.967 |    0.0154 |  3612092.8 | 29.0 | 80.0 |
          20.0 |             13.0 |           356.297 |   0.00293 |  3616355.0 | 30.0 | 80.0 |
          20.0 |             13.0 |           351.021 |  0.002949 |  3612136.2 | 31.0 | 80.0 |
          20.0 |             13.0 |           363.393 |   0.01109 |  3621835.5 | 32.0 | 80.0 |
          20.0 |             13.0 |           373.342 | 0.0009387 |  3629169.2 | 34.0 | 80.0 |
          20.0 |             13.0 |           420.892 |   0.05142 |  3659429.5 | 36.0 | 80.0 |
          20.0 |             13.0 |           454.579 |   0.01039 |  3677036.0 | 37.0 | 80.0 |
          20.0 |             13.0 |            466.71 |   0.06418 |  3682754.0 | 38.0 | 80.0 |
          20.0 |             13.0 |           456.091 |   0.02654 |  3677765.5 | 39.0 | 80.0 |
          20.0 |             13.0 |           468.297 |    0.3084 |  3683480.0 | 45.0 | 80.0 |
          20.0 |             13.0 |           545.734 |   0.07974 |  3713780.5 | 46.0 | 80.0 |
          20.0 |             13.0 |           507.299 |  0.008172 |  3699897.5 | 48.0 | 80.0 |
          20.0 |             13.0 |           485.682 |   0.01032 |  3691124.0 | 49.0 | 80.0 |
          20.0 |             13.0 |           553.566 |    0.0757 |  3716373.0 | 50.0 | 80.0 |
          20.0 |             13.0 |           684.142 |  0.006729 |  3750851.5 | 55.0 | 80.0 |
          20.0 |             13.0 |           25.5493 |     0.263 |        0.0 |  1.0 | 81.0 |
          20.0 |             13.0 |             25.71 |     1.392 |    24465.0 |  2.0 | 81.0 |
          20.0 |             13.0 |           26.1383 |     0.311 |    88202.4 |  4.0 | 81.0 |
          20.0 |             13.0 |           268.321 |  0.002767 |  3535546.2 | 22.0 | 81.0 |
          20.0 |             13.0 |           337.677 |  0.006785 |  3612092.8 | 29.0 | 81.0 |
          20.0 |             13.0 |            358.34 |   0.01523 |  3629169.2 | 34.0 | 81.0 |
          20.0 |             13.0 |           401.922 |    0.0143 |  3659429.5 | 36.0 | 81.0 |
          20.0 |             13.0 |            432.53 |   0.01237 |  3677036.0 | 37.0 | 81.0 |
          20.0 |             13.0 |           443.499 |    0.0782 |  3682754.0 | 38.0 | 81.0 |
          20.0 |             13.0 |           444.932 |    0.0116 |  3683480.0 | 45.0 | 81.0 |
          20.0 |             13.0 |           514.263 |    0.1877 |  3713780.5 | 46.0 | 81.0 |
          20.0 |             13.0 |           459.743 |  0.008024 |  3690720.8 | 47.0 | 81.0 |
          20.0 |             13.0 |           479.994 |    0.2286 |  3699897.5 | 48.0 | 81.0 |
          20.0 |             13.0 |           460.597 |   0.01148 |  3691124.0 | 49.0 | 81.0 |
          20.0 |             13.0 |           521.212 |   0.08608 |  3716373.0 | 50.0 | 81.0 |
          20.0 |             13.0 |             25.53 |    0.6949 |        0.0 |  1.0 | 82.0 |
          20.0 |             13.0 |           26.1181 |    0.0423 |    88202.4 |  4.0 | 82.0 |
          20.0 |             13.0 |           329.862 |  0.002685 |  3612092.8 | 29.0 | 82.0 |
          20.0 |             13.0 |           340.815 |   0.00285 |  3621835.5 | 32.0 | 82.0 |
          20.0 |             13.0 |           347.741 |  0.004297 |  3627679.8 | 33.0 | 82.0 |
          20.0 |             13.0 |           349.552 |  0.005299 |  3629169.2 | 34.0 | 82.0 |
          20.0 |             13.0 |            419.79 |  0.007697 |  3677036.0 | 37.0 | 82.0 |
          20.0 |             13.0 |           496.353 |    0.6909 |  3713780.5 | 46.0 | 82.0 |
          20.0 |             13.0 |           445.376 |    0.2499 |  3690720.8 | 47.0 | 82.0 |
          20.0 |             13.0 |           446.177 |  0.006124 |  3691124.0 | 49.0 | 82.0 |
          20.0 |             13.0 |            25.485 |   0.01881 |        0.0 |  1.0 | 83.0 |
          20.0 |             13.0 |           25.6449 |    0.6858 |    24465.0 |  2.0 | 83.0 |
          20.0 |             13.0 |           26.0711 | 0.0005854 |    88202.4 |  4.0 | 83.0 |
          20.0 |             13.0 |           26.7005 |   0.01035 |  178619.47 |  5.0 | 83.0 |
          20.0 |             13.0 |           401.672 |   0.01162 |  3665244.5 | 35.0 | 83.0 |
          20.0 |             13.0 |           392.504 |  0.009248 |  3659429.5 | 36.0 | 83.0 |
          20.0 |             13.0 |           432.059 |   0.01807 |  3682754.0 | 38.0 | 83.0 |
          20.0 |             13.0 |           422.943 |   0.07583 |  3677765.5 | 39.0 | 83.0 |
          20.0 |             13.0 |           498.943 |   0.01587 |  3713780.5 | 46.0 | 83.0 |
          20.0 |             13.0 |           505.482 |    0.1246 |  3716373.0 | 50.0 | 83.0 |
          20.0 |             13.0 |           506.722 |    0.1307 |  3716857.2 | 51.0 | 83.0 |
          20.0 |             13.0 |           25.4341 |   0.02336 |        0.0 |  1.0 | 84.0 |
          20.0 |             13.0 |            25.597 |    0.3034 |    24465.0 |  2.0 | 84.0 |
          20.0 |             13.0 |           26.0432 |     2.119 |    88202.4 |  4.0 | 84.0 |
          20.0 |             13.0 |           295.205 |  0.007248 |  3592977.5 | 27.0 | 84.0 |
          20.0 |             13.0 |           312.902 |    0.0138 |  3612136.2 | 31.0 | 84.0 |
          20.0 |             13.0 |           330.518 |    0.0394 |  3629169.2 | 34.0 | 84.0 |
          20.0 |             13.0 |           392.636 |  0.005665 |  3677036.0 | 37.0 | 84.0 |
          20.0 |             13.0 |           401.654 |   0.02711 |  3682754.0 | 38.0 | 84.0 |
          20.0 |             13.0 |           393.764 |   0.02905 |  3677765.5 | 39.0 | 84.0 |
          20.0 |             13.0 |           402.828 |   0.01085 |  3683480.0 | 45.0 | 84.0 |
          20.0 |             13.0 |           458.833 |   0.01977 |  3713780.5 | 46.0 | 84.0 |
          20.0 |             13.0 |           414.931 |   0.02138 |  3690720.8 | 47.0 | 84.0 |
          20.0 |             13.0 |           431.356 |    0.1675 |  3699897.5 | 48.0 | 84.0 |
          20.0 |             13.0 |           464.357 |    0.1832 |  3716373.0 | 50.0 | 84.0 |
          20.0 |             13.0 |           552.873 |    0.2009 |  3750851.5 | 55.0 | 84.0 |
          20.0 |             13.0 |           25.4111 |   0.03558 |        0.0 |  1.0 | 85.0 |
          20.0 |             13.0 |           26.0191 |     5.227 |    88202.4 |  4.0 | 85.0 |
          20.0 |             13.0 |           326.678 |   0.05528 |  3629169.2 | 34.0 | 85.0 |
          20.0 |             13.0 |           387.229 |   0.01601 |  3677036.0 | 37.0 | 85.0 |
          20.0 |             13.0 |           451.467 |   0.02453 |  3713780.5 | 46.0 | 85.0 |
          20.0 |             13.0 |           408.898 |    0.0539 |  3690720.8 | 47.0 | 85.0 |
          20.0 |             13.0 |           409.573 |   0.09518 |  3691124.0 | 49.0 | 85.0 |
          20.0 |             13.0 |           542.213 |    0.6294 |  3750851.5 | 55.0 | 85.0 |
          20.0 |             13.0 |           25.0475 | 4.966e-05 |        0.0 |  1.0 | 86.0 |
          20.0 |             13.0 |            25.202 |  0.008333 |    24465.0 |  2.0 | 86.0 |
          20.0 |             13.0 |             25.23 |  0.004279 |    28880.0 |  3.0 | 86.0 |
          20.0 |             13.0 |           25.6134 |     0.127 |    88202.4 |  4.0 | 86.0 |
          20.0 |             13.0 |           26.2206 |      2.07 |  178619.47 |  5.0 | 86.0 |
          20.0 |             13.0 |           39.1835 |  6.83e-05 |  1440313.0 | 10.0 | 86.0 |
          20.0 |             13.0 |           339.054 |     0.022 |  3677765.5 | 39.0 | 86.0 |
          20.0 |             13.0 |           345.753 |  0.008763 |  3683480.0 | 45.0 | 86.0 |
          20.0 |             13.0 |           366.561 |    0.1904 |  3699897.5 | 48.0 | 86.0 |
          20.0 |             13.0 |           390.121 |   0.04746 |  3716373.0 | 50.0 | 86.0 |
          20.0 |             13.0 |           450.751 |   0.01166 |  3750851.5 | 55.0 | 86.0 |
          20.0 |             13.0 |           620.178 |    0.1534 |  3811459.5 | 65.0 | 86.0 |
%CHIANTI