 Atomic Number | Ionization State | Wavelength (Ang.) |  g_i*f_ik | E_i(cm^-1) |    i |    j |
          22.0 |             16.0 |           861.839 |       0.0 |        0.0 |  1.0 |  2.0 |
          22.0 |             16.0 |           765.105 |       0.0 |        0.0 |  1.0 |  3.0 |
          22.0 |             16.0 |          6816.633 |       0.0 |   116031.0 |  2.0 |  3.0 |
          22.0 |             16.0 |           505.837 |       0.0 |        0.0 |  1.0 |  4.0 |
          22.0 |             16.0 |          1224.575 |       0.0 |   116031.0 |  2.0 |  4.0 |
          22.0 |             16.0 |          1492.738 |       0.0 |   130701.0 |  3.0 |  4.0 |
          22.0 |             16.0 |           456.084 |       0.0 |        0.0 |  1.0 |  5.0 |
          22.0 |             16.0 |           968.739 |       0.0 |   116031.0 |  2.0 |  5.0 |
          22.0 |             16.0 |          1129.216 |       0.0 |   130701.0 |  3.0 |  5.0 |
          22.0 |             16.0 |          4636.928 |       0.0 |   197692.0 |  4.0 |  5.0 |
          22.0 |             16.0 |           169.734 |     0.262 |        0.0 |  1.0 |  6.0 |
          22.0 |             16.0 |           211.361 |  0.003548 |   116031.0 |  2.0 |  6.0 |
          22.0 |             16.0 |           218.124 |  0.002778 |   130701.0 |  3.0 |  6.0 |
          22.0 |             16.0 |           270.345 |  0.001084 |   219258.0 |  5.0 |  6.0 |
          22.0 |             16.0 |           161.153 |    0.1876 |        0.0 |  1.0 |  7.0 |
          22.0 |             16.0 |           198.216 | 0.0001912 |   116031.0 |  2.0 |  7.0 |
          22.0 |             16.0 |           204.153 |  0.000174 |   130701.0 |  3.0 |  7.0 |
          22.0 |             16.0 |           236.497 |  1.86e-05 |   197692.0 |  4.0 |  7.0 |
          22.0 |             16.0 |           249.208 |  0.002248 |   219258.0 |  5.0 |  7.0 |
          22.0 |             16.0 |           157.794 |     0.098 |        0.0 |  1.0 |  8.0 |
          22.0 |             16.0 |            193.16 |  0.000472 |   116031.0 |  2.0 |  8.0 |
          22.0 |             16.0 |           229.334 |  0.000598 |   197692.0 |  4.0 |  8.0 |
          22.0 |             16.0 |           122.986 |  0.001412 |        0.0 |  1.0 |  9.0 |
          22.0 |             16.0 |           143.458 |    0.3364 |   116031.0 |  2.0 |  9.0 |
          22.0 |             16.0 |           146.542 |   0.00858 |   130701.0 |  3.0 |  9.0 |
          22.0 |             16.0 |           162.494 |    0.0416 |   197692.0 |  4.0 |  9.0 |
          22.0 |             16.0 |           168.395 |    0.0068 |   219258.0 |  5.0 |  9.0 |
          22.0 |             16.0 |           122.366 | 3.064e-05 |        0.0 |  1.0 | 10.0 |
          22.0 |             16.0 |           142.615 |   0.00064 |   116031.0 |  2.0 | 10.0 |
          22.0 |             16.0 |           145.663 |    0.4428 |   130701.0 |  3.0 | 10.0 |
          22.0 |             16.0 |           167.235 |     0.116 |   219258.0 |  5.0 | 10.0 |
          22.0 |             16.0 |           106.392 |  0.001416 |        0.0 |  1.0 | 11.0 |
          22.0 |             16.0 |           121.376 |    0.1032 |   116031.0 |  2.0 | 11.0 |
          22.0 |             16.0 |            134.73 |    0.1402 |   197692.0 |  4.0 | 11.0 |
          22.0 |             16.0 |           138.762 |      0.05 |   219258.0 |  5.0 | 11.0 |
          22.0 |             16.0 |           102.394 |   0.00716 |        0.0 |  1.0 | 12.0 |
          22.0 |             16.0 |           116.199 |      0.12 |   116031.0 |  2.0 | 12.0 |
          22.0 |             16.0 |           118.214 |     0.624 |   130701.0 |  3.0 | 12.0 |
          22.0 |             16.0 |           128.381 |    0.0528 |   197692.0 |  4.0 | 12.0 |
          22.0 |             16.0 |           132.037 |     0.092 |   219258.0 |  5.0 | 12.0 |
          22.0 |             16.0 |            97.994 |  0.000374 |        0.0 |  1.0 | 13.0 |
          22.0 |             16.0 |           110.566 |    0.1288 |   116031.0 |  2.0 | 13.0 |
          22.0 |             16.0 |            121.54 |    0.0262 |   197692.0 |  4.0 | 13.0 |
          22.0 |             16.0 |           124.811 |    0.2764 |   219258.0 |  5.0 | 13.0 |
          22.0 |             16.0 |            105.43 |   0.00532 |   589156.0 |  6.0 | 14.0 |
          22.0 |             16.0 |           109.037 |  0.002232 |   620530.0 |  7.0 | 14.0 |
          22.0 |             16.0 |            110.63 |  0.000728 |   633737.0 |  8.0 | 14.0 |
          22.0 |             16.0 |           138.805 |    0.3972 |   817219.0 | 10.0 | 14.0 |
          22.0 |             16.0 |           138.017 |    0.0968 |   813101.0 |  9.0 | 14.0 |
          22.0 |             16.0 |           167.298 |    0.0916 |   939916.0 | 11.0 | 14.0 |
          22.0 |             16.0 |           178.243 |     0.476 |   976621.0 | 12.0 | 14.0 |
          22.0 |             16.0 |           193.355 |    0.0516 |  1020469.0 | 13.0 | 14.0 |
          22.0 |             16.0 |           103.381 |   0.00016 |   620530.0 |  7.0 | 15.0 |
          22.0 |             16.0 |           104.812 |  0.000904 |   633737.0 |  8.0 | 15.0 |
          22.0 |             16.0 |           129.078 |    0.1916 |   813101.0 |  9.0 | 15.0 |
          22.0 |             16.0 |           154.343 |  0.001082 |   939916.0 | 11.0 | 15.0 |
          22.0 |             16.0 |           163.611 |    0.1498 |   976621.0 | 12.0 | 15.0 |
          22.0 |             16.0 |           176.256 |     0.226 |  1020469.0 | 13.0 | 15.0 |
          22.0 |             16.0 |           20.8132 |   0.05924 |        0.0 |  1.0 | 16.0 |
          22.0 |             16.0 |           21.3398 |  0.006522 |   116031.0 |  2.0 | 16.0 |
          22.0 |             16.0 |           21.7006 |  0.001089 |   197692.0 |  4.0 | 16.0 |
          22.0 |             16.0 |           21.8064 |  5.93e-05 |   219258.0 |  5.0 | 16.0 |
          22.0 |             16.0 |           30.8695 | 0.0001289 |  1537652.0 | 14.0 | 16.0 |
          22.0 |             16.0 |           31.3527 | 2.407e-05 |  1587825.0 | 15.0 | 16.0 |
          22.0 |             16.0 |           20.7089 |    0.1225 |        0.0 |  1.0 | 17.0 |
          22.0 |             16.0 |           21.2302 |  0.002843 |   116031.0 |  2.0 | 17.0 |
          22.0 |             16.0 |           21.2999 |  0.004931 |   130701.0 |  3.0 | 17.0 |
          22.0 |             16.0 |           21.5873 | 0.0003434 |   197692.0 |  4.0 | 17.0 |
          22.0 |             16.0 |           21.6919 |  0.001955 |   219258.0 |  5.0 | 17.0 |
          22.0 |             16.0 |           30.6407 | 0.0001309 |  1537652.0 | 14.0 | 17.0 |
          22.0 |             16.0 |           31.1167 | 7.243e-06 |  1587825.0 | 15.0 | 17.0 |
          22.0 |             16.0 |            20.601 |    0.1794 |        0.0 |  1.0 | 18.0 |
          22.0 |             16.0 |           21.1167 | 4.003e-05 |   116031.0 |  2.0 | 18.0 |
          22.0 |             16.0 |           21.1857 |   0.01765 |   130701.0 |  3.0 | 18.0 |
          22.0 |             16.0 |           30.4049 | 0.0001022 |  1537652.0 | 14.0 | 18.0 |
          22.0 |             16.0 |           20.5912 | 6.675e-05 |        0.0 |  1.0 | 19.0 |
          22.0 |             16.0 |           21.1064 |     0.142 |   116031.0 |  2.0 | 19.0 |
          22.0 |             16.0 |           21.4593 |     0.048 |   197692.0 |  4.0 | 19.0 |
          22.0 |             16.0 |           21.5627 |  0.000691 |   219258.0 |  5.0 | 19.0 |
          22.0 |             16.0 |           30.3835 | 0.0006087 |  1537652.0 | 14.0 | 19.0 |
          22.0 |             16.0 |           30.8515 | 0.0009855 |  1587825.0 | 15.0 | 19.0 |
          22.0 |             16.0 |           20.4737 | 2.905e-05 |        0.0 |  1.0 | 20.0 |
          22.0 |             16.0 |           20.9831 |   0.01519 |   116031.0 |  2.0 | 20.0 |
          22.0 |             16.0 |           21.0511 |    0.2203 |   130701.0 |  3.0 | 20.0 |
          22.0 |             16.0 |           21.3318 |   0.05773 |   197692.0 |  4.0 | 20.0 |
          22.0 |             16.0 |            21.434 |   0.07434 |   219258.0 |  5.0 | 20.0 |
          22.0 |             16.0 |           30.1286 |  0.001929 |  1537652.0 | 14.0 | 20.0 |
          22.0 |             16.0 |           30.5887 |  0.001136 |  1587825.0 | 15.0 | 20.0 |
          22.0 |             16.0 |           20.2072 |  0.004329 |        0.0 |  1.0 | 21.0 |
          22.0 |             16.0 |           20.7032 |   0.06131 |   116031.0 |  2.0 | 21.0 |
          22.0 |             16.0 |           20.7695 |    0.2313 |   130701.0 |  3.0 | 21.0 |
          22.0 |             16.0 |           21.1421 |    0.0497 |   219258.0 |  5.0 | 21.0 |
          22.0 |             16.0 |            29.555 |  0.001616 |  1537652.0 | 14.0 | 21.0 |
          22.0 |             16.0 |           20.1928 | 0.0003456 |        0.0 |  1.0 | 22.0 |
          22.0 |             16.0 |           20.6881 |   0.07658 |   116031.0 |  2.0 | 22.0 |
          22.0 |             16.0 |           20.7543 |  0.003322 |   130701.0 |  3.0 | 22.0 |
          22.0 |             16.0 |           21.0271 |   0.02177 |   197692.0 |  4.0 | 22.0 |
          22.0 |             16.0 |           21.1263 |    0.1499 |   219258.0 |  5.0 | 22.0 |
          22.0 |             16.0 |           29.5242 |  0.001234 |  1537652.0 | 14.0 | 22.0 |
          22.0 |             16.0 |           29.9659 | 0.0003868 |  1587825.0 | 15.0 | 22.0 |
          22.0 |             16.0 |           20.1363 |       0.0 |        0.0 |  1.0 | 23.0 |
          22.0 |             16.0 |           20.6288 |       0.0 |   116031.0 |  2.0 | 23.0 |
          22.0 |             16.0 |           21.0645 |       0.0 |   219258.0 |  5.0 | 23.0 |
          22.0 |             16.0 |           23.0037 | 0.0001095 |   620530.0 |  7.0 | 23.0 |
          22.0 |             16.0 |           23.0744 | 0.0001359 |   633737.0 |  8.0 | 23.0 |
          22.0 |             16.0 |             24.14 | 8.318e-05 |   813101.0 |  9.0 | 23.0 |
          22.0 |             16.0 |           24.8982 | 1.604e-05 |   939916.0 | 11.0 | 23.0 |
          22.0 |             16.0 |            25.184 | 0.0005387 |   976621.0 | 12.0 | 23.0 |
          22.0 |             16.0 |            25.457 |  1.18e-06 |  1020469.0 | 13.0 | 23.0 |
          22.0 |             16.0 |           29.4036 |       0.0 |  1537652.0 | 14.0 | 23.0 |
          22.0 |             16.0 |           619.157 |    0.1459 |  4804638.0 | 16.0 | 23.0 |
          22.0 |             16.0 |           728.242 |  6.79e-05 |  4828831.0 | 17.0 | 23.0 |
          22.0 |             16.0 |           911.635 |  0.007713 |  4856455.0 | 19.0 | 23.0 |
          22.0 |             16.0 |          1221.896 |  0.006692 |  4884308.0 | 20.0 | 23.0 |
          22.0 |             16.0 |           20.0596 |       0.0 |        0.0 |  1.0 | 24.0 |
          22.0 |             16.0 |           20.5484 |       0.0 |   116031.0 |  2.0 | 24.0 |
          22.0 |             16.0 |           20.6136 |       0.0 |   130701.0 |  3.0 | 24.0 |
          22.0 |             16.0 |           20.8827 |       0.0 |   197692.0 |  4.0 | 24.0 |
          22.0 |             16.0 |           20.9806 |       0.0 |   219258.0 |  5.0 | 24.0 |
          22.0 |             16.0 |           22.7411 | 0.0001418 |   589156.0 |  6.0 | 24.0 |
          22.0 |             16.0 |           22.9037 | 1.004e-07 |   620530.0 |  7.0 | 24.0 |
          22.0 |             16.0 |           22.9738 | 0.0004361 |   633737.0 |  8.0 | 24.0 |
          22.0 |             16.0 |           24.0299 | 2.374e-08 |   813101.0 |  9.0 | 24.0 |
          22.0 |             16.0 |           24.0518 | 1.216e-05 |   817219.0 | 10.0 | 24.0 |
          22.0 |             16.0 |           24.7811 | 9.476e-06 |   939916.0 | 11.0 | 24.0 |
          22.0 |             16.0 |           25.0641 | 4.088e-05 |   976621.0 | 12.0 | 24.0 |
          22.0 |             16.0 |           25.3346 | 4.111e-06 |  1020469.0 | 13.0 | 24.0 |
          22.0 |             16.0 |           29.2403 |       0.0 |  1537652.0 | 14.0 | 24.0 |
          22.0 |             16.0 |           554.035 |    0.2753 |  4804638.0 | 16.0 | 24.0 |
          22.0 |             16.0 |           639.791 |   0.08474 |  4828831.0 | 17.0 | 24.0 |
          22.0 |             16.0 |           763.417 |  0.000182 |  4854142.0 | 18.0 | 24.0 |
          22.0 |             16.0 |            777.14 |  0.004922 |  4856455.0 | 19.0 | 24.0 |
          22.0 |             16.0 |           991.827 | 0.0002936 |  4884308.0 | 20.0 | 24.0 |
          22.0 |             16.0 |           20.0557 |       0.0 |        0.0 |  1.0 | 25.0 |
          22.0 |             16.0 |           20.5442 |       0.0 |   116031.0 |  2.0 | 25.0 |
          22.0 |             16.0 |           20.9762 |       0.0 |   219258.0 |  5.0 | 25.0 |
          22.0 |             16.0 |           22.8985 | 0.0002575 |   620530.0 |  7.0 | 25.0 |
          22.0 |             16.0 |           22.9685 | 1.078e-06 |   633737.0 |  8.0 | 25.0 |
          22.0 |             16.0 |           24.0242 | 1.332e-05 |   813101.0 |  9.0 | 25.0 |
          22.0 |             16.0 |            24.775 | 3.492e-05 |   939916.0 | 11.0 | 25.0 |
          22.0 |             16.0 |           25.0579 | 0.0005758 |   976621.0 | 12.0 | 25.0 |
          22.0 |             16.0 |           25.3282 | 0.0001637 |  1020469.0 | 13.0 | 25.0 |
          22.0 |             16.0 |            551.01 |    0.0177 |  4804638.0 | 16.0 | 25.0 |
          22.0 |             16.0 |            635.76 |    0.0716 |  4828831.0 | 17.0 | 25.0 |
          22.0 |             16.0 |             771.2 |   0.03891 |  4856455.0 | 19.0 | 25.0 |
          22.0 |             16.0 |           982.174 |   0.01986 |  4884308.0 | 20.0 | 25.0 |
          22.0 |             16.0 |          2952.204 | 0.0003429 |  4952250.0 | 22.0 | 25.0 |
          22.0 |             16.0 |           19.9713 |       0.0 |        0.0 |  1.0 | 26.0 |
          22.0 |             16.0 |           20.4557 |       0.0 |   116031.0 |  2.0 | 26.0 |
          22.0 |             16.0 |            20.884 |       0.0 |   219258.0 |  5.0 | 26.0 |
          22.0 |             16.0 |           22.6277 | 0.0001335 |   589156.0 |  6.0 | 26.0 |
          22.0 |             16.0 |           22.7887 | 0.0005456 |   620530.0 |  7.0 | 26.0 |
          22.0 |             16.0 |           23.9033 | 2.372e-05 |   813101.0 |  9.0 | 26.0 |
          22.0 |             16.0 |            23.925 | 9.562e-06 |   817219.0 | 10.0 | 26.0 |
          22.0 |             16.0 |           24.9264 | 2.677e-05 |   976621.0 | 12.0 | 26.0 |
          22.0 |             16.0 |           560.717 |    0.5214 |  4828831.0 | 17.0 | 26.0 |
          22.0 |             16.0 |           653.458 |    0.0318 |  4854142.0 | 18.0 | 26.0 |
          22.0 |             16.0 |           813.895 |  0.004604 |  4884308.0 | 20.0 | 26.0 |
          22.0 |             16.0 |          1710.835 | 0.0003659 |  4948723.0 | 21.0 | 26.0 |
          22.0 |             16.0 |           19.9529 |       0.0 |        0.0 |  1.0 | 27.0 |
          22.0 |             16.0 |           20.4363 |       0.0 |   116031.0 |  2.0 | 27.0 |
          22.0 |             16.0 |           20.5009 |       0.0 |   130701.0 |  3.0 | 27.0 |
          22.0 |             16.0 |            20.767 |       0.0 |   197692.0 |  4.0 | 27.0 |
          22.0 |             16.0 |            22.604 |  0.001347 |   589156.0 |  6.0 | 27.0 |
          22.0 |             16.0 |           22.7646 | 0.0001806 |   620530.0 |  7.0 | 27.0 |
          22.0 |             16.0 |           22.8338 | 0.0004772 |   633737.0 |  8.0 | 27.0 |
          22.0 |             16.0 |           23.8769 | 8.833e-06 |   813101.0 |  9.0 | 27.0 |
          22.0 |             16.0 |           23.8985 | 3.368e-05 |   817219.0 | 10.0 | 27.0 |
          22.0 |             16.0 |           24.6184 | 1.929e-05 |   939916.0 | 11.0 | 27.0 |
          22.0 |             16.0 |           24.8977 | 0.0001374 |   976621.0 | 12.0 | 27.0 |
          22.0 |             16.0 |           25.1645 |  2.28e-05 |  1020469.0 | 13.0 | 27.0 |
          22.0 |             16.0 |           482.695 |   0.07246 |  4804638.0 | 16.0 | 27.0 |
          22.0 |             16.0 |           546.517 |    0.1565 |  4828831.0 | 17.0 | 27.0 |
          22.0 |             16.0 |           634.252 |   0.08185 |  4854142.0 | 18.0 | 27.0 |
          22.0 |             16.0 |           643.695 |    0.0302 |  4856455.0 | 19.0 | 27.0 |
          22.0 |             16.0 |           784.314 |   0.01145 |  4884308.0 | 20.0 | 27.0 |
          22.0 |             16.0 |          1585.163 | 0.0003164 |  4948723.0 | 21.0 | 27.0 |
          22.0 |             16.0 |          1679.036 |  0.001275 |  4952250.0 | 22.0 | 27.0 |
          22.0 |             16.0 |           19.9333 |       0.0 |        0.0 |  1.0 | 28.0 |
          22.0 |             16.0 |           20.4158 |       0.0 |   116031.0 |  2.0 | 28.0 |
          22.0 |             16.0 |           20.8424 |       0.0 |   219258.0 |  5.0 | 28.0 |
          22.0 |             16.0 |           22.7391 | 0.0009456 |   620530.0 |  7.0 | 28.0 |
          22.0 |             16.0 |           22.8081 |  0.000209 |   633737.0 |  8.0 | 28.0 |
          22.0 |             16.0 |           23.8488 | 0.0001495 |   813101.0 |  9.0 | 28.0 |
          22.0 |             16.0 |           24.5885 | 2.438e-06 |   939916.0 | 11.0 | 28.0 |
          22.0 |             16.0 |           24.8671 | 0.0003812 |   976621.0 | 12.0 | 28.0 |
          22.0 |             16.0 |           25.1333 | 2.781e-06 |  1020469.0 | 13.0 | 28.0 |
          22.0 |             16.0 |           471.473 |   0.01075 |  4804638.0 | 16.0 | 28.0 |
          22.0 |             16.0 |           532.175 |    0.1037 |  4828831.0 | 17.0 | 28.0 |
          22.0 |             16.0 |           623.893 |   0.03887 |  4856455.0 | 19.0 | 28.0 |
          22.0 |             16.0 |            755.11 |   0.02115 |  4884308.0 | 20.0 | 28.0 |
          22.0 |             16.0 |          1550.652 | 0.0001374 |  4952250.0 | 22.0 | 28.0 |
          22.0 |             16.0 |           19.8911 |       0.0 |        0.0 |  1.0 | 29.0 |
          22.0 |             16.0 |           20.3716 |       0.0 |   116031.0 |  2.0 | 29.0 |
          22.0 |             16.0 |           20.4357 |       0.0 |   130701.0 |  3.0 | 29.0 |
          22.0 |             16.0 |           20.7963 |       0.0 |   219258.0 |  5.0 | 29.0 |
          22.0 |             16.0 |           22.5248 |  0.002324 |   589156.0 |  6.0 | 29.0 |
          22.0 |             16.0 |           22.6843 | 0.0006934 |   620530.0 |  7.0 | 29.0 |
          22.0 |             16.0 |           23.7885 | 7.131e-05 |   813101.0 |  9.0 | 29.0 |
          22.0 |             16.0 |             23.81 | 6.835e-05 |   817219.0 | 10.0 | 29.0 |
          22.0 |             16.0 |           24.8016 | 9.805e-05 |   976621.0 | 12.0 | 29.0 |
          22.0 |             16.0 |           28.8836 |       0.0 |  1537652.0 | 14.0 | 29.0 |
          22.0 |             16.0 |           503.692 |   0.03808 |  4828831.0 | 17.0 | 29.0 |
          22.0 |             16.0 |           577.291 |    0.4044 |  4854142.0 | 18.0 | 29.0 |
          22.0 |             16.0 |           699.022 |   0.06145 |  4884308.0 | 20.0 | 29.0 |
          22.0 |             16.0 |          1271.585 |  0.006698 |  4948723.0 | 21.0 | 29.0 |
          22.0 |             16.0 |          1331.292 |  0.001122 |  4952250.0 | 22.0 | 29.0 |
          22.0 |             16.0 |             20.42 |       0.0 |   130701.0 |  3.0 | 30.0 |
          22.0 |             16.0 |           22.5057 | 0.0002172 |   589156.0 |  6.0 | 30.0 |
          22.0 |             16.0 |           23.7886 | 0.0002208 |   817219.0 | 10.0 | 30.0 |
          22.0 |             16.0 |             565.0 |    0.7526 |  4854142.0 | 18.0 | 30.0 |
          22.0 |             16.0 |          1213.445 | 8.728e-05 |  4948723.0 | 21.0 | 30.0 |
          22.0 |             16.0 |           19.8618 |       0.0 |        0.0 |  1.0 | 31.0 |
          22.0 |             16.0 |           20.3408 |       0.0 |   116031.0 |  2.0 | 31.0 |
          22.0 |             16.0 |           20.4047 |       0.0 |   130701.0 |  3.0 | 31.0 |
          22.0 |             16.0 |           20.6683 |       0.0 |   197692.0 |  4.0 | 31.0 |
          22.0 |             16.0 |           20.7642 |       0.0 |   219258.0 |  5.0 | 31.0 |
          22.0 |             16.0 |           22.4872 | 0.0003506 |   589156.0 |  6.0 | 31.0 |
          22.0 |             16.0 |           22.6461 |  5.44e-05 |   620530.0 |  7.0 | 31.0 |
          22.0 |             16.0 |           22.7146 | 0.0002124 |   633737.0 |  8.0 | 31.0 |
          22.0 |             16.0 |           23.7465 | 6.351e-05 |   813101.0 |  9.0 | 31.0 |
          22.0 |             16.0 |           23.7679 | 8.749e-05 |   817219.0 | 10.0 | 31.0 |
          22.0 |             16.0 |           24.4798 | 8.287e-06 |   939916.0 | 11.0 | 31.0 |
          22.0 |             16.0 |            24.756 | 3.901e-05 |   976621.0 | 12.0 | 31.0 |
          22.0 |             16.0 |           25.0197 | 4.111e-07 |  1020469.0 | 13.0 | 31.0 |
          22.0 |             16.0 |           28.8218 |       0.0 |  1537652.0 | 14.0 | 31.0 |
          22.0 |             16.0 |           29.2426 |       0.0 |  1587825.0 | 15.0 | 31.0 |
          22.0 |             16.0 |            434.48 |  0.004814 |  4804638.0 | 16.0 | 31.0 |
          22.0 |             16.0 |           485.515 |    0.0412 |  4828831.0 | 17.0 | 31.0 |
          22.0 |             16.0 |           553.538 |    0.0153 |  4854142.0 | 18.0 | 31.0 |
          22.0 |             16.0 |           664.496 |   0.06532 |  4884308.0 | 20.0 | 31.0 |
          22.0 |             16.0 |          1161.778 |  0.003274 |  4948723.0 | 21.0 | 31.0 |
          22.0 |             16.0 |          1211.416 |    0.0142 |  4952250.0 | 22.0 | 31.0 |
          22.0 |             16.0 |           19.7282 |       0.0 |        0.0 |  1.0 | 32.0 |
          22.0 |             16.0 |           20.2007 |       0.0 |   116031.0 |  2.0 | 32.0 |
          22.0 |             16.0 |           20.2637 |       0.0 |   130701.0 |  3.0 | 32.0 |
          22.0 |             16.0 |           20.6182 |       0.0 |   219258.0 |  5.0 | 32.0 |
          22.0 |             16.0 |           22.3161 | 0.0009648 |   589156.0 |  6.0 | 32.0 |
          22.0 |             16.0 |           22.4726 | 0.0003098 |   620530.0 |  7.0 | 32.0 |
          22.0 |             16.0 |           23.5558 | 0.0002826 |   813101.0 |  9.0 | 32.0 |
          22.0 |             16.0 |           23.5768 | 8.661e-05 |   817219.0 | 10.0 | 32.0 |
          22.0 |             16.0 |           24.5488 | 0.0001163 |   976621.0 | 12.0 | 32.0 |
          22.0 |             16.0 |           28.5413 |       0.0 |  1537652.0 | 14.0 | 32.0 |
          22.0 |             16.0 |           416.556 |   0.00074 |  4828831.0 | 17.0 | 32.0 |
          22.0 |             16.0 |           465.651 |    0.1056 |  4854142.0 | 18.0 | 32.0 |
          22.0 |             16.0 |            541.75 |    0.3326 |  4884308.0 | 20.0 | 32.0 |
          22.0 |             16.0 |           832.141 |   0.09387 |  4948723.0 | 21.0 | 32.0 |
          22.0 |             16.0 |           857.302 | 0.0005786 |  4952250.0 | 22.0 | 32.0 |
          22.0 |             16.0 |           19.7109 |       0.0 |        0.0 |  1.0 | 33.0 |
          22.0 |             16.0 |           20.1826 |       0.0 |   116031.0 |  2.0 | 33.0 |
          22.0 |             16.0 |           20.2455 |       0.0 |   130701.0 |  3.0 | 33.0 |
          22.0 |             16.0 |            20.505 |       0.0 |   197692.0 |  4.0 | 33.0 |
          22.0 |             16.0 |           20.5994 |       0.0 |   219258.0 |  5.0 | 33.0 |
          22.0 |             16.0 |            22.294 | 0.0002306 |   589156.0 |  6.0 | 33.0 |
          22.0 |             16.0 |           22.4502 | 7.043e-06 |   620530.0 |  7.0 | 33.0 |
          22.0 |             16.0 |           22.5175 | 1.544e-05 |   633737.0 |  8.0 | 33.0 |
          22.0 |             16.0 |           23.5312 | 1.904e-05 |   813101.0 |  9.0 | 33.0 |
          22.0 |             16.0 |           23.5522 |  0.001374 |   817219.0 | 10.0 | 33.0 |
          22.0 |             16.0 |           24.2511 |  0.000383 |   939916.0 | 11.0 | 33.0 |
          22.0 |             16.0 |           24.5221 |  0.001971 |   976621.0 | 12.0 | 33.0 |
          22.0 |             16.0 |           24.7809 | 0.0002853 |  1020469.0 | 13.0 | 33.0 |
          22.0 |             16.0 |           28.5052 |       0.0 |  1537652.0 | 14.0 | 33.0 |
          22.0 |             16.0 |           28.9167 |       0.0 |  1587825.0 | 15.0 | 33.0 |
          22.0 |             16.0 |           372.176 | 0.0002273 |  4804638.0 | 16.0 | 33.0 |
          22.0 |             16.0 |           409.003 |   0.02196 |  4828831.0 | 17.0 | 33.0 |
          22.0 |             16.0 |           456.234 |   0.03308 |  4854142.0 | 18.0 | 33.0 |
          22.0 |             16.0 |           461.099 |   0.06493 |  4856455.0 | 19.0 | 33.0 |
          22.0 |             16.0 |           529.045 |    0.2106 |  4884308.0 | 20.0 | 33.0 |
          22.0 |             16.0 |           802.536 |   0.03703 |  4948723.0 | 21.0 | 33.0 |
          22.0 |             16.0 |           19.6833 |  3.59e-06 |        0.0 |  1.0 | 34.0 |
          22.0 |             16.0 |           20.1536 |  0.003928 |   116031.0 |  2.0 | 34.0 |
          22.0 |             16.0 |           20.4751 |   0.05035 |   197692.0 |  4.0 | 34.0 |
          22.0 |             16.0 |           20.5692 |   0.05556 |   219258.0 |  5.0 | 34.0 |
          22.0 |             16.0 |           28.4474 |  0.001107 |  1537652.0 | 14.0 | 34.0 |
          22.0 |             16.0 |           28.8572 | 0.0009472 |  1587825.0 | 15.0 | 34.0 |
          22.0 |             16.0 |           19.6758 |       0.0 |        0.0 |  1.0 | 35.0 |
          22.0 |             16.0 |           20.1458 |       0.0 |   116031.0 |  2.0 | 35.0 |
          22.0 |             16.0 |           20.2085 |       0.0 |   130701.0 |  3.0 | 35.0 |
          22.0 |             16.0 |           20.4671 |       0.0 |   197692.0 |  4.0 | 35.0 |
          22.0 |             16.0 |           20.5611 |       0.0 |   219258.0 |  5.0 | 35.0 |
          22.0 |             16.0 |           22.2491 | 0.0004545 |   589156.0 |  6.0 | 35.0 |
          22.0 |             16.0 |           22.4047 | 0.0008992 |   620530.0 |  7.0 | 35.0 |
          22.0 |             16.0 |           22.4717 | 0.0006359 |   633737.0 |  8.0 | 35.0 |
          22.0 |             16.0 |           23.4812 | 2.825e-06 |   813101.0 |  9.0 | 35.0 |
          22.0 |             16.0 |           23.5021 | 2.762e-06 |   817219.0 | 10.0 | 35.0 |
          22.0 |             16.0 |            24.198 | 5.354e-05 |   939916.0 | 11.0 | 35.0 |
          22.0 |             16.0 |           24.4678 | 0.0002833 |   976621.0 | 12.0 | 35.0 |
          22.0 |             16.0 |           24.7254 |  0.000118 |  1020469.0 | 13.0 | 35.0 |
          22.0 |             16.0 |           360.053 |   0.05657 |  4804638.0 | 16.0 | 35.0 |
          22.0 |             16.0 |           394.409 |    0.1234 |  4828831.0 | 17.0 | 35.0 |
          22.0 |             16.0 |           438.149 |    0.3219 |  4854142.0 | 18.0 | 35.0 |
          22.0 |             16.0 |           442.635 |  0.007466 |  4856455.0 | 19.0 | 35.0 |
          22.0 |             16.0 |            504.88 |   0.02212 |  4884308.0 | 20.0 | 35.0 |
          22.0 |             16.0 |           748.212 |  0.007189 |  4948723.0 | 21.0 | 35.0 |
          22.0 |             16.0 |           768.492 | 0.0002457 |  4952250.0 | 22.0 | 35.0 |
          22.0 |             16.0 |           20.1398 |       0.0 |   116031.0 |  2.0 | 36.0 |
          22.0 |             16.0 |           20.5548 |       0.0 |   219258.0 |  5.0 | 36.0 |
          22.0 |             16.0 |           22.3972 |  3.45e-05 |   620530.0 |  7.0 | 36.0 |
          22.0 |             16.0 |            23.473 | 0.0002971 |   813101.0 |  9.0 | 36.0 |
          22.0 |             16.0 |           24.1892 | 0.0002831 |   939916.0 | 11.0 | 36.0 |
          22.0 |             16.0 |           24.4589 | 0.0001379 |   976621.0 | 12.0 | 36.0 |
          22.0 |             16.0 |           24.7163 |   0.00147 |  1020469.0 | 13.0 | 36.0 |
          22.0 |             16.0 |           28.4199 |       0.0 |  1537652.0 | 14.0 | 36.0 |
          22.0 |             16.0 |            358.13 | 0.0001043 |  4804638.0 | 16.0 | 36.0 |
          22.0 |             16.0 |           392.103 | 0.0001556 |  4828831.0 | 17.0 | 36.0 |
          22.0 |             16.0 |           439.732 |   0.06984 |  4856455.0 | 19.0 | 36.0 |
          22.0 |             16.0 |           501.107 |   0.07275 |  4884308.0 | 20.0 | 36.0 |
          22.0 |             16.0 |           759.786 |   0.04092 |  4952250.0 | 22.0 | 36.0 |
          22.0 |             16.0 |           19.5255 |       0.0 |        0.0 |  1.0 | 37.0 |
          22.0 |             16.0 |           19.9883 |       0.0 |   116031.0 |  2.0 | 37.0 |
          22.0 |             16.0 |             20.05 |       0.0 |   130701.0 |  3.0 | 37.0 |
          22.0 |             16.0 |            20.397 |       0.0 |   219258.0 |  5.0 | 37.0 |
          22.0 |             16.0 |           22.0571 | 1.297e-05 |   589156.0 |  6.0 | 37.0 |
          22.0 |             16.0 |             22.21 | 4.569e-05 |   620530.0 |  7.0 | 37.0 |
          22.0 |             16.0 |           23.2675 |  0.001178 |   813101.0 |  9.0 | 37.0 |
          22.0 |             16.0 |            23.288 | 0.0004127 |   817219.0 | 10.0 | 37.0 |
          22.0 |             16.0 |           24.2358 | 1.226e-05 |   976621.0 | 12.0 | 37.0 |
          22.0 |             16.0 |           28.1191 |       0.0 |  1537652.0 | 14.0 | 37.0 |
          22.0 |             16.0 |           341.685 | 0.0003168 |  4828831.0 | 17.0 | 37.0 |
          22.0 |             16.0 |           374.033 | 0.0006424 |  4854142.0 | 18.0 | 37.0 |
          22.0 |             16.0 |           421.603 |   0.01179 |  4884308.0 | 20.0 | 37.0 |
          22.0 |             16.0 |           578.787 |  0.003939 |  4948723.0 | 21.0 | 37.0 |
          22.0 |             16.0 |           590.849 |    0.5151 |  4952250.0 | 22.0 | 37.0 |
          22.0 |             16.0 |           20.0176 |       0.0 |   130701.0 |  3.0 | 38.0 |
          22.0 |             16.0 |            22.018 | 8.477e-05 |   589156.0 |  6.0 | 38.0 |
          22.0 |             16.0 |           23.2443 |  0.002204 |   817219.0 | 10.0 | 38.0 |
          22.0 |             16.0 |           363.078 | 8.634e-05 |  4854142.0 | 18.0 | 38.0 |
          22.0 |             16.0 |           552.969 |     0.751 |  4948723.0 | 21.0 | 38.0 |
          22.0 |             16.0 |             19.37 |       0.0 |        0.0 |  1.0 | 39.0 |
          22.0 |             16.0 |           19.8253 |       0.0 |   116031.0 |  2.0 | 39.0 |
          22.0 |             16.0 |            19.886 |       0.0 |   130701.0 |  3.0 | 39.0 |
          22.0 |             16.0 |           20.2273 |       0.0 |   219258.0 |  5.0 | 39.0 |
          22.0 |             16.0 |           21.8588 | 4.616e-07 |   589156.0 |  6.0 | 39.0 |
          22.0 |             16.0 |            22.009 | 3.507e-05 |   620530.0 |  7.0 | 39.0 |
          22.0 |             16.0 |           22.0736 | 2.267e-05 |   633737.0 |  8.0 | 39.0 |
          22.0 |             16.0 |           23.0469 | 0.0008289 |   813101.0 |  9.0 | 39.0 |
          22.0 |             16.0 |           23.0671 | 0.0005602 |   817219.0 | 10.0 | 39.0 |
          22.0 |             16.0 |            23.737 | 2.456e-05 |   939916.0 | 11.0 | 39.0 |
          22.0 |             16.0 |           23.9966 | 3.524e-05 |   976621.0 | 12.0 | 39.0 |
          22.0 |             16.0 |           24.2443 | 0.0001924 |  1020469.0 | 13.0 | 39.0 |
          22.0 |             16.0 |           27.7976 |       0.0 |  1537652.0 | 14.0 | 39.0 |
          22.0 |             16.0 |           28.1888 |       0.0 |  1587825.0 | 15.0 | 39.0 |
          22.0 |             16.0 |           279.338 |  0.003734 |  4804638.0 | 16.0 | 39.0 |
          22.0 |             16.0 |           299.584 |  0.002183 |  4828831.0 | 17.0 | 39.0 |
          22.0 |             16.0 |           324.165 | 2.323e-05 |  4854142.0 | 18.0 | 39.0 |
          22.0 |             16.0 |           326.614 |    0.1302 |  4856455.0 | 19.0 | 39.0 |
          22.0 |             16.0 |             359.3 |   0.01773 |  4884308.0 | 20.0 | 39.0 |
          22.0 |             16.0 |           467.499 |    0.2075 |  4948723.0 | 21.0 | 39.0 |
          22.0 |             16.0 |           475.337 |    0.1572 |  4952250.0 | 22.0 | 39.0 |
          22.0 |             16.0 |          1217.034 | 0.0005897 |  5080460.0 | 34.0 | 39.0 |
          22.0 |             16.0 |           19.3464 |       0.0 |        0.0 |  1.0 | 40.0 |
          22.0 |             16.0 |           19.8006 |       0.0 |   116031.0 |  2.0 | 40.0 |
          22.0 |             16.0 |           19.8612 |       0.0 |   130701.0 |  3.0 | 40.0 |
          22.0 |             16.0 |           20.2016 |       0.0 |   219258.0 |  5.0 | 40.0 |
          22.0 |             16.0 |           21.8288 |  1.09e-05 |   589156.0 |  6.0 | 40.0 |
          22.0 |             16.0 |           21.9786 | 2.708e-06 |   620530.0 |  7.0 | 40.0 |
          22.0 |             16.0 |           23.0136 | 0.0002486 |   813101.0 |  9.0 | 40.0 |
          22.0 |             16.0 |           23.0337 |  0.001031 |   817219.0 | 10.0 | 40.0 |
          22.0 |             16.0 |           23.9604 | 3.663e-05 |   976621.0 | 12.0 | 40.0 |
          22.0 |             16.0 |           27.7491 |       0.0 |  1537652.0 | 14.0 | 40.0 |
          22.0 |             16.0 |           294.043 |  0.005547 |  4828831.0 | 17.0 | 40.0 |
          22.0 |             16.0 |           317.687 |   0.01114 |  4854142.0 | 18.0 | 40.0 |
          22.0 |             16.0 |           351.359 |    0.2448 |  4884308.0 | 20.0 | 40.0 |
          22.0 |             16.0 |           454.145 |    0.5291 |  4948723.0 | 21.0 | 40.0 |
          22.0 |             16.0 |           461.538 |   0.01091 |  4952250.0 | 22.0 | 40.0 |
          22.0 |             16.0 |           19.3186 |       0.0 |        0.0 |  1.0 | 41.0 |
          22.0 |             16.0 |           19.7714 |       0.0 |   116031.0 |  2.0 | 41.0 |
          22.0 |             16.0 |           20.1713 |       0.0 |   219258.0 |  5.0 | 41.0 |
          22.0 |             16.0 |           21.9427 | 1.957e-05 |   620530.0 |  7.0 | 41.0 |
          22.0 |             16.0 |           22.0069 | 4.345e-06 |   633737.0 |  8.0 | 41.0 |
          22.0 |             16.0 |           22.9742 |  0.002093 |   813101.0 |  9.0 | 41.0 |
          22.0 |             16.0 |           23.6599 |  0.001043 |   939916.0 | 11.0 | 41.0 |
          22.0 |             16.0 |           23.9178 | 0.0003505 |   976621.0 | 12.0 | 41.0 |
          22.0 |             16.0 |           24.1639 | 4.668e-06 |  1020469.0 | 13.0 | 41.0 |
          22.0 |             16.0 |           269.016 | 0.0009052 |  4804638.0 | 16.0 | 41.0 |
          22.0 |             16.0 |           287.743 |  0.000322 |  4828831.0 | 17.0 | 41.0 |
          22.0 |             16.0 |            312.59 |   0.03624 |  4856455.0 | 19.0 | 41.0 |
          22.0 |             16.0 |           342.401 |   0.07369 |  4884308.0 | 20.0 | 41.0 |
          22.0 |             16.0 |           446.203 |    0.1468 |  4952250.0 | 22.0 | 41.0 |
          22.0 |             16.0 |           1042.72 | 0.0005524 |  5080460.0 | 34.0 | 41.0 |
          22.0 |             16.0 |            19.314 |   0.01987 |        0.0 |  1.0 | 42.0 |
          22.0 |             16.0 |           19.7666 |   0.03634 |   116031.0 |  2.0 | 42.0 |
          22.0 |             16.0 |            19.827 |  0.001077 |   130701.0 |  3.0 | 42.0 |
          22.0 |             16.0 |           20.0758 |  0.003141 |   197692.0 |  4.0 | 42.0 |
          22.0 |             16.0 |           20.1663 |  0.001829 |   219258.0 |  5.0 | 42.0 |
          22.0 |             16.0 |           27.6824 |  0.000589 |  1537652.0 | 14.0 | 42.0 |
          22.0 |             16.0 |           28.0704 | 5.625e-05 |  1587825.0 | 15.0 | 42.0 |
          22.0 |             16.0 |           472.927 |    0.2723 |  4966148.0 | 23.0 | 42.0 |
          22.0 |             16.0 |           519.575 |   0.06467 |  4985132.0 | 24.0 | 42.0 |
          22.0 |             16.0 |           522.264 |   0.04147 |  4986123.0 | 25.0 | 42.0 |
          22.0 |             16.0 |           586.775 | 0.0008047 |  5007174.0 | 26.0 | 42.0 |
          22.0 |             16.0 |           621.666 |  0.001285 |  5016739.0 | 28.0 | 42.0 |
          22.0 |             16.0 |            19.274 |   0.09513 |        0.0 |  1.0 | 43.0 |
          22.0 |             16.0 |           19.7247 |   0.03919 |   116031.0 |  2.0 | 43.0 |
          22.0 |             16.0 |           19.7848 |   0.01026 |   130701.0 |  3.0 | 43.0 |
          22.0 |             16.0 |           20.1226 | 0.0003625 |   219258.0 |  5.0 | 43.0 |
          22.0 |             16.0 |           27.6003 | 0.0002099 |  1537652.0 | 14.0 | 43.0 |
          22.0 |             16.0 |           492.099 |    0.5221 |  4985132.0 | 24.0 | 43.0 |
          22.0 |             16.0 |           551.971 |   0.04124 |  5007174.0 | 26.0 | 43.0 |
          22.0 |             16.0 |           19.7141 |   0.03619 |   130701.0 |  3.0 | 44.0 |
          22.0 |             16.0 |           501.726 |    0.7297 |  5007174.0 | 26.0 | 44.0 |
          22.0 |             16.0 |           558.282 |  0.001879 |  5027365.0 | 29.0 | 44.0 |
          22.0 |             16.0 |           570.278 |   0.01493 |  5031133.0 | 30.0 | 44.0 |
          22.0 |             16.0 |           19.6532 |       0.0 |   116031.0 |  2.0 | 45.0 |
          22.0 |             16.0 |           19.7129 |       0.0 |   130701.0 |  3.0 | 45.0 |
          22.0 |             16.0 |           19.9588 |       0.0 |   197692.0 |  4.0 | 45.0 |
          22.0 |             16.0 |           20.0482 |       0.0 |   219258.0 |  5.0 | 45.0 |
          22.0 |             16.0 |           21.6498 | 1.309e-05 |   589156.0 |  6.0 | 45.0 |
          22.0 |             16.0 |           21.7971 | 7.653e-06 |   620530.0 |  7.0 | 45.0 |
          22.0 |             16.0 |           21.8605 | 8.174e-07 |   633737.0 |  8.0 | 45.0 |
          22.0 |             16.0 |           22.8147 | 5.146e-05 |   813101.0 |  9.0 | 45.0 |
          22.0 |             16.0 |           22.8344 |   0.00249 |   817219.0 | 10.0 | 45.0 |
          22.0 |             16.0 |           23.4907 | 0.0007217 |   939916.0 | 11.0 | 45.0 |
          22.0 |             16.0 |           23.7449 |  0.001028 |   976621.0 | 12.0 | 45.0 |
          22.0 |             16.0 |           23.9875 | 0.0005842 |  1020469.0 | 13.0 | 45.0 |
          22.0 |             16.0 |           27.4605 |       0.0 |  1537652.0 | 14.0 | 45.0 |
          22.0 |             16.0 |            248.66 | 1.162e-05 |  4804638.0 | 16.0 | 45.0 |
          22.0 |             16.0 |           264.576 |   0.00111 |  4828831.0 | 17.0 | 45.0 |
          22.0 |             16.0 |           283.566 | 0.0001847 |  4854142.0 | 18.0 | 45.0 |
          22.0 |             16.0 |           285.438 | 0.0002971 |  4856455.0 | 19.0 | 45.0 |
          22.0 |             16.0 |           310.091 |   0.06825 |  4884308.0 | 20.0 | 45.0 |
          22.0 |             16.0 |            387.49 |    0.1715 |  4948723.0 | 21.0 | 45.0 |
          22.0 |             16.0 |           392.859 |     0.311 |  4952250.0 | 22.0 | 45.0 |
          22.0 |             16.0 |           791.553 |  0.005958 |  5080460.0 | 34.0 | 45.0 |
          22.0 |             16.0 |            19.188 |    0.1471 |        0.0 |  1.0 | 46.0 |
          22.0 |             16.0 |           19.6347 |   0.07534 |   116031.0 |  2.0 | 46.0 |
          22.0 |             16.0 |           19.6943 |   0.07407 |   130701.0 |  3.0 | 46.0 |
          22.0 |             16.0 |           19.9397 |   0.04985 |   197692.0 |  4.0 | 46.0 |
          22.0 |             16.0 |            20.029 |   0.07941 |   219258.0 |  5.0 | 46.0 |
          22.0 |             16.0 |           27.4244 |  0.005736 |  1537652.0 | 14.0 | 46.0 |
          22.0 |             16.0 |           27.8051 |  0.001307 |  1587825.0 | 15.0 | 46.0 |
          22.0 |             16.0 |           407.437 |   0.04626 |  4966148.0 | 23.0 | 46.0 |
          22.0 |             16.0 |           441.593 |    0.0274 |  4985132.0 | 24.0 | 46.0 |
          22.0 |             16.0 |           443.534 |    0.1564 |  4986123.0 | 25.0 | 46.0 |
          22.0 |             16.0 |            489.21 |   0.01467 |  5007174.0 | 26.0 | 46.0 |
          22.0 |             16.0 |           500.558 |   0.09213 |  5011808.0 | 27.0 | 46.0 |
          22.0 |             16.0 |           565.652 |  0.009437 |  5034798.0 | 31.0 | 46.0 |
          22.0 |             16.0 |           723.291 |   0.01532 |  5073328.0 | 33.0 | 46.0 |
          22.0 |             16.0 |           773.934 |  0.007518 |  5082375.0 | 35.0 | 46.0 |
          22.0 |             16.0 |           19.1749 |   0.02386 |        0.0 |  1.0 | 47.0 |
          22.0 |             16.0 |            19.621 |  0.007282 |   116031.0 |  2.0 | 47.0 |
          22.0 |             16.0 |           19.9256 |   0.02399 |   197692.0 |  4.0 | 47.0 |
          22.0 |             16.0 |           20.0147 |   0.01368 |   219258.0 |  5.0 | 47.0 |
          22.0 |             16.0 |           27.3976 | 0.0003315 |  1537652.0 | 14.0 | 47.0 |
          22.0 |             16.0 |           27.7775 |  0.000676 |  1587825.0 | 15.0 | 47.0 |
          22.0 |             16.0 |           401.597 |   0.00122 |  4966148.0 | 23.0 | 47.0 |
          22.0 |             16.0 |           434.741 |   0.00942 |  4985132.0 | 24.0 | 47.0 |
          22.0 |             16.0 |           436.622 |   0.09137 |  4986123.0 | 25.0 | 47.0 |
          22.0 |             16.0 |           491.773 |   0.02147 |  5011808.0 | 27.0 | 47.0 |
          22.0 |             16.0 |           503.994 |   0.06737 |  5016739.0 | 28.0 | 47.0 |
          22.0 |             16.0 |           554.459 |  0.004815 |  5034798.0 | 31.0 | 47.0 |
          22.0 |             16.0 |           761.684 |  0.001698 |  5083866.0 | 36.0 | 47.0 |
          22.0 |             16.0 |           19.1588 |    0.4927 |        0.0 |  1.0 | 48.0 |
          22.0 |             16.0 |           19.6041 |   0.05651 |   116031.0 |  2.0 | 48.0 |
          22.0 |             16.0 |           19.6635 |  0.002313 |   130701.0 |  3.0 | 48.0 |
          22.0 |             16.0 |           19.9971 |  0.002609 |   219258.0 |  5.0 | 48.0 |
          22.0 |             16.0 |           27.3647 | 0.0003293 |  1537652.0 | 14.0 | 48.0 |
          22.0 |             16.0 |           426.603 |  0.003016 |  4985132.0 | 24.0 | 48.0 |
          22.0 |             16.0 |           470.881 |     0.111 |  5007174.0 | 26.0 | 48.0 |
          22.0 |             16.0 |           481.385 |    0.3852 |  5011808.0 | 27.0 | 48.0 |
          22.0 |             16.0 |           520.354 |   0.04536 |  5027365.0 | 29.0 | 48.0 |
          22.0 |             16.0 |            530.76 |   0.01347 |  5031133.0 | 30.0 | 48.0 |
          22.0 |             16.0 |            541.29 |   0.00634 |  5034798.0 | 31.0 | 48.0 |
          22.0 |             16.0 |           509.523 |    0.9224 |  5031133.0 | 30.0 | 49.0 |
          22.0 |             16.0 |          1022.181 | 0.0001912 |  5129565.0 | 38.0 | 49.0 |
          22.0 |             16.0 |           19.2526 |   0.05389 |        0.0 |  1.0 | 50.0 |
          22.0 |             16.0 |           19.6925 |    0.2536 |   116031.0 |  2.0 | 50.0 |
          22.0 |             16.0 |           19.7496 |   0.03432 |   130701.0 |  3.0 | 50.0 |
          22.0 |             16.0 |           20.0144 |   0.06039 |   197692.0 |  4.0 | 50.0 |
          22.0 |             16.0 |           20.1011 |   0.06253 |   219258.0 |  5.0 | 50.0 |
          22.0 |             16.0 |           27.3489 |   0.00495 |  1537652.0 | 14.0 | 50.0 |
          22.0 |             16.0 |           27.7294 |  0.001204 |  1587825.0 | 15.0 | 50.0 |
          22.0 |             16.0 |           377.199 |  0.002272 |  4966148.0 | 23.0 | 50.0 |
          22.0 |             16.0 |           406.293 |  0.003065 |  4985132.0 | 24.0 | 50.0 |
          22.0 |             16.0 |           407.935 |   0.02781 |  4986123.0 | 25.0 | 50.0 |
          22.0 |             16.0 |           446.257 |   0.01279 |  5007174.0 | 26.0 | 50.0 |
          22.0 |             16.0 |           455.681 |   0.05221 |  5011808.0 | 27.0 | 50.0 |
          22.0 |             16.0 |           466.155 |    0.1967 |  5016739.0 | 28.0 | 50.0 |
          22.0 |             16.0 |           490.449 |   0.00387 |  5027365.0 | 29.0 | 50.0 |
          22.0 |             16.0 |           509.004 |   0.01656 |  5034798.0 | 31.0 | 50.0 |
          22.0 |             16.0 |           633.184 |   0.05311 |  5073328.0 | 33.0 | 50.0 |
          22.0 |             16.0 |           19.6105 |  0.004965 |   130701.0 |  3.0 | 51.0 |
          22.0 |             16.0 |           21.5264 |       0.0 |   589156.0 |  6.0 | 51.0 |
          22.0 |             16.0 |           442.284 |  0.001003 |  5007174.0 | 26.0 | 51.0 |
          22.0 |             16.0 |           485.654 |    0.5384 |  5027365.0 | 29.0 | 51.0 |
          22.0 |             16.0 |           494.707 |    0.2215 |  5031133.0 | 30.0 | 51.0 |
          22.0 |             16.0 |           608.354 | 0.0001073 |  5068895.0 | 32.0 | 51.0 |
          22.0 |             16.0 |           894.654 | 0.0007229 |  5121498.0 | 37.0 | 51.0 |
          22.0 |             16.0 |           964.246 |  0.004095 |  5129565.0 | 38.0 | 51.0 |
          22.0 |             16.0 |           19.0936 |    0.3783 |        0.0 |  1.0 | 52.0 |
          22.0 |             16.0 |           19.5358 |    0.3573 |   116031.0 |  2.0 | 52.0 |
          22.0 |             16.0 |           19.5948 |   0.06701 |   130701.0 |  3.0 | 52.0 |
          22.0 |             16.0 |           19.9261 |   0.02297 |   219258.0 |  5.0 | 52.0 |
          22.0 |             16.0 |           396.459 |   0.00497 |  4985132.0 | 24.0 | 52.0 |
          22.0 |             16.0 |           434.422 |   0.02792 |  5007174.0 | 26.0 | 52.0 |
          22.0 |             16.0 |            476.19 |  0.005314 |  5027365.0 | 29.0 | 52.0 |
          22.0 |             16.0 |           493.664 |     0.459 |  5034798.0 | 31.0 | 52.0 |
          22.0 |             16.0 |           593.577 |   0.03559 |  5068895.0 | 32.0 | 52.0 |
          22.0 |             16.0 |           19.0191 |  0.005089 |        0.0 |  1.0 | 53.0 |
          22.0 |             16.0 |           19.4578 |    0.0077 |   116031.0 |  2.0 | 53.0 |
          22.0 |             16.0 |           19.7574 |    0.2614 |   197692.0 |  4.0 | 53.0 |
          22.0 |             16.0 |            19.845 |    0.1115 |   219258.0 |  5.0 | 53.0 |
          22.0 |             16.0 |           27.0806 |  0.002294 |  1537652.0 | 14.0 | 53.0 |
          22.0 |             16.0 |           27.4518 |   0.00616 |  1587825.0 | 15.0 | 53.0 |
          22.0 |             16.0 |           342.783 |   0.01263 |  4966148.0 | 23.0 | 53.0 |
          22.0 |             16.0 |           367.979 |   0.01724 |  4986123.0 | 25.0 | 53.0 |
          22.0 |             16.0 |           406.388 |  0.001664 |  5011808.0 | 27.0 | 53.0 |
          22.0 |             16.0 |           414.699 |   0.04867 |  5016739.0 | 28.0 | 53.0 |
          22.0 |             16.0 |           541.859 |   0.02173 |  5073328.0 | 33.0 | 53.0 |
          22.0 |             16.0 |           574.673 |   0.07577 |  5083866.0 | 36.0 | 53.0 |
          22.0 |             16.0 |           19.1121 |     2.506 |        0.0 |  1.0 | 54.0 |
          22.0 |             16.0 |           19.5455 |  0.001868 |   116031.0 |  2.0 | 54.0 |
          22.0 |             16.0 |           19.6017 |    0.1023 |   130701.0 |  3.0 | 54.0 |
          22.0 |             16.0 |            19.948 | 0.0009826 |   219258.0 |  5.0 | 54.0 |
          22.0 |             16.0 |           27.0662 |  0.001886 |  1537652.0 | 14.0 | 54.0 |
          22.0 |             16.0 |           431.014 |    0.2836 |  5027365.0 | 29.0 | 54.0 |
          22.0 |             16.0 |            438.13 |   0.02588 |  5031133.0 | 30.0 | 54.0 |
          22.0 |             16.0 |           524.987 |   0.07108 |  5068895.0 | 32.0 | 54.0 |
          22.0 |             16.0 |           537.496 |   0.02936 |  5073328.0 | 33.0 | 54.0 |
          22.0 |             16.0 |           564.969 |    0.1591 |  5082375.0 | 35.0 | 54.0 |
          22.0 |             16.0 |           19.0891 |     2.083 |        0.0 |  1.0 | 55.0 |
          22.0 |             16.0 |           19.5215 | 5.522e-05 |   116031.0 |  2.0 | 55.0 |
          22.0 |             16.0 |           19.5775 |    0.0289 |   130701.0 |  3.0 | 55.0 |
          22.0 |             16.0 |           19.8377 | 0.0007437 |   197692.0 |  4.0 | 55.0 |
          22.0 |             16.0 |           19.9229 |  0.001101 |   219258.0 |  5.0 | 55.0 |
          22.0 |             16.0 |           27.0201 | 0.0006424 |  1537652.0 | 14.0 | 55.0 |
          22.0 |             16.0 |           355.526 |  0.008907 |  4986123.0 | 25.0 | 55.0 |
          22.0 |             16.0 |           391.255 |   0.03272 |  5011808.0 | 27.0 | 55.0 |
          22.0 |             16.0 |           398.952 |   0.02128 |  5016739.0 | 28.0 | 55.0 |
          22.0 |             16.0 |           416.613 |     0.103 |  5027365.0 | 29.0 | 55.0 |
          22.0 |             16.0 |           503.776 |    0.0181 |  5068895.0 | 32.0 | 55.0 |
          22.0 |             16.0 |           515.283 |   0.02459 |  5073328.0 | 33.0 | 55.0 |
          22.0 |             16.0 |           540.479 |    0.1769 |  5082375.0 | 35.0 | 55.0 |
          22.0 |             16.0 |           18.9691 |      1.12 |        0.0 |  1.0 | 56.0 |
          22.0 |             16.0 |           19.4055 | 0.0002319 |   116031.0 |  2.0 | 56.0 |
          22.0 |             16.0 |           19.7034 |  0.001853 |   197692.0 |  4.0 | 56.0 |
          22.0 |             16.0 |           19.7905 | 6.727e-05 |   219258.0 |  5.0 | 56.0 |
          22.0 |             16.0 |           26.9793 | 0.0002982 |  1537652.0 | 14.0 | 56.0 |
          22.0 |             16.0 |           27.3477 | 6.768e-05 |  1587825.0 | 15.0 | 56.0 |
          22.0 |             16.0 |           384.715 |   0.05885 |  5011808.0 | 27.0 | 56.0 |
          22.0 |             16.0 |           422.042 |  0.008866 |  5034798.0 | 31.0 | 56.0 |
          22.0 |             16.0 |           503.999 |  0.009826 |  5073328.0 | 33.0 | 56.0 |
          22.0 |             16.0 |           528.078 |    0.1139 |  5082375.0 | 35.0 | 56.0 |
          22.0 |             16.0 |           19.5511 |    0.7157 |   130701.0 |  3.0 | 57.0 |
          22.0 |             16.0 |           375.337 |  0.003493 |  5007174.0 | 26.0 | 57.0 |
          22.0 |             16.0 |           406.114 |  0.009868 |  5027365.0 | 29.0 | 57.0 |
          22.0 |             16.0 |           412.426 |     0.038 |  5031133.0 | 30.0 | 57.0 |
          22.0 |             16.0 |           488.505 |    0.6325 |  5068895.0 | 32.0 | 57.0 |
          22.0 |             16.0 |           694.271 |   0.05917 |  5129565.0 | 38.0 | 57.0 |
          22.0 |             16.0 |            19.396 |       0.0 |   116031.0 |  2.0 | 58.0 |
          22.0 |             16.0 |           19.7807 |       0.0 |   219258.0 |  5.0 | 58.0 |
          22.0 |             16.0 |           21.4812 | 3.143e-07 |   620530.0 |  7.0 | 58.0 |
          22.0 |             16.0 |           21.5428 | 2.054e-06 |   633737.0 |  8.0 | 58.0 |
          22.0 |             16.0 |           22.4689 | 0.0006075 |   813101.0 |  9.0 | 58.0 |
          22.0 |             16.0 |           23.1243 | 0.0004074 |   939916.0 | 11.0 | 58.0 |
          22.0 |             16.0 |           23.3705 |  0.000134 |   976621.0 | 12.0 | 58.0 |
          22.0 |             16.0 |           23.6055 | 0.0003061 |  1020469.0 | 13.0 | 58.0 |
          22.0 |             16.0 |            26.961 |       0.0 |  1537652.0 | 14.0 | 58.0 |
          22.0 |             16.0 |           212.938 | 0.0001106 |  4804638.0 | 16.0 | 58.0 |
          22.0 |             16.0 |           224.503 |  0.000109 |  4828831.0 | 17.0 | 58.0 |
          22.0 |             16.0 |           239.347 |    0.0086 |  4856455.0 | 19.0 | 58.0 |
          22.0 |             16.0 |           256.442 |   0.01003 |  4884308.0 | 20.0 | 58.0 |
          22.0 |             16.0 |            310.55 | 0.0003309 |  4952250.0 | 22.0 | 58.0 |
          22.0 |             16.0 |           515.999 |    0.1964 |  5080460.0 | 34.0 | 58.0 |
          22.0 |             16.0 |           19.3795 |       0.0 |   116031.0 |  2.0 | 59.0 |
          22.0 |             16.0 |           19.4375 |       0.0 |   130701.0 |  3.0 | 59.0 |
          22.0 |             16.0 |           19.6766 |       0.0 |   197692.0 |  4.0 | 59.0 |
          22.0 |             16.0 |           19.7635 |       0.0 |   219258.0 |  5.0 | 59.0 |
          22.0 |             16.0 |           21.3181 |  3.64e-05 |   589156.0 |  6.0 | 59.0 |
          22.0 |             16.0 |           21.4609 | 1.114e-05 |   620530.0 |  7.0 | 59.0 |
          22.0 |             16.0 |           21.5224 | 2.058e-05 |   633737.0 |  8.0 | 59.0 |
          22.0 |             16.0 |           22.4467 | 4.788e-05 |   813101.0 |  9.0 | 59.0 |
          22.0 |             16.0 |           22.4658 |  0.001013 |   817219.0 | 10.0 | 59.0 |
          22.0 |             16.0 |           23.1008 |  0.001396 |   939916.0 | 11.0 | 59.0 |
          22.0 |             16.0 |           23.3465 | 5.323e-06 |   976621.0 | 12.0 | 59.0 |
          22.0 |             16.0 |            23.581 | 0.0001966 |  1020469.0 | 13.0 | 59.0 |
          22.0 |             16.0 |           26.9291 |       0.0 |  1537652.0 | 14.0 | 59.0 |
          22.0 |             16.0 |           27.2961 |       0.0 |  1587825.0 | 15.0 | 59.0 |
          22.0 |             16.0 |           210.962 | 7.497e-05 |  4804638.0 | 16.0 | 59.0 |
          22.0 |             16.0 |           222.308 | 0.0001449 |  4828831.0 | 17.0 | 59.0 |
          22.0 |             16.0 |           235.562 | 0.0001331 |  4854142.0 | 18.0 | 59.0 |
          22.0 |             16.0 |           236.853 |  0.001311 |  4856455.0 | 19.0 | 59.0 |
          22.0 |             16.0 |           253.582 |    0.0165 |  4884308.0 | 20.0 | 59.0 |
          22.0 |             16.0 |            303.09 |  0.001318 |  4948723.0 | 21.0 | 59.0 |
          22.0 |             16.0 |           306.365 |   0.02074 |  4952250.0 | 22.0 | 59.0 |
          22.0 |             16.0 |           504.546 |     0.397 |  5080460.0 | 34.0 | 59.0 |
          22.0 |             16.0 |          1490.913 | 0.0003786 |  5211585.0 | 46.0 | 59.0 |
          22.0 |             16.0 |           18.9143 |  0.005599 |        0.0 |  1.0 | 60.0 |
          22.0 |             16.0 |           19.3387 |   0.07522 |   116031.0 |  2.0 | 60.0 |
          22.0 |             16.0 |           19.3938 |    0.1284 |   130701.0 |  3.0 | 60.0 |
          22.0 |             16.0 |            19.649 |    0.8567 |   197692.0 |  4.0 | 60.0 |
          22.0 |             16.0 |           19.7327 |    0.2373 |   219258.0 |  5.0 | 60.0 |
          22.0 |             16.0 |           26.6713 |  0.002276 |  1537652.0 | 14.0 | 60.0 |
          22.0 |             16.0 |           27.0331 |   0.01071 |  1587825.0 | 15.0 | 60.0 |
          22.0 |             16.0 |           335.221 |   0.01425 |  5011808.0 | 27.0 | 60.0 |
          22.0 |             16.0 |           363.212 |     0.092 |  5034798.0 | 31.0 | 60.0 |
          22.0 |             16.0 |           422.313 |   0.06885 |  5073328.0 | 33.0 | 60.0 |
          22.0 |             16.0 |            439.09 |   0.00877 |  5082375.0 | 35.0 | 60.0 |
          22.0 |             16.0 |           441.983 |    0.1733 |  5083866.0 | 36.0 | 60.0 |
          22.0 |             16.0 |            747.63 |   0.03257 |  5176363.0 | 41.0 | 60.0 |
          22.0 |             16.0 |           18.8918 |   0.04693 |        0.0 |  1.0 | 61.0 |
          22.0 |             16.0 |           19.3152 |     1.728 |   116031.0 |  2.0 | 61.0 |
          22.0 |             16.0 |           19.3701 |     1.017 |   130701.0 |  3.0 | 61.0 |
          22.0 |             16.0 |           19.7082 |     0.127 |   219258.0 |  5.0 | 61.0 |
          22.0 |             16.0 |           26.6266 |  0.007878 |  1537652.0 | 14.0 | 61.0 |
          22.0 |             16.0 |           332.876 |   0.01284 |  5011808.0 | 27.0 | 61.0 |
          22.0 |             16.0 |           351.056 |   0.01774 |  5027365.0 | 29.0 | 61.0 |
          22.0 |             16.0 |           410.973 |   0.04246 |  5068895.0 | 32.0 | 61.0 |
          22.0 |             16.0 |           418.599 |    0.3958 |  5073328.0 | 33.0 | 61.0 |
          22.0 |             16.0 |           435.076 |   0.05945 |  5082375.0 | 35.0 | 61.0 |
          22.0 |             16.0 |            668.48 |   0.03749 |  5162627.0 | 39.0 | 61.0 |
          22.0 |             16.0 |           19.2586 |    0.3437 |   130701.0 |  3.0 | 62.0 |
          22.0 |             16.0 |           334.349 |  0.003418 |  5027365.0 | 29.0 | 62.0 |
          22.0 |             16.0 |           388.261 |   0.01767 |  5068895.0 | 32.0 | 62.0 |
          22.0 |             16.0 |            487.91 |    0.7365 |  5121498.0 | 37.0 | 62.0 |
          22.0 |             16.0 |             507.9 |  0.004979 |  5129565.0 | 38.0 | 62.0 |
          22.0 |             16.0 |           634.772 |   0.01001 |  5168917.0 | 40.0 | 62.0 |
          22.0 |             16.0 |           331.028 | 0.0005903 |  5031133.0 | 30.0 | 63.0 |
          22.0 |             16.0 |           491.022 |    0.9571 |  5129565.0 | 38.0 | 63.0 |
          22.0 |             16.0 |           18.6893 |  0.006075 |        0.0 |  1.0 | 64.0 |
          22.0 |             16.0 |           19.1129 |     1.112 |   116031.0 |  2.0 | 64.0 |
          22.0 |             16.0 |           19.1693 |    0.2085 |   130701.0 |  3.0 | 64.0 |
          22.0 |             16.0 |           19.4018 |    0.3977 |   197692.0 |  4.0 | 64.0 |
          22.0 |             16.0 |           19.4862 |   0.01746 |   219258.0 |  5.0 | 64.0 |
          22.0 |             16.0 |            26.417 |   0.00149 |  1537652.0 | 14.0 | 64.0 |
          22.0 |             16.0 |             26.77 |  0.009536 |  1587825.0 | 15.0 | 64.0 |
          22.0 |             16.0 |           295.128 |  0.008054 |  5011808.0 | 27.0 | 64.0 |
          22.0 |             16.0 |            316.61 |   0.04862 |  5034798.0 | 31.0 | 64.0 |
          22.0 |             16.0 |           354.926 |   0.02663 |  5068895.0 | 32.0 | 64.0 |
          22.0 |             16.0 |           360.599 |    0.0108 |  5073328.0 | 33.0 | 64.0 |
          22.0 |             16.0 |           374.844 |   0.01983 |  5083866.0 | 36.0 | 64.0 |
          22.0 |             16.0 |           436.403 |   0.01342 |  5121498.0 | 37.0 | 64.0 |
          22.0 |             16.0 |           531.867 |    0.1573 |  5162627.0 | 39.0 | 64.0 |
          22.0 |             16.0 |           550.276 |   0.02943 |  5168917.0 | 40.0 | 64.0 |
          22.0 |             16.0 |           573.786 |   0.06939 |  5176363.0 | 41.0 | 64.0 |
          22.0 |             16.0 |           18.6736 |   0.01127 |        0.0 |  1.0 | 65.0 |
          22.0 |             16.0 |           19.0964 |     1.537 |   116031.0 |  2.0 | 65.0 |
          22.0 |             16.0 |           19.1528 |     1.498 |   130701.0 |  3.0 | 65.0 |
          22.0 |             16.0 |           19.4692 |    0.2677 |   219258.0 |  5.0 | 65.0 |
          22.0 |             16.0 |           26.3856 |   0.01858 |  1537652.0 | 14.0 | 65.0 |
          22.0 |             16.0 |           305.086 |   0.01177 |  5027365.0 | 29.0 | 65.0 |
          22.0 |             16.0 |           312.165 |   0.01482 |  5034798.0 | 31.0 | 65.0 |
          22.0 |             16.0 |            349.35 |    0.1134 |  5068895.0 | 32.0 | 65.0 |
          22.0 |             16.0 |            443.31 |   0.05238 |  5129565.0 | 38.0 | 65.0 |
          22.0 |             16.0 |           519.443 |    0.1667 |  5162627.0 | 39.0 | 65.0 |
          22.0 |             16.0 |           536.988 |    0.1896 |  5168917.0 | 40.0 | 65.0 |
          22.0 |             16.0 |           19.2101 |     5.882 |   130701.0 |  3.0 | 66.0 |
          22.0 |             16.0 |           407.418 |   0.02674 |  5121498.0 | 37.0 | 66.0 |
          22.0 |             16.0 |           421.264 |    0.2049 |  5129565.0 | 38.0 | 66.0 |
          22.0 |             16.0 |           504.977 |    0.5392 |  5168917.0 | 40.0 | 66.0 |
          22.0 |             16.0 |           18.6165 |  0.001392 |        0.0 |  1.0 | 67.0 |
          22.0 |             16.0 |           19.0367 |    0.3176 |   116031.0 |  2.0 | 67.0 |
          22.0 |             16.0 |           19.3233 |    0.3845 |   197692.0 |  4.0 | 67.0 |
          22.0 |             16.0 |           19.4071 |   0.01093 |   219258.0 |  5.0 | 67.0 |
          22.0 |             16.0 |           26.2717 |  0.001525 |  1537652.0 | 14.0 | 67.0 |
          22.0 |             16.0 |           26.6209 |  0.005045 |  1587825.0 | 15.0 | 67.0 |
          22.0 |             16.0 |           246.655 |  0.004422 |  4966148.0 | 23.0 | 67.0 |
          22.0 |             16.0 |           259.437 |  0.005368 |  4986123.0 | 25.0 | 67.0 |
          22.0 |             16.0 |           277.959 |  0.004415 |  5011808.0 | 27.0 | 67.0 |
          22.0 |             16.0 |           281.822 |  0.005524 |  5016739.0 | 28.0 | 67.0 |
          22.0 |             16.0 |           296.934 |   0.02317 |  5034798.0 | 31.0 | 67.0 |
          22.0 |             16.0 |           335.295 |  0.004808 |  5073328.0 | 33.0 | 67.0 |
          22.0 |             16.0 |           347.576 |   0.01068 |  5083866.0 | 36.0 | 67.0 |
          22.0 |             16.0 |           478.593 |   0.05674 |  5162627.0 | 39.0 | 67.0 |
          22.0 |             16.0 |           512.269 |   0.09409 |  5176363.0 | 41.0 | 67.0 |
          22.0 |             16.0 |           18.6982 |  0.002499 |        0.0 |  1.0 | 68.0 |
          22.0 |             16.0 |           19.1666 |   0.04748 |   130701.0 |  3.0 | 68.0 |
          22.0 |             16.0 |           19.4976 |      2.36 |   219258.0 |  5.0 | 68.0 |
          22.0 |             16.0 |           26.2436 |   0.01735 |  1537652.0 | 14.0 | 68.0 |
          22.0 |             16.0 |           282.525 |   0.01147 |  5027365.0 | 29.0 | 68.0 |
          22.0 |             16.0 |           320.081 |   0.03337 |  5068895.0 | 32.0 | 68.0 |
          22.0 |             16.0 |           384.885 |    0.1775 |  5121498.0 | 37.0 | 68.0 |
          22.0 |             16.0 |            457.27 |    0.1134 |  5162627.0 | 39.0 | 68.0 |
          22.0 |             16.0 |           572.994 |    0.2498 |  5206794.0 | 45.0 | 68.0 |
          22.0 |             16.0 |           18.6532 |  0.008378 |        0.0 |  1.0 | 69.0 |
          22.0 |             16.0 |           19.0659 |   0.00848 |   116031.0 |  2.0 | 69.0 |
          22.0 |             16.0 |           19.1194 |    0.2125 |   130701.0 |  3.0 | 69.0 |
          22.0 |             16.0 |           19.3674 |    0.1291 |   197692.0 |  4.0 | 69.0 |
          22.0 |             16.0 |           19.4487 |     1.312 |   219258.0 |  5.0 | 69.0 |
          22.0 |             16.0 |           26.1551 |   0.01837 |  1537652.0 | 14.0 | 69.0 |
          22.0 |             16.0 |           26.5029 |  0.002332 |  1587825.0 | 15.0 | 69.0 |
          22.0 |             16.0 |            249.33 |  0.008732 |  4986123.0 | 25.0 | 69.0 |
          22.0 |             16.0 |           277.907 |  0.008734 |  5027365.0 | 29.0 | 69.0 |
          22.0 |             16.0 |           314.166 |   0.03546 |  5068895.0 | 32.0 | 69.0 |
          22.0 |             16.0 |           318.603 |   0.03162 |  5073328.0 | 33.0 | 69.0 |
          22.0 |             16.0 |           329.672 |   0.04456 |  5083866.0 | 36.0 | 69.0 |
          22.0 |             16.0 |           376.364 |   0.02019 |  5121498.0 | 37.0 | 69.0 |
          22.0 |             16.0 |           445.293 |    0.0108 |  5162627.0 | 39.0 | 69.0 |
          22.0 |             16.0 |           458.125 |   0.03402 |  5168917.0 | 40.0 | 69.0 |
          22.0 |             16.0 |           474.305 |   0.04559 |  5176363.0 | 41.0 | 69.0 |
          22.0 |             16.0 |           554.311 |    0.1697 |  5206794.0 | 45.0 | 69.0 |
          22.0 |             16.0 |           18.5488 |  0.005481 |        0.0 |  1.0 | 70.0 |
          22.0 |             16.0 |           18.9659 |    0.1054 |   116031.0 |  2.0 | 70.0 |
          22.0 |             16.0 |           19.2504 |   0.09459 |   197692.0 |  4.0 | 70.0 |
          22.0 |             16.0 |           19.3335 |    0.3942 |   219258.0 |  5.0 | 70.0 |
          22.0 |             16.0 |           26.1371 |  0.004888 |  1537652.0 | 14.0 | 70.0 |
          22.0 |             16.0 |           26.4827 | 0.0005109 |  1587825.0 | 15.0 | 70.0 |
          22.0 |             16.0 |           314.616 |   0.04346 |  5073328.0 | 33.0 | 70.0 |
          22.0 |             16.0 |           323.833 |    0.0036 |  5082375.0 | 35.0 | 70.0 |
          22.0 |             16.0 |           325.404 |   0.01402 |  5083866.0 | 36.0 | 70.0 |
          22.0 |             16.0 |           437.543 |   0.03688 |  5162627.0 | 39.0 | 70.0 |
          22.0 |             16.0 |           465.521 |    0.0418 |  5176363.0 | 41.0 | 70.0 |
          22.0 |             16.0 |           542.352 |   0.07235 |  5206794.0 | 45.0 | 70.0 |
          22.0 |             16.0 |           18.2436 |  0.001872 |        0.0 |  1.0 | 71.0 |
          22.0 |             16.0 |           18.6469 |   0.06759 |   116031.0 |  2.0 | 71.0 |
          22.0 |             16.0 |           18.7006 |   0.07663 |   130701.0 |  3.0 | 71.0 |
          22.0 |             16.0 |           19.0021 |     1.585 |   219258.0 |  5.0 | 71.0 |
          22.0 |             16.0 |            25.535 |   0.02494 |  1537652.0 | 14.0 | 71.0 |
          22.0 |             16.0 |            320.03 |  0.007653 |  5168917.0 | 40.0 | 71.0 |
          22.0 |             16.0 |           364.174 |   0.01222 |  5206794.0 | 45.0 | 71.0 |
          22.0 |             16.0 |           493.267 |    0.5554 |  5278658.0 | 59.0 | 71.0 |
          22.0 |             16.0 |           18.2232 | 0.0001117 |        0.0 |  1.0 | 72.0 |
          22.0 |             16.0 |           18.6256 |  0.004858 |   116031.0 |  2.0 | 72.0 |
          22.0 |             16.0 |           18.6792 |  0.005841 |   130701.0 |  3.0 | 72.0 |
          22.0 |             16.0 |           18.8999 |     1.217 |   197692.0 |  4.0 | 72.0 |
          22.0 |             16.0 |             18.98 |    0.2781 |   219258.0 |  5.0 | 72.0 |
          22.0 |             16.0 |           25.4952 |  0.003045 |  1537652.0 | 14.0 | 72.0 |
          22.0 |             16.0 |           25.8239 |   0.01754 |  1587825.0 | 15.0 | 72.0 |
          22.0 |             16.0 |           220.891 |    0.0026 |  5034798.0 | 31.0 | 72.0 |
          22.0 |             16.0 |           321.391 |    0.0106 |  5176363.0 | 41.0 | 72.0 |
          22.0 |             16.0 |           468.931 |    0.3213 |  5274259.0 | 58.0 | 72.0 |
          22.0 |             16.0 |           478.808 |    0.0667 |  5278658.0 | 59.0 | 72.0 |
%CHIANTI