 Atomic Number | Ionization State | Wavelength (Ang.) |  g_i*f_ik | E_i(cm^-1) |    i |    j |
          30.0 |             24.0 |           532.955 |       0.0 |        0.0 |  1.0 |  2.0 |
          30.0 |             24.0 |           393.709 |       0.0 |        0.0 |  1.0 |  3.0 |
          30.0 |             24.0 |          1506.886 |       0.0 |   187633.0 |  2.0 |  3.0 |
          30.0 |             24.0 |            280.37 |       0.0 |        0.0 |  1.0 |  4.0 |
          30.0 |             24.0 |           591.579 |       0.0 |   187633.0 |  2.0 |  4.0 |
          30.0 |             24.0 |           199.725 |       0.0 |        0.0 |  1.0 |  5.0 |
          30.0 |             24.0 |           319.433 |       0.0 |   187633.0 |  2.0 |  5.0 |
          30.0 |             24.0 |           405.362 |       0.0 |   253995.0 |  3.0 |  5.0 |
          30.0 |             24.0 |           694.367 |       0.0 |   356672.0 |  4.0 |  5.0 |
          30.0 |             24.0 |           104.543 |      0.16 |        0.0 |  1.0 |  6.0 |
          30.0 |             24.0 |           130.054 |   0.03536 |   187633.0 |  2.0 |  6.0 |
          30.0 |             24.0 |           142.338 |   0.01164 |   253995.0 |  3.0 |  6.0 |
          30.0 |             24.0 |           219.366 |  0.001204 |   500688.0 |  5.0 |  6.0 |
          30.0 |             24.0 |            92.161 |    0.1576 |        0.0 |  1.0 |  7.0 |
          30.0 |             24.0 |            111.43 |  0.003196 |   187633.0 |  2.0 |  7.0 |
          30.0 |             24.0 |           120.328 |   0.00225 |   253995.0 |  3.0 |  7.0 |
          30.0 |             24.0 |           137.289 |  0.000194 |   356672.0 |  4.0 |  7.0 |
          30.0 |             24.0 |           171.124 |   0.00628 |   500688.0 |  5.0 |  7.0 |
          30.0 |             24.0 |            90.026 |    0.0824 |        0.0 |  1.0 |  8.0 |
          30.0 |             24.0 |           108.324 |    0.0046 |   187633.0 |  2.0 |  8.0 |
          30.0 |             24.0 |           132.605 |   0.00544 |   356672.0 |  4.0 |  8.0 |
          30.0 |             24.0 |           163.907 | 0.0002928 |   500688.0 |  5.0 |  8.0 |
          30.0 |             24.0 |            75.308 |   0.03044 |        0.0 |  1.0 |  9.0 |
          30.0 |             24.0 |              87.7 |     0.284 |   187633.0 |  2.0 |  9.0 |
          30.0 |             24.0 |            93.119 |  0.002082 |   253995.0 |  3.0 |  9.0 |
          30.0 |             24.0 |           102.964 |   0.01948 |   356672.0 |  4.0 |  9.0 |
          30.0 |             24.0 |            120.89 |   0.00432 |   500688.0 |  5.0 |  9.0 |
          30.0 |             24.0 |            72.896 | 0.0001024 |        0.0 |  1.0 | 10.0 |
          30.0 |             24.0 |            84.447 |  0.001624 |   187633.0 |  2.0 | 10.0 |
          30.0 |             24.0 |             89.46 |    0.3336 |   253995.0 |  3.0 | 10.0 |
          30.0 |             24.0 |           114.794 |    0.0872 |   500688.0 |  5.0 | 10.0 |
          30.0 |             24.0 |            65.961 |    0.0088 |        0.0 |  1.0 | 11.0 |
          30.0 |             24.0 |            75.277 |    0.1184 |   187633.0 |  2.0 | 11.0 |
          30.0 |             24.0 |            86.253 |     0.114 |   356672.0 |  4.0 | 11.0 |
          30.0 |             24.0 |            98.487 |   0.00158 |   500688.0 |  5.0 | 11.0 |
          30.0 |             24.0 |            63.348 |   0.02604 |        0.0 |  1.0 | 12.0 |
          30.0 |             24.0 |            71.893 |   0.03116 |   187633.0 |  2.0 | 12.0 |
          30.0 |             24.0 |            75.495 |     0.474 |   253995.0 |  3.0 | 12.0 |
          30.0 |             24.0 |            81.839 |    0.0614 |   356672.0 |  4.0 | 12.0 |
          30.0 |             24.0 |            92.774 |    0.0576 |   500688.0 |  5.0 | 12.0 |
          30.0 |             24.0 |              56.6 | 1.588e-05 |        0.0 |  1.0 | 13.0 |
          30.0 |             24.0 |            63.326 |   0.03512 |   187633.0 |  2.0 | 13.0 |
          30.0 |             24.0 |            70.917 |   0.00558 |   356672.0 |  4.0 | 13.0 |
          30.0 |             24.0 |            78.984 |    0.2624 |   500688.0 |  5.0 | 13.0 |
          30.0 |             24.0 |             66.88 |   0.02184 |   956547.0 |  6.0 | 14.0 |
          30.0 |             24.0 |            73.169 |   0.02168 |  1085060.0 |  7.0 | 14.0 |
          30.0 |             24.0 |            74.573 |   0.00692 |  1110790.0 |  8.0 | 14.0 |
          30.0 |             24.0 |            92.598 |    0.2708 |  1371814.0 | 10.0 | 14.0 |
          30.0 |             24.0 |            88.978 |     0.152 |  1327885.0 |  9.0 | 14.0 |
          30.0 |             24.0 |           106.872 |    0.0896 |  1516054.0 | 11.0 | 14.0 |
          30.0 |             24.0 |           114.525 |    0.2768 |  1578582.0 | 12.0 | 14.0 |
          30.0 |             24.0 |           145.989 |   0.01588 |  1766772.0 | 13.0 | 14.0 |
          30.0 |             24.0 |            63.631 |  0.001418 |  1085060.0 |  7.0 | 15.0 |
          30.0 |             24.0 |            64.691 |   0.00266 |  1110790.0 |  8.0 | 15.0 |
          30.0 |             24.0 |             75.26 |    0.0886 |  1327885.0 |  9.0 | 15.0 |
          30.0 |             24.0 |            87.677 |      0.02 |  1516054.0 | 11.0 | 15.0 |
          30.0 |             24.0 |            92.762 |     0.179 |  1578582.0 | 12.0 | 15.0 |
          30.0 |             24.0 |            112.38 |    0.1536 |  1766772.0 | 13.0 | 15.0 |
          30.0 |             24.0 |            9.9242 |   0.06141 |        0.0 |  1.0 | 16.0 |
          30.0 |             24.0 |           10.1147 |  0.004901 |   187633.0 |  2.0 | 16.0 |
          30.0 |             24.0 |           10.2875 |  0.001882 |   356672.0 |  4.0 | 16.0 |
          30.0 |             24.0 |           10.4429 | 6.487e-06 |   500688.0 |  5.0 | 16.0 |
          30.0 |             24.0 |           13.1641 | 0.0002548 |  2451756.0 | 14.0 | 16.0 |
          30.0 |             24.0 |            13.528 | 2.999e-05 |  2656610.0 | 15.0 | 16.0 |
          30.0 |             24.0 |            9.7918 |    0.0909 |        0.0 |  1.0 | 17.0 |
          30.0 |             24.0 |            9.9772 |   0.02405 |   187633.0 |  2.0 | 17.0 |
          30.0 |             24.0 |            10.045 |  0.007302 |   253995.0 |  3.0 | 17.0 |
          30.0 |             24.0 |           10.1453 | 0.0005413 |   356672.0 |  4.0 | 17.0 |
          30.0 |             24.0 |           10.2964 |  0.001605 |   500688.0 |  5.0 | 17.0 |
          30.0 |             24.0 |           12.9321 | 0.0001771 |  2451756.0 | 14.0 | 17.0 |
          30.0 |             24.0 |           13.2832 | 8.254e-06 |  2656610.0 | 15.0 | 17.0 |
          30.0 |             24.0 |            9.7606 |  0.003507 |        0.0 |  1.0 | 18.0 |
          30.0 |             24.0 |            9.9448 |    0.0991 |   187633.0 |  2.0 | 18.0 |
          30.0 |             24.0 |           10.1118 |   0.03501 |   356672.0 |  4.0 | 18.0 |
          30.0 |             24.0 |           10.2619 | 0.0001042 |   500688.0 |  5.0 | 18.0 |
          30.0 |             24.0 |           12.8777 | 0.0002791 |  2451756.0 | 14.0 | 18.0 |
          30.0 |             24.0 |           13.2258 | 0.0005244 |  2656610.0 | 15.0 | 18.0 |
          30.0 |             24.0 |            9.7307 |    0.1348 |        0.0 |  1.0 | 19.0 |
          30.0 |             24.0 |            9.9137 |   0.00229 |   187633.0 |  2.0 | 19.0 |
          30.0 |             24.0 |            9.9806 |   0.06871 |   253995.0 |  3.0 | 19.0 |
          30.0 |             24.0 |           10.2288 | 7.829e-05 |   500688.0 |  5.0 | 19.0 |
          30.0 |             24.0 |           12.8257 | 0.0002986 |  2451756.0 | 14.0 | 19.0 |
          30.0 |             24.0 |            9.7025 |  0.005379 |        0.0 |  1.0 | 20.0 |
          30.0 |             24.0 |            9.8844 |   0.02975 |   187633.0 |  2.0 | 20.0 |
          30.0 |             24.0 |            9.9509 |    0.1473 |   253995.0 |  3.0 | 20.0 |
          30.0 |             24.0 |           10.0494 |   0.06272 |   356672.0 |  4.0 | 20.0 |
          30.0 |             24.0 |           10.1976 |   0.01018 |   500688.0 |  5.0 | 20.0 |
          30.0 |             24.0 |           12.7767 | 0.0005617 |  2451756.0 | 14.0 | 20.0 |
          30.0 |             24.0 |           13.1193 | 0.0008975 |  2656610.0 | 15.0 | 20.0 |
          30.0 |             24.0 |              9.69 |       0.0 |        0.0 |  1.0 | 21.0 |
          30.0 |             24.0 |            9.8714 |       0.0 |   187633.0 |  2.0 | 21.0 |
          30.0 |             24.0 |           10.1838 |       0.0 |   500688.0 |  5.0 | 21.0 |
          30.0 |             24.0 |           10.8273 | 8.606e-05 |  1085060.0 |  7.0 | 21.0 |
          30.0 |             24.0 |           10.8583 | 0.0001035 |  1110790.0 |  8.0 | 21.0 |
          30.0 |             24.0 |            11.135 | 6.826e-05 |  1327885.0 |  9.0 | 21.0 |
          30.0 |             24.0 |           11.3737 | 7.624e-05 |  1516054.0 | 11.0 | 21.0 |
          30.0 |             24.0 |           11.4641 | 0.0002004 |  1578582.0 | 12.0 | 21.0 |
          30.0 |             24.0 |           11.7125 | 4.724e-06 |  1766772.0 | 13.0 | 21.0 |
          30.0 |             24.0 |            12.755 |       0.0 |  2451756.0 | 14.0 | 21.0 |
          30.0 |             24.0 |           410.475 |    0.1188 | 10076344.0 | 16.0 | 21.0 |
          30.0 |             24.0 |          1338.348 | 0.0002185 | 10245245.0 | 18.0 | 21.0 |
          30.0 |             24.0 |            9.6176 |       0.0 |        0.0 |  1.0 | 22.0 |
          30.0 |             24.0 |            9.7964 |       0.0 |   187633.0 |  2.0 | 22.0 |
          30.0 |             24.0 |            9.8618 |       0.0 |   253995.0 |  3.0 | 22.0 |
          30.0 |             24.0 |            9.9585 |       0.0 |   356672.0 |  4.0 | 22.0 |
          30.0 |             24.0 |            10.104 |       0.0 |   500688.0 |  5.0 | 22.0 |
          30.0 |             24.0 |           10.5914 | 0.0001475 |   956547.0 |  6.0 | 22.0 |
          30.0 |             24.0 |           10.7371 | 2.116e-05 |  1085060.0 |  7.0 | 22.0 |
          30.0 |             24.0 |           10.7675 |    0.0004 |  1110790.0 |  8.0 | 22.0 |
          30.0 |             24.0 |           11.0396 |  3.27e-06 |  1327885.0 |  9.0 | 22.0 |
          30.0 |             24.0 |           11.0916 | 3.846e-06 |  1371814.0 | 10.0 | 22.0 |
          30.0 |             24.0 |           11.2742 | 2.236e-05 |  1516054.0 | 11.0 | 22.0 |
          30.0 |             24.0 |            11.363 | 1.133e-05 |  1578582.0 | 12.0 | 22.0 |
          30.0 |             24.0 |            11.607 | 1.586e-06 |  1766772.0 | 13.0 | 22.0 |
          30.0 |             24.0 |             12.63 |       0.0 |  2451756.0 | 14.0 | 22.0 |
          30.0 |             24.0 |           311.325 |    0.2903 | 10076344.0 | 16.0 | 22.0 |
          30.0 |             24.0 |           540.678 |   0.01083 | 10212599.0 | 17.0 | 22.0 |
          30.0 |             24.0 |           656.569 |  0.002202 | 10245245.0 | 18.0 | 22.0 |
          30.0 |             24.0 |           828.054 | 0.0002005 | 10276787.0 | 19.0 | 22.0 |
          30.0 |             24.0 |          1100.255 |  0.001059 | 10306664.0 | 20.0 | 22.0 |
          30.0 |             24.0 |            9.5658 |       0.0 |        0.0 |  1.0 | 23.0 |
          30.0 |             24.0 |            9.7426 |       0.0 |   187633.0 |  2.0 | 23.0 |
          30.0 |             24.0 |            9.9029 |       0.0 |   356672.0 |  4.0 | 23.0 |
          30.0 |             24.0 |           10.0468 |       0.0 |   500688.0 |  5.0 | 23.0 |
          30.0 |             24.0 |           10.6726 | 0.0003048 |  1085060.0 |  7.0 | 23.0 |
          30.0 |             24.0 |           10.7026 | 1.199e-05 |  1110790.0 |  8.0 | 23.0 |
          30.0 |             24.0 |           10.9714 | 1.862e-06 |  1327885.0 |  9.0 | 23.0 |
          30.0 |             24.0 |           11.2031 | 1.914e-05 |  1516054.0 | 11.0 | 23.0 |
          30.0 |             24.0 |           11.2908 | 0.0001863 |  1578582.0 | 12.0 | 23.0 |
          30.0 |             24.0 |           11.5317 | 2.849e-05 |  1766772.0 | 13.0 | 23.0 |
          30.0 |             24.0 |           264.886 |  0.001227 | 10076344.0 | 16.0 | 23.0 |
          30.0 |             24.0 |            414.48 |   0.08246 | 10212599.0 | 17.0 | 23.0 |
          30.0 |             24.0 |            479.34 |    0.0231 | 10245245.0 | 18.0 | 23.0 |
          30.0 |             24.0 |           679.343 |  0.004685 | 10306664.0 | 20.0 | 23.0 |
          30.0 |             24.0 |            9.5373 |       0.0 |        0.0 |  1.0 | 24.0 |
          30.0 |             24.0 |             9.713 |       0.0 |   187633.0 |  2.0 | 24.0 |
          30.0 |             24.0 |            9.7773 |       0.0 |   253995.0 |  3.0 | 24.0 |
          30.0 |             24.0 |            9.8724 |       0.0 |   356672.0 |  4.0 | 24.0 |
          30.0 |             24.0 |           10.0153 |       0.0 |   500688.0 |  5.0 | 24.0 |
          30.0 |             24.0 |            10.494 | 0.0003505 |   956547.0 |  6.0 | 24.0 |
          30.0 |             24.0 |           10.6371 | 3.064e-06 |  1085060.0 |  7.0 | 24.0 |
          30.0 |             24.0 |           10.6669 | 1.497e-05 |  1110790.0 |  8.0 | 24.0 |
          30.0 |             24.0 |           10.9339 | 4.803e-06 |  1327885.0 |  9.0 | 24.0 |
          30.0 |             24.0 |           10.9849 | 5.499e-05 |  1371814.0 | 10.0 | 24.0 |
          30.0 |             24.0 |            11.164 | 2.393e-05 |  1516054.0 | 11.0 | 24.0 |
          30.0 |             24.0 |            11.251 |  0.000205 |  1578582.0 | 12.0 | 24.0 |
          30.0 |             24.0 |           11.4902 | 9.102e-06 |  1766772.0 | 13.0 | 24.0 |
          30.0 |             24.0 |           12.4918 |       0.0 |  2451756.0 | 14.0 | 24.0 |
          30.0 |             24.0 |           12.8191 |       0.0 |  2656610.0 | 15.0 | 24.0 |
          30.0 |             24.0 |           244.614 |   0.01302 | 10076344.0 | 16.0 | 24.0 |
          30.0 |             24.0 |           366.901 |    0.1376 | 10212599.0 | 17.0 | 24.0 |
          30.0 |             24.0 |           416.828 |   0.05876 | 10245245.0 | 18.0 | 24.0 |
          30.0 |             24.0 |           479.927 |   0.02973 | 10276787.0 | 19.0 | 24.0 |
          30.0 |             24.0 |           560.262 |  0.009675 | 10306664.0 | 20.0 | 24.0 |
          30.0 |             24.0 |            9.5359 |  0.007597 |        0.0 |  1.0 | 25.0 |
          30.0 |             24.0 |            9.7116 |   0.08569 |   187633.0 |  2.0 | 25.0 |
          30.0 |             24.0 |            9.7759 |    0.1549 |   253995.0 |  3.0 | 25.0 |
          30.0 |             24.0 |           10.0138 |   0.03477 |   500688.0 |  5.0 | 25.0 |
          30.0 |             24.0 |           12.4895 | 0.0008409 |  2451756.0 | 14.0 | 25.0 |
          30.0 |             24.0 |            9.5198 |   0.00105 |        0.0 |  1.0 | 26.0 |
          30.0 |             24.0 |            9.6949 |   0.02435 |   187633.0 |  2.0 | 26.0 |
          30.0 |             24.0 |            9.7589 |   0.03327 |   253995.0 |  3.0 | 26.0 |
          30.0 |             24.0 |            9.8536 |  0.004092 |   356672.0 |  4.0 | 26.0 |
          30.0 |             24.0 |             9.996 |    0.1853 |   500688.0 |  5.0 | 26.0 |
          30.0 |             24.0 |           12.4618 |  0.001573 |  2451756.0 | 14.0 | 26.0 |
          30.0 |             24.0 |           12.7875 | 5.048e-05 |  2656610.0 | 15.0 | 26.0 |
          30.0 |             24.0 |            9.5089 |       0.0 |        0.0 |  1.0 | 27.0 |
          30.0 |             24.0 |            9.6835 |       0.0 |   187633.0 |  2.0 | 27.0 |
          30.0 |             24.0 |            9.7474 |       0.0 |   253995.0 |  3.0 | 27.0 |
          30.0 |             24.0 |             9.984 |       0.0 |   500688.0 |  5.0 | 27.0 |
          30.0 |             24.0 |           10.4596 | 4.008e-05 |   956547.0 |  6.0 | 27.0 |
          30.0 |             24.0 |           10.6017 | 0.0001329 |  1085060.0 |  7.0 | 27.0 |
          30.0 |             24.0 |           10.8965 | 0.0001378 |  1327885.0 |  9.0 | 27.0 |
          30.0 |             24.0 |           10.9471 | 1.605e-05 |  1371814.0 | 10.0 | 27.0 |
          30.0 |             24.0 |           11.2114 | 2.418e-05 |  1578582.0 | 12.0 | 27.0 |
          30.0 |             24.0 |           12.4431 |       0.0 |  2451756.0 | 14.0 | 27.0 |
          30.0 |             24.0 |           329.042 |     0.361 | 10212599.0 | 17.0 | 27.0 |
          30.0 |             24.0 |           417.145 |   0.04482 | 10276787.0 | 19.0 | 27.0 |
          30.0 |             24.0 |           476.535 |   0.02644 | 10306664.0 | 20.0 | 27.0 |
          30.0 |             24.0 |            9.4933 |       0.0 |        0.0 |  1.0 | 28.0 |
          30.0 |             24.0 |            9.6674 |       0.0 |   187633.0 |  2.0 | 28.0 |
          30.0 |             24.0 |            9.7311 |       0.0 |   253995.0 |  3.0 | 28.0 |
          30.0 |             24.0 |            9.9669 |       0.0 |   500688.0 |  5.0 | 28.0 |
          30.0 |             24.0 |           10.4409 | 0.0008753 |   956547.0 |  6.0 | 28.0 |
          30.0 |             24.0 |           10.5825 | 0.0003082 |  1085060.0 |  7.0 | 28.0 |
          30.0 |             24.0 |           10.8762 | 3.687e-05 |  1327885.0 |  9.0 | 28.0 |
          30.0 |             24.0 |           10.9266 | 0.0001128 |  1371814.0 | 10.0 | 28.0 |
          30.0 |             24.0 |           11.1899 | 0.0003733 |  1578582.0 | 12.0 | 28.0 |
          30.0 |             24.0 |           12.4165 |       0.0 |  2451756.0 | 14.0 | 28.0 |
          30.0 |             24.0 |           311.437 |   0.09108 | 10212599.0 | 17.0 | 28.0 |
          30.0 |             24.0 |            389.25 |    0.2116 | 10276787.0 | 19.0 | 28.0 |
          30.0 |             24.0 |           440.476 |   0.07309 | 10306664.0 | 20.0 | 28.0 |
          30.0 |             24.0 |           2125.85 | 0.0009997 | 10486651.0 | 25.0 | 28.0 |
          30.0 |             24.0 |            9.4914 |       0.0 |        0.0 |  1.0 | 29.0 |
          30.0 |             24.0 |            9.6655 |       0.0 |   187633.0 |  2.0 | 29.0 |
          30.0 |             24.0 |            9.9648 |       0.0 |   500688.0 |  5.0 | 29.0 |
          30.0 |             24.0 |           10.5801 | 0.0001726 |  1085060.0 |  7.0 | 29.0 |
          30.0 |             24.0 |           10.6096 | 8.787e-05 |  1110790.0 |  8.0 | 29.0 |
          30.0 |             24.0 |           10.8737 |  0.000341 |  1327885.0 |  9.0 | 29.0 |
          30.0 |             24.0 |           11.1012 | 2.799e-06 |  1516054.0 | 11.0 | 29.0 |
          30.0 |             24.0 |           11.1872 | 0.0002329 |  1578582.0 | 12.0 | 29.0 |
          30.0 |             24.0 |           11.4237 | 1.978e-06 |  1766772.0 | 13.0 | 29.0 |
          30.0 |             24.0 |           12.4133 |       0.0 |  2451756.0 | 14.0 | 29.0 |
          30.0 |             24.0 |           217.641 |  0.002461 | 10076344.0 | 16.0 | 29.0 |
          30.0 |             24.0 |            309.39 |   0.04407 | 10212599.0 | 17.0 | 29.0 |
          30.0 |             24.0 |            344.15 |   0.07323 | 10245245.0 | 18.0 | 29.0 |
          30.0 |             24.0 |           436.392 |   0.01854 | 10306664.0 | 20.0 | 29.0 |
          30.0 |             24.0 |            9.4701 |       0.0 |        0.0 |  1.0 | 30.0 |
          30.0 |             24.0 |            9.6433 |       0.0 |   187633.0 |  2.0 | 30.0 |
          30.0 |             24.0 |            9.7067 |       0.0 |   253995.0 |  3.0 | 30.0 |
          30.0 |             24.0 |            9.8004 |       0.0 |   356672.0 |  4.0 | 30.0 |
          30.0 |             24.0 |            9.9413 |       0.0 |   500688.0 |  5.0 | 30.0 |
          30.0 |             24.0 |           10.4127 |  0.000257 |   956547.0 |  6.0 | 30.0 |
          30.0 |             24.0 |           10.5536 | 1.295e-05 |  1085060.0 |  7.0 | 30.0 |
          30.0 |             24.0 |            10.583 | 0.0001165 |  1110790.0 |  8.0 | 30.0 |
          30.0 |             24.0 |           10.8457 |  4.72e-05 |  1327885.0 |  9.0 | 30.0 |
          30.0 |             24.0 |           10.8958 | 0.0001028 |  1371814.0 | 10.0 | 30.0 |
          30.0 |             24.0 |            11.072 | 1.242e-06 |  1516054.0 | 11.0 | 30.0 |
          30.0 |             24.0 |           11.1576 | 9.621e-05 |  1578582.0 | 12.0 | 30.0 |
          30.0 |             24.0 |           11.3928 | 2.214e-05 |  1766772.0 | 13.0 | 30.0 |
          30.0 |             24.0 |           12.3768 |       0.0 |  2451756.0 | 14.0 | 30.0 |
          30.0 |             24.0 |            12.698 |       0.0 |  2656610.0 | 15.0 | 30.0 |
          30.0 |             24.0 |           206.954 |  0.003968 | 10076344.0 | 16.0 | 30.0 |
          30.0 |             24.0 |           288.231 |   0.08768 | 10212599.0 | 17.0 | 30.0 |
          30.0 |             24.0 |           318.169 |    0.1319 | 10245245.0 | 18.0 | 30.0 |
          30.0 |             24.0 |           353.662 |  0.007841 | 10276787.0 | 19.0 | 30.0 |
          30.0 |             24.0 |           395.446 |   0.06167 | 10306664.0 | 20.0 | 30.0 |
          30.0 |             24.0 |          1371.893 | 0.0005794 | 10486651.0 | 25.0 | 30.0 |
          30.0 |             24.0 |          1814.125 | 0.0008375 | 10504420.0 | 26.0 | 30.0 |
          30.0 |             24.0 |            9.6859 |       0.0 |   253995.0 |  3.0 | 31.0 |
          30.0 |             24.0 |           10.3889 | 2.015e-05 |   956547.0 |  6.0 | 31.0 |
          30.0 |             24.0 |           10.8697 | 0.0004369 |  1371814.0 | 10.0 | 31.0 |
          30.0 |             24.0 |           328.052 |    0.6087 | 10276787.0 | 19.0 | 31.0 |
          30.0 |             24.0 |            9.4169 |       0.0 |        0.0 |  1.0 | 32.0 |
          30.0 |             24.0 |            9.5882 |       0.0 |   187633.0 |  2.0 | 32.0 |
          30.0 |             24.0 |            9.6508 |       0.0 |   253995.0 |  3.0 | 32.0 |
          30.0 |             24.0 |            9.7434 |       0.0 |   356672.0 |  4.0 | 32.0 |
          30.0 |             24.0 |            9.8826 |       0.0 |   500688.0 |  5.0 | 32.0 |
          30.0 |             24.0 |           10.3484 |  0.000125 |   956547.0 |  6.0 | 32.0 |
          30.0 |             24.0 |           10.4875 | 0.0001047 |  1085060.0 |  7.0 | 32.0 |
          30.0 |             24.0 |           10.5165 | 0.0001809 |  1110790.0 |  8.0 | 32.0 |
          30.0 |             24.0 |           10.7759 | 1.168e-05 |  1327885.0 |  9.0 | 32.0 |
          30.0 |             24.0 |           10.8254 | 0.0005066 |  1371814.0 | 10.0 | 32.0 |
          30.0 |             24.0 |           10.9993 | 1.316e-06 |  1516054.0 | 11.0 | 32.0 |
          30.0 |             24.0 |           11.0838 | 0.0001526 |  1578582.0 | 12.0 | 32.0 |
          30.0 |             24.0 |           11.3159 | 1.124e-05 |  1766772.0 | 13.0 | 32.0 |
          30.0 |             24.0 |            12.286 |       0.0 |  2451756.0 | 14.0 | 32.0 |
          30.0 |             24.0 |             184.2 |   0.01611 | 10076344.0 | 16.0 | 32.0 |
          30.0 |             24.0 |           245.922 |   0.08086 | 10212599.0 | 17.0 | 32.0 |
          30.0 |             24.0 |           267.389 | 9.339e-05 | 10245245.0 | 18.0 | 32.0 |
          30.0 |             24.0 |           292.018 |    0.2714 | 10276787.0 | 19.0 | 32.0 |
          30.0 |             24.0 |            319.93 |  0.007197 | 10306664.0 | 20.0 | 32.0 |
          30.0 |             24.0 |           754.256 | 9.427e-05 | 10486651.0 | 25.0 | 32.0 |
          30.0 |             24.0 |           870.989 | 0.0005222 | 10504420.0 | 26.0 | 32.0 |
          30.0 |             24.0 |            9.4076 |       0.0 |        0.0 |  1.0 | 33.0 |
          30.0 |             24.0 |            9.5786 |       0.0 |   187633.0 |  2.0 | 33.0 |
          30.0 |             24.0 |            9.6411 |       0.0 |   253995.0 |  3.0 | 33.0 |
          30.0 |             24.0 |            9.7335 |       0.0 |   356672.0 |  4.0 | 33.0 |
          30.0 |             24.0 |           10.3373 | 8.269e-05 |   956547.0 |  6.0 | 33.0 |
          30.0 |             24.0 |           10.4761 | 6.288e-05 |  1085060.0 |  7.0 | 33.0 |
          30.0 |             24.0 |            10.505 | 1.644e-05 |  1110790.0 |  8.0 | 33.0 |
          30.0 |             24.0 |           10.7638 | 4.188e-05 |  1327885.0 |  9.0 | 33.0 |
          30.0 |             24.0 |           10.8132 | 0.0002256 |  1371814.0 | 10.0 | 33.0 |
          30.0 |             24.0 |           10.9867 | 0.0006608 |  1516054.0 | 11.0 | 33.0 |
          30.0 |             24.0 |            11.071 | 0.0002266 |  1578582.0 | 12.0 | 33.0 |
          30.0 |             24.0 |           11.3025 | 0.0001141 |  1766772.0 | 13.0 | 33.0 |
          30.0 |             24.0 |           12.2703 |       0.0 |  2451756.0 | 14.0 | 33.0 |
          30.0 |             24.0 |           12.5859 |       0.0 |  2656610.0 | 15.0 | 33.0 |
          30.0 |             24.0 |           180.725 |   0.01324 | 10076344.0 | 16.0 | 33.0 |
          30.0 |             24.0 |           239.767 |  0.001049 | 10212599.0 | 17.0 | 33.0 |
          30.0 |             24.0 |           260.129 |   0.09424 | 10245245.0 | 18.0 | 33.0 |
          30.0 |             24.0 |            283.38 |   0.01385 | 10276787.0 | 19.0 | 33.0 |
          30.0 |             24.0 |           309.592 |     0.198 | 10306664.0 | 20.0 | 33.0 |
          30.0 |             24.0 |           699.208 |  0.007122 | 10486651.0 | 25.0 | 33.0 |
          30.0 |             24.0 |            9.3918 |       0.0 |        0.0 |  1.0 | 34.0 |
          30.0 |             24.0 |            9.5622 |       0.0 |   187633.0 |  2.0 | 34.0 |
          30.0 |             24.0 |            9.6245 |       0.0 |   253995.0 |  3.0 | 34.0 |
          30.0 |             24.0 |            9.8551 |       0.0 |   500688.0 |  5.0 | 34.0 |
          30.0 |             24.0 |           10.3182 | 0.0005475 |   956547.0 |  6.0 | 34.0 |
          30.0 |             24.0 |           10.4565 | 9.124e-05 |  1085060.0 |  7.0 | 34.0 |
          30.0 |             24.0 |           10.7431 | 0.0002158 |  1327885.0 |  9.0 | 34.0 |
          30.0 |             24.0 |           11.0491 | 0.0002071 |  1578582.0 | 12.0 | 34.0 |
          30.0 |             24.0 |           12.2435 |       0.0 |  2451756.0 | 14.0 | 34.0 |
          30.0 |             24.0 |           229.915 |  0.001194 | 10212599.0 | 17.0 | 34.0 |
          30.0 |             24.0 |           269.719 |    0.1558 | 10276787.0 | 19.0 | 34.0 |
          30.0 |             24.0 |           293.359 |    0.3054 | 10306664.0 | 20.0 | 34.0 |
          30.0 |             24.0 |           621.535 |   0.01827 | 10486651.0 | 25.0 | 34.0 |
          30.0 |             24.0 |             698.7 |  0.006708 | 10504420.0 | 26.0 | 34.0 |
          30.0 |             24.0 |            9.3701 |    0.1288 |        0.0 |  1.0 | 35.0 |
          30.0 |             24.0 |            9.5396 |     0.046 |   187633.0 |  2.0 | 35.0 |
          30.0 |             24.0 |            9.6016 |  0.001626 |   253995.0 |  3.0 | 35.0 |
          30.0 |             24.0 |            9.6933 |  0.006589 |   356672.0 |  4.0 | 35.0 |
          30.0 |             24.0 |            9.8311 | 0.0004283 |   500688.0 |  5.0 | 35.0 |
          30.0 |             24.0 |           12.2065 |  0.001276 |  2451756.0 | 14.0 | 35.0 |
          30.0 |             24.0 |           12.5188 | 8.652e-05 |  2656610.0 | 15.0 | 35.0 |
          30.0 |             24.0 |           283.846 |    0.2417 | 10319964.0 | 21.0 | 35.0 |
          30.0 |             24.0 |           364.012 |    0.0365 | 10397552.0 | 22.0 | 35.0 |
          30.0 |             24.0 |            9.3659 | 1.269e-06 |        0.0 |  1.0 | 36.0 |
          30.0 |             24.0 |            9.5353 |  0.002355 |   187633.0 |  2.0 | 36.0 |
          30.0 |             24.0 |            9.6888 |   0.05642 |   356672.0 |  4.0 | 36.0 |
          30.0 |             24.0 |            9.8265 |    0.0419 |   500688.0 |  5.0 | 36.0 |
          30.0 |             24.0 |           12.1993 | 0.0005945 |  2451756.0 | 14.0 | 36.0 |
          30.0 |             24.0 |           12.5113 | 0.0007948 |  2656610.0 | 15.0 | 36.0 |
          30.0 |             24.0 |            9.3573 |       0.0 |        0.0 |  1.0 | 37.0 |
          30.0 |             24.0 |            9.5264 |       0.0 |   187633.0 |  2.0 | 37.0 |
          30.0 |             24.0 |             9.817 |       0.0 |   500688.0 |  5.0 | 37.0 |
          30.0 |             24.0 |           10.4137 | 7.451e-06 |  1085060.0 |  7.0 | 37.0 |
          30.0 |             24.0 |           10.4423 | 9.925e-06 |  1110790.0 |  8.0 | 37.0 |
          30.0 |             24.0 |            10.698 | 1.964e-05 |  1327885.0 |  9.0 | 37.0 |
          30.0 |             24.0 |           10.9181 | 0.0004771 |  1516054.0 | 11.0 | 37.0 |
          30.0 |             24.0 |           11.0013 | 3.394e-05 |  1578582.0 | 12.0 | 37.0 |
          30.0 |             24.0 |           11.2299 | 0.0002953 |  1766772.0 | 13.0 | 37.0 |
          30.0 |             24.0 |           12.1848 |       0.0 |  2451756.0 | 14.0 | 37.0 |
          30.0 |             24.0 |           163.797 |  0.001083 | 10076344.0 | 16.0 | 37.0 |
          30.0 |             24.0 |           210.856 | 8.732e-06 | 10212599.0 | 17.0 | 37.0 |
          30.0 |             24.0 |           226.443 |   0.05198 | 10245245.0 | 18.0 | 37.0 |
          30.0 |             24.0 |           263.024 |    0.1171 | 10306664.0 | 20.0 | 37.0 |
          30.0 |             24.0 |           548.134 |   0.01195 | 10504420.0 | 26.0 | 37.0 |
          30.0 |             24.0 |            9.3344 |    0.7327 |        0.0 |  1.0 | 38.0 |
          30.0 |             24.0 |            9.5027 |   0.06194 |   187633.0 |  2.0 | 38.0 |
          30.0 |             24.0 |            9.5642 |   0.01146 |   253995.0 |  3.0 | 38.0 |
          30.0 |             24.0 |            12.146 |  0.002122 |  2451756.0 | 14.0 | 38.0 |
          30.0 |             24.0 |           316.963 |    0.3899 | 10397552.0 | 22.0 | 38.0 |
          30.0 |             24.0 |            9.4408 |       0.0 |   187633.0 |  2.0 | 39.0 |
          30.0 |             24.0 |            9.5015 |       0.0 |   253995.0 |  3.0 | 39.0 |
          30.0 |             24.0 |            9.7262 |       0.0 |   500688.0 |  5.0 | 39.0 |
          30.0 |             24.0 |            10.177 | 0.0001348 |   956547.0 |  6.0 | 39.0 |
          30.0 |             24.0 |           10.3115 | 0.0001738 |  1085060.0 |  7.0 | 39.0 |
          30.0 |             24.0 |           10.5902 | 0.0001195 |  1327885.0 |  9.0 | 39.0 |
          30.0 |             24.0 |            10.638 | 0.0003712 |  1371814.0 | 10.0 | 39.0 |
          30.0 |             24.0 |           10.8874 | 3.553e-06 |  1578582.0 | 12.0 | 39.0 |
          30.0 |             24.0 |           12.0452 |       0.0 |  2451756.0 | 14.0 | 39.0 |
          30.0 |             24.0 |           175.627 | 0.0005031 | 10212599.0 | 17.0 | 39.0 |
          30.0 |             24.0 |           197.941 |  0.005605 | 10276787.0 | 19.0 | 39.0 |
          30.0 |             24.0 |           210.383 | 0.0007089 | 10306664.0 | 20.0 | 39.0 |
          30.0 |             24.0 |           338.597 |   0.08514 | 10486651.0 | 25.0 | 39.0 |
          30.0 |             24.0 |           360.273 |    0.3234 | 10504420.0 | 26.0 | 39.0 |
          30.0 |             24.0 |            9.2663 |       0.0 |        0.0 |  1.0 | 40.0 |
          30.0 |             24.0 |            9.4321 |       0.0 |   187633.0 |  2.0 | 40.0 |
          30.0 |             24.0 |            9.4927 |       0.0 |   253995.0 |  3.0 | 40.0 |
          30.0 |             24.0 |            9.5823 |       0.0 |   356672.0 |  4.0 | 40.0 |
          30.0 |             24.0 |             9.717 |       0.0 |   500688.0 |  5.0 | 40.0 |
          30.0 |             24.0 |           10.1669 | 1.544e-06 |   956547.0 |  6.0 | 40.0 |
          30.0 |             24.0 |           10.3012 | 0.0001792 |  1085060.0 |  7.0 | 40.0 |
          30.0 |             24.0 |           10.3291 | 0.0001002 |  1110790.0 |  8.0 | 40.0 |
          30.0 |             24.0 |           10.5793 |  3.86e-05 |  1327885.0 |  9.0 | 40.0 |
          30.0 |             24.0 |            10.627 |  0.000331 |  1371814.0 | 10.0 | 40.0 |
          30.0 |             24.0 |           10.7945 | 3.055e-06 |  1516054.0 | 11.0 | 40.0 |
          30.0 |             24.0 |           10.8759 | 0.0003557 |  1578582.0 | 12.0 | 40.0 |
          30.0 |             24.0 |           11.0992 | 9.041e-05 |  1766772.0 | 13.0 | 40.0 |
          30.0 |             24.0 |            12.031 |       0.0 |  2451756.0 | 14.0 | 40.0 |
          30.0 |             24.0 |           12.3343 |       0.0 |  2656610.0 | 15.0 | 40.0 |
          30.0 |             24.0 |           139.783 |  0.001194 | 10076344.0 | 16.0 | 40.0 |
          30.0 |             24.0 |            172.67 |  0.006214 | 10212599.0 | 17.0 | 40.0 |
          30.0 |             24.0 |           182.985 |   0.04066 | 10245245.0 | 18.0 | 40.0 |
          30.0 |             24.0 |           194.193 |  0.000609 | 10276787.0 | 19.0 | 40.0 |
          30.0 |             24.0 |           206.154 |    0.0123 | 10306664.0 | 20.0 | 40.0 |
          30.0 |             24.0 |           327.774 |    0.2136 | 10486651.0 | 25.0 | 40.0 |
          30.0 |             24.0 |           348.045 |   0.06029 | 10504420.0 | 26.0 | 40.0 |
          30.0 |             24.0 |           872.129 |  0.001088 | 10677077.0 | 36.0 | 40.0 |
          30.0 |             24.0 |            9.4904 |       0.0 |   253995.0 |  3.0 | 41.0 |
          30.0 |             24.0 |           10.1643 | 0.0001585 |   956547.0 |  6.0 | 41.0 |
          30.0 |             24.0 |           10.6241 | 0.0006462 |  1371814.0 | 10.0 | 41.0 |
          30.0 |             24.0 |           193.231 | 0.0001218 | 10276787.0 | 19.0 | 41.0 |
          30.0 |             24.0 |           325.044 |    0.6082 | 10486651.0 | 25.0 | 41.0 |
          30.0 |             24.0 |            9.2483 |       0.0 |        0.0 |  1.0 | 42.0 |
          30.0 |             24.0 |            9.4135 |       0.0 |   187633.0 |  2.0 | 42.0 |
          30.0 |             24.0 |            9.4738 |       0.0 |   253995.0 |  3.0 | 42.0 |
          30.0 |             24.0 |            9.6971 |       0.0 |   500688.0 |  5.0 | 42.0 |
          30.0 |             24.0 |           10.1452 | 7.417e-05 |   956547.0 |  6.0 | 42.0 |
          30.0 |             24.0 |           10.2789 | 5.444e-07 |  1085060.0 |  7.0 | 42.0 |
          30.0 |             24.0 |           10.5558 | 0.0002566 |  1327885.0 |  9.0 | 42.0 |
          30.0 |             24.0 |           10.6032 | 0.0001992 |  1371814.0 | 10.0 | 42.0 |
          30.0 |             24.0 |            10.851 | 4.599e-05 |  1578582.0 | 12.0 | 42.0 |
          30.0 |             24.0 |           12.0007 |       0.0 |  2451756.0 | 14.0 | 42.0 |
          30.0 |             24.0 |           166.614 |  0.005744 | 10212599.0 | 17.0 | 42.0 |
          30.0 |             24.0 |           186.566 |    0.0228 | 10276787.0 | 19.0 | 42.0 |
          30.0 |             24.0 |            197.58 |   0.07945 | 10306664.0 | 20.0 | 42.0 |
          30.0 |             24.0 |           306.619 |    0.3579 | 10486651.0 | 25.0 | 42.0 |
          30.0 |             24.0 |           324.287 |   0.07905 | 10504420.0 | 26.0 | 42.0 |
          30.0 |             24.0 |            9.2462 |       0.0 |        0.0 |  1.0 | 43.0 |
          30.0 |             24.0 |            9.4112 |       0.0 |   187633.0 |  2.0 | 43.0 |
          30.0 |             24.0 |            9.6948 |       0.0 |   500688.0 |  5.0 | 43.0 |
          30.0 |             24.0 |           10.2762 | 9.873e-05 |  1085060.0 |  7.0 | 43.0 |
          30.0 |             24.0 |           10.3041 | 1.082e-05 |  1110790.0 |  8.0 | 43.0 |
          30.0 |             24.0 |            10.553 | 0.0006989 |  1327885.0 |  9.0 | 43.0 |
          30.0 |             24.0 |           10.7671 |  6.23e-05 |  1516054.0 | 11.0 | 43.0 |
          30.0 |             24.0 |           10.8481 | 0.0002695 |  1578582.0 | 12.0 | 43.0 |
          30.0 |             24.0 |           11.0702 |  0.000209 |  1766772.0 | 13.0 | 43.0 |
          30.0 |             24.0 |            11.997 |       0.0 |  2451756.0 | 14.0 | 43.0 |
          30.0 |             24.0 |           135.326 | 0.0004724 | 10076344.0 | 16.0 | 43.0 |
          30.0 |             24.0 |           165.919 | 0.0006257 | 10212599.0 | 17.0 | 43.0 |
          30.0 |             24.0 |           175.421 |  0.005485 | 10245245.0 | 18.0 | 43.0 |
          30.0 |             24.0 |           196.603 |   0.03511 | 10306664.0 | 20.0 | 43.0 |
          30.0 |             24.0 |           321.665 |    0.1221 | 10504420.0 | 26.0 | 43.0 |
          30.0 |             24.0 |           723.458 | 0.0001985 | 10677077.0 | 36.0 | 43.0 |
          30.0 |             24.0 |            9.2458 |    0.2676 |        0.0 |  1.0 | 44.0 |
          30.0 |             24.0 |            9.4109 |  0.005823 |   187633.0 |  2.0 | 44.0 |
          30.0 |             24.0 |            9.4712 |   0.06621 |   253995.0 |  3.0 | 44.0 |
          30.0 |             24.0 |            9.5604 |   0.04857 |   356672.0 |  4.0 | 44.0 |
          30.0 |             24.0 |            9.6944 |   0.02437 |   500688.0 |  5.0 | 44.0 |
          30.0 |             24.0 |           11.9965 |  0.003249 |  2451756.0 | 14.0 | 44.0 |
          30.0 |             24.0 |            12.298 |  0.000871 |  2656610.0 | 15.0 | 44.0 |
          30.0 |             24.0 |           201.724 |   0.00358 | 10319964.0 | 21.0 | 44.0 |
          30.0 |             24.0 |           239.155 |  0.008125 | 10397552.0 | 22.0 | 44.0 |
          30.0 |             24.0 |           276.376 |    0.1454 | 10453865.0 | 23.0 | 44.0 |
          30.0 |             24.0 |           302.536 |   0.08323 | 10485152.0 | 24.0 | 44.0 |
          30.0 |             24.0 |           334.248 |   0.00973 | 10516512.0 | 27.0 | 44.0 |
          30.0 |             24.0 |           390.399 |   0.01465 | 10559543.0 | 30.0 | 44.0 |
          30.0 |             24.0 |            9.2382 |   0.03104 |        0.0 |  1.0 | 45.0 |
          30.0 |             24.0 |             9.403 |    0.0241 |   187633.0 |  2.0 | 45.0 |
          30.0 |             24.0 |            9.5523 |   0.02375 |   356672.0 |  4.0 | 45.0 |
          30.0 |             24.0 |            9.6861 |  0.008053 |   500688.0 |  5.0 | 45.0 |
          30.0 |             24.0 |           11.9837 |  0.000229 |  2451756.0 | 14.0 | 45.0 |
          30.0 |             24.0 |           12.2846 | 0.0004583 |  2656610.0 | 15.0 | 45.0 |
          30.0 |             24.0 |           234.179 |  0.001669 | 10397552.0 | 22.0 | 45.0 |
          30.0 |             24.0 |           269.753 |   0.09344 | 10453865.0 | 23.0 | 45.0 |
          30.0 |             24.0 |           294.618 |   0.01659 | 10485152.0 | 24.0 | 45.0 |
          30.0 |             24.0 |            346.31 |    0.0255 | 10535816.0 | 29.0 | 45.0 |
          30.0 |             24.0 |           377.313 |  0.006121 | 10559543.0 | 30.0 | 45.0 |
          30.0 |             24.0 |            9.4625 |   0.07316 |   253995.0 |  3.0 | 46.0 |
          30.0 |             24.0 |           323.771 |    0.4544 | 10516512.0 | 27.0 | 46.0 |
          30.0 |             24.0 |            342.84 |   0.06053 | 10533691.0 | 28.0 | 46.0 |
          30.0 |             24.0 |            9.2364 |    0.4362 |        0.0 |  1.0 | 47.0 |
          30.0 |             24.0 |            9.4011 |  0.004929 |   187633.0 |  2.0 | 47.0 |
          30.0 |             24.0 |            9.4613 |   0.01379 |   253995.0 |  3.0 | 47.0 |
          30.0 |             24.0 |             9.684 |  0.003321 |   500688.0 |  5.0 | 47.0 |
          30.0 |             24.0 |           11.9806 | 0.0006342 |  2451756.0 | 14.0 | 47.0 |
          30.0 |             24.0 |           292.728 |    0.2965 | 10485152.0 | 24.0 | 47.0 |
          30.0 |             24.0 |           322.317 |   0.09498 | 10516512.0 | 27.0 | 47.0 |
          30.0 |             24.0 |            9.2003 |   0.01687 |        0.0 |  1.0 | 48.0 |
          30.0 |             24.0 |            9.3637 |    0.5588 |   187633.0 |  2.0 | 48.0 |
          30.0 |             24.0 |            9.4235 |   0.01021 |   253995.0 |  3.0 | 48.0 |
          30.0 |             24.0 |            9.5117 |   0.06862 |   356672.0 |  4.0 | 48.0 |
          30.0 |             24.0 |            9.6444 |  0.008627 |   500688.0 |  5.0 | 48.0 |
          30.0 |             24.0 |             11.92 |  0.002389 |  2451756.0 | 14.0 | 48.0 |
          30.0 |             24.0 |           12.2176 | 0.0007911 |  2656610.0 | 15.0 | 48.0 |
          30.0 |             24.0 |           260.391 |   0.01974 | 10485152.0 | 24.0 | 48.0 |
          30.0 |             24.0 |           283.545 |   0.01022 | 10516512.0 | 27.0 | 48.0 |
          30.0 |             24.0 |           299.963 |     0.171 | 10535816.0 | 29.0 | 48.0 |
          30.0 |             24.0 |           322.948 |   0.01751 | 10559543.0 | 30.0 | 48.0 |
          30.0 |             24.0 |           417.502 |   0.03879 | 10629670.0 | 33.0 | 48.0 |
          30.0 |             24.0 |            9.4219 |  0.005408 |   253995.0 |  3.0 | 49.0 |
          30.0 |             24.0 |           10.0857 |       0.0 |   956547.0 |  6.0 | 49.0 |
          30.0 |             24.0 |           282.127 |   0.04429 | 10516512.0 | 27.0 | 49.0 |
          30.0 |             24.0 |           296.497 |    0.3563 | 10533691.0 | 28.0 | 49.0 |
          30.0 |             24.0 |           345.608 |    0.1408 | 10581617.0 | 31.0 | 49.0 |
          30.0 |             24.0 |            447.59 |  0.001669 | 10647543.0 | 34.0 | 49.0 |
          30.0 |             24.0 |            9.1985 |    0.7834 |        0.0 |  1.0 | 50.0 |
          30.0 |             24.0 |            9.3619 |    0.6812 |   187633.0 |  2.0 | 50.0 |
          30.0 |             24.0 |            9.4216 |   0.08966 |   253995.0 |  3.0 | 50.0 |
          30.0 |             24.0 |            9.6424 |   0.01761 |   500688.0 |  5.0 | 50.0 |
          30.0 |             24.0 |           11.9169 | 0.0003318 |  2451756.0 | 14.0 | 50.0 |
          30.0 |             24.0 |           281.841 |   0.02222 | 10516512.0 | 27.0 | 50.0 |
          30.0 |             24.0 |           296.181 |   0.04357 | 10533691.0 | 28.0 | 50.0 |
          30.0 |             24.0 |            320.74 |    0.2986 | 10559543.0 | 30.0 | 50.0 |
          30.0 |             24.0 |           329.076 |    0.6393 | 10581617.0 | 31.0 | 51.0 |
          30.0 |             24.0 |          1096.539 | 0.0001762 | 10794302.0 | 41.0 | 51.0 |
          30.0 |             24.0 |            9.1552 |     1.605 |        0.0 |  1.0 | 52.0 |
          30.0 |             24.0 |             9.317 | 0.0002513 |   187633.0 |  2.0 | 52.0 |
          30.0 |             24.0 |            9.3762 |     0.573 |   253995.0 |  3.0 | 52.0 |
          30.0 |             24.0 |            9.5949 |  0.002438 |   500688.0 |  5.0 | 52.0 |
          30.0 |             24.0 |           11.8444 |  0.005236 |  2451756.0 | 14.0 | 52.0 |
          30.0 |             24.0 |           257.054 |     0.159 | 10533691.0 | 28.0 | 52.0 |
          30.0 |             24.0 |           293.171 |   0.02619 | 10581617.0 | 31.0 | 52.0 |
          30.0 |             24.0 |           329.508 |    0.1185 | 10619232.0 | 32.0 | 52.0 |
          30.0 |             24.0 |           363.409 |   0.07873 | 10647543.0 | 34.0 | 52.0 |
          30.0 |             24.0 |            9.1551 |       0.0 |        0.0 |  1.0 | 53.0 |
          30.0 |             24.0 |            9.3169 |       0.0 |   187633.0 |  2.0 | 53.0 |
          30.0 |             24.0 |             9.376 |       0.0 |   253995.0 |  3.0 | 53.0 |
          30.0 |             24.0 |            9.4634 |       0.0 |   356672.0 |  4.0 | 53.0 |
          30.0 |             24.0 |            9.5947 |       0.0 |   500688.0 |  5.0 | 53.0 |
          30.0 |             24.0 |           10.0332 | 4.567e-05 |   956547.0 |  6.0 | 53.0 |
          30.0 |             24.0 |           10.1911 | 1.791e-06 |  1110790.0 |  8.0 | 53.0 |
          30.0 |             24.0 |           10.4345 | 2.664e-05 |  1327885.0 |  9.0 | 53.0 |
          30.0 |             24.0 |           10.4809 | 0.0003668 |  1371814.0 | 10.0 | 53.0 |
          30.0 |             24.0 |           10.6439 | 0.0001539 |  1516054.0 | 11.0 | 53.0 |
          30.0 |             24.0 |           10.7229 | 0.0002945 |  1578582.0 | 12.0 | 53.0 |
          30.0 |             24.0 |             10.94 |  0.000185 |  1766772.0 | 13.0 | 53.0 |
          30.0 |             24.0 |           11.8442 |       0.0 |  2451756.0 | 14.0 | 53.0 |
          30.0 |             24.0 |            12.138 |       0.0 |  2656610.0 | 15.0 | 53.0 |
          30.0 |             24.0 |           118.131 |   2.2e-05 | 10076344.0 | 16.0 | 53.0 |
          30.0 |             24.0 |           140.792 | 0.0006304 | 10212599.0 | 17.0 | 53.0 |
          30.0 |             24.0 |           147.575 | 8.686e-06 | 10245245.0 | 18.0 | 53.0 |
          30.0 |             24.0 |            154.78 |  0.001314 | 10276787.0 | 19.0 | 53.0 |
          30.0 |             24.0 |           162.285 |  0.006274 | 10306664.0 | 20.0 | 53.0 |
          30.0 |             24.0 |           229.245 |   0.09601 | 10486651.0 | 25.0 | 53.0 |
          30.0 |             24.0 |            238.98 |    0.3064 | 10504420.0 | 26.0 | 53.0 |
          30.0 |             24.0 |           399.047 | 3.738e-05 | 10672268.0 | 35.0 | 53.0 |
          30.0 |             24.0 |           406.855 |   0.01549 | 10677077.0 | 36.0 | 53.0 |
          30.0 |             24.0 |            9.1436 |     1.803 |        0.0 |  1.0 | 54.0 |
          30.0 |             24.0 |             9.305 |   0.03836 |   187633.0 |  2.0 | 54.0 |
          30.0 |             24.0 |             9.364 |     0.154 |   253995.0 |  3.0 | 54.0 |
          30.0 |             24.0 |            9.4511 |  0.006142 |   356672.0 |  4.0 | 54.0 |
          30.0 |             24.0 |            9.5821 |  0.001728 |   500688.0 |  5.0 | 54.0 |
          30.0 |             24.0 |            11.825 |  0.002429 |  2451756.0 | 14.0 | 54.0 |
          30.0 |             24.0 |           12.1178 | 0.0001807 |  2656610.0 | 15.0 | 54.0 |
          30.0 |             24.0 |           207.157 |   0.01098 | 10453865.0 | 23.0 | 54.0 |
          30.0 |             24.0 |           221.514 |   0.01757 | 10485152.0 | 24.0 | 54.0 |
          30.0 |             24.0 |           248.201 |   0.06927 | 10533691.0 | 28.0 | 54.0 |
          30.0 |             24.0 |           315.102 |    0.1601 | 10619232.0 | 32.0 | 54.0 |
          30.0 |             24.0 |            9.1361 |    0.9259 |        0.0 |  1.0 | 55.0 |
          30.0 |             24.0 |            9.2973 |   0.03099 |   187633.0 |  2.0 | 55.0 |
          30.0 |             24.0 |            9.4432 |   0.02808 |   356672.0 |  4.0 | 55.0 |
          30.0 |             24.0 |            9.5739 |  0.008274 |   500688.0 |  5.0 | 55.0 |
          30.0 |             24.0 |           11.8125 | 0.0003412 |  2451756.0 | 14.0 | 55.0 |
          30.0 |             24.0 |           12.1047 | 0.0002962 |  2656610.0 | 15.0 | 55.0 |
          30.0 |             24.0 |           217.211 |   0.01926 | 10485152.0 | 24.0 | 55.0 |
          30.0 |             24.0 |           306.465 |    0.1037 | 10619232.0 | 32.0 | 55.0 |
          30.0 |             24.0 |            9.1213 |    0.1106 |        0.0 |  1.0 | 56.0 |
          30.0 |             24.0 |            9.2819 | 0.0002717 |   187633.0 |  2.0 | 56.0 |
          30.0 |             24.0 |            9.4273 |    0.5156 |   356672.0 |  4.0 | 56.0 |
          30.0 |             24.0 |            9.5576 |   0.04839 |   500688.0 |  5.0 | 56.0 |
          30.0 |             24.0 |           11.7876 |  0.002314 |  2451756.0 | 14.0 | 56.0 |
          30.0 |             24.0 |           12.0786 |  0.007171 |  2656610.0 | 15.0 | 56.0 |
          30.0 |             24.0 |           155.424 |  0.003596 | 10319964.0 | 21.0 | 56.0 |
          30.0 |             24.0 |            196.27 |  0.007913 | 10453865.0 | 23.0 | 56.0 |
          30.0 |             24.0 |           209.111 |  0.009036 | 10485152.0 | 24.0 | 56.0 |
          30.0 |             24.0 |            233.89 |    0.0274 | 10535816.0 | 29.0 | 56.0 |
          30.0 |             24.0 |           299.673 |   0.01859 | 10629670.0 | 33.0 | 56.0 |
          30.0 |             24.0 |           361.651 |   0.06397 | 10686857.0 | 37.0 | 56.0 |
          30.0 |             24.0 |            9.3338 |     2.336 |   253995.0 |  3.0 | 57.0 |
          30.0 |             24.0 |           228.595 |   0.02846 | 10533691.0 | 28.0 | 57.0 |
          30.0 |             24.0 |            256.72 |    0.0384 | 10581617.0 | 31.0 | 57.0 |
          30.0 |             24.0 |           309.021 |    0.4698 | 10647543.0 | 34.0 | 57.0 |
          30.0 |             24.0 |             9.112 |       0.0 |        0.0 |  1.0 | 58.0 |
          30.0 |             24.0 |            9.2723 |       0.0 |   187633.0 |  2.0 | 58.0 |
          30.0 |             24.0 |            9.5474 |       0.0 |   500688.0 |  5.0 | 58.0 |
          30.0 |             24.0 |           10.1108 | 1.757e-07 |  1085060.0 |  7.0 | 58.0 |
          30.0 |             24.0 |           10.1377 | 1.585e-05 |  1110790.0 |  8.0 | 58.0 |
          30.0 |             24.0 |           10.3785 | 0.0001373 |  1327885.0 |  9.0 | 58.0 |
          30.0 |             24.0 |           10.5856 |  0.000134 |  1516054.0 | 11.0 | 58.0 |
          30.0 |             24.0 |           10.6638 | 0.0001054 |  1578582.0 | 12.0 | 58.0 |
          30.0 |             24.0 |           10.8785 | 0.0002108 |  1766772.0 | 13.0 | 58.0 |
          30.0 |             24.0 |           11.7721 |       0.0 |  2451756.0 | 14.0 | 58.0 |
          30.0 |             24.0 |           111.333 | 8.809e-05 | 10076344.0 | 16.0 | 58.0 |
          30.0 |             24.0 |           131.242 | 0.0001386 | 10212599.0 | 17.0 | 58.0 |
          30.0 |             24.0 |           137.117 |  0.004161 | 10245245.0 | 18.0 | 58.0 |
          30.0 |             24.0 |           149.727 |  0.006714 | 10306664.0 | 20.0 | 58.0 |
          30.0 |             24.0 |           204.334 |       0.0 | 10485152.0 | 24.0 | 58.0 |
          30.0 |             24.0 |           212.708 | 0.0007357 | 10504420.0 | 26.0 | 58.0 |
          30.0 |             24.0 |           336.167 |    0.1437 | 10677077.0 | 36.0 | 58.0 |
          30.0 |             24.0 |           629.497 | 5.024e-05 | 10815691.0 | 44.0 | 58.0 |
          30.0 |             24.0 |            9.1043 |    0.3993 |        0.0 |  1.0 | 59.0 |
          30.0 |             24.0 |            9.2643 |     2.613 |   187633.0 |  2.0 | 59.0 |
          30.0 |             24.0 |            9.3228 |     0.581 |   253995.0 |  3.0 | 59.0 |
          30.0 |             24.0 |            9.5389 |  0.001743 |   500688.0 |  5.0 | 59.0 |
          30.0 |             24.0 |           11.7593 |  0.007305 |  2451756.0 | 14.0 | 59.0 |
          30.0 |             24.0 |            200.54 |   0.02474 | 10485152.0 | 24.0 | 59.0 |
          30.0 |             24.0 |           222.166 |   0.02101 | 10533691.0 | 28.0 | 59.0 |
          30.0 |             24.0 |           282.378 |     0.326 | 10629670.0 | 33.0 | 59.0 |
          30.0 |             24.0 |           297.387 |   0.04779 | 10647543.0 | 34.0 | 59.0 |
          30.0 |             24.0 |            9.1024 |   0.02143 |        0.0 |  1.0 | 60.0 |
          30.0 |             24.0 |            9.2623 |   0.01568 |   187633.0 |  2.0 | 60.0 |
          30.0 |             24.0 |            9.3208 |     0.085 |   253995.0 |  3.0 | 60.0 |
          30.0 |             24.0 |            9.4071 |     1.137 |   356672.0 |  4.0 | 60.0 |
          30.0 |             24.0 |            9.5369 |   0.05268 |   500688.0 |  5.0 | 60.0 |
          30.0 |             24.0 |           11.7561 |  0.001649 |  2451756.0 | 14.0 | 60.0 |
          30.0 |             24.0 |           12.0456 |   0.01241 |  2656610.0 | 15.0 | 60.0 |
          30.0 |             24.0 |            199.62 |   0.01643 | 10485152.0 | 24.0 | 60.0 |
          30.0 |             24.0 |           234.433 |   0.08339 | 10559543.0 | 30.0 | 60.0 |
          30.0 |             24.0 |           280.557 |   0.05021 | 10629670.0 | 33.0 | 60.0 |
          30.0 |             24.0 |           334.172 |    0.1079 | 10686857.0 | 37.0 | 60.0 |
          30.0 |             24.0 |            9.0813 |       0.0 |        0.0 |  1.0 | 61.0 |
          30.0 |             24.0 |            9.2405 |       0.0 |   187633.0 |  2.0 | 61.0 |
          30.0 |             24.0 |            9.2986 |       0.0 |   253995.0 |  3.0 | 61.0 |
          30.0 |             24.0 |            9.3845 |       0.0 |   356672.0 |  4.0 | 61.0 |
          30.0 |             24.0 |            9.5136 |       0.0 |   500688.0 |  5.0 | 61.0 |
          30.0 |             24.0 |            9.9446 | 8.117e-05 |   956547.0 |  6.0 | 61.0 |
          30.0 |             24.0 |           10.0729 | 3.253e-05 |  1085060.0 |  7.0 | 61.0 |
          30.0 |             24.0 |           10.0997 |  0.000111 |  1110790.0 |  8.0 | 61.0 |
          30.0 |             24.0 |           10.3387 | 6.635e-06 |  1327885.0 |  9.0 | 61.0 |
          30.0 |             24.0 |           10.3842 | 0.0003289 |  1371814.0 | 10.0 | 61.0 |
          30.0 |             24.0 |           10.5442 | 0.0003691 |  1516054.0 | 11.0 | 61.0 |
          30.0 |             24.0 |           10.6218 | 2.611e-05 |  1578582.0 | 12.0 | 61.0 |
          30.0 |             24.0 |           10.8347 | 0.0004444 |  1766772.0 | 13.0 | 61.0 |
          30.0 |             24.0 |           11.7209 |       0.0 |  2451756.0 | 14.0 | 61.0 |
          30.0 |             24.0 |           12.0086 |       0.0 |  2656610.0 | 15.0 | 61.0 |
          30.0 |             24.0 |           106.913 | 2.172e-05 | 10076344.0 | 16.0 | 61.0 |
          30.0 |             24.0 |           125.144 | 0.0001106 | 10212599.0 | 17.0 | 61.0 |
          30.0 |             24.0 |           130.474 | 0.0001582 | 10245245.0 | 18.0 | 61.0 |
          30.0 |             24.0 |           136.074 | 0.0002244 | 10276787.0 | 19.0 | 61.0 |
          30.0 |             24.0 |           141.841 |  0.002974 | 10306664.0 | 20.0 | 61.0 |
          30.0 |             24.0 |           190.465 |  0.002118 | 10486651.0 | 25.0 | 61.0 |
          30.0 |             24.0 |           197.137 |    0.0436 | 10504420.0 | 26.0 | 61.0 |
          30.0 |             24.0 |           294.626 |   5.4e-05 | 10672268.0 | 35.0 | 61.0 |
          30.0 |             24.0 |           298.861 |    0.3052 | 10677077.0 | 36.0 | 61.0 |
          30.0 |             24.0 |            510.23 | 0.0002108 | 10815691.0 | 44.0 | 61.0 |
          30.0 |             24.0 |           534.456 | 0.0001011 | 10824575.0 | 45.0 | 61.0 |
          30.0 |             24.0 |           701.799 | 0.0002398 | 10869190.0 | 48.0 | 61.0 |
          30.0 |             24.0 |           181.674 |  0.001869 | 10533691.0 | 28.0 | 62.0 |
          30.0 |             24.0 |           199.001 |  0.002294 | 10581617.0 | 31.0 | 62.0 |
          30.0 |             24.0 |           229.051 |  0.001895 | 10647543.0 | 34.0 | 62.0 |
          30.0 |             24.0 |           330.972 |    0.4107 | 10781987.0 | 39.0 | 62.0 |
          30.0 |             24.0 |           345.036 |   0.07513 | 10794302.0 | 41.0 | 62.0 |
          30.0 |             24.0 |           368.544 |   0.01478 | 10812789.0 | 42.0 | 62.0 |
          30.0 |             24.0 |           191.522 |  0.001009 | 10581617.0 | 31.0 | 63.0 |
          30.0 |             24.0 |           323.156 |     0.651 | 10794302.0 | 41.0 | 63.0 |
          30.0 |             24.0 |           359.224 |       0.0 | 10825372.0 | 46.0 | 63.0 |
          30.0 |             24.0 |           458.186 |       0.0 | 10885498.0 | 51.0 | 63.0 |
          30.0 |             24.0 |            8.9912 |   0.01217 |        0.0 |  1.0 | 64.0 |
          30.0 |             24.0 |            9.1472 |     1.097 |   187633.0 |  2.0 | 64.0 |
          30.0 |             24.0 |            9.2042 |    0.3213 |   253995.0 |  3.0 | 64.0 |
          30.0 |             24.0 |            9.2884 |    0.1092 |   356672.0 |  4.0 | 64.0 |
          30.0 |             24.0 |            9.4149 |    0.0437 |   500688.0 |  5.0 | 64.0 |
          30.0 |             24.0 |           11.5713 | 0.0002545 |  2451756.0 | 14.0 | 64.0 |
          30.0 |             24.0 |           11.8516 |  0.002541 |  2656610.0 | 15.0 | 64.0 |
          30.0 |             24.0 |           177.797 |  0.006428 | 10559543.0 | 30.0 | 64.0 |
          30.0 |             24.0 |           203.123 |  0.009092 | 10629670.0 | 33.0 | 64.0 |
          30.0 |             24.0 |           210.775 |   0.01561 | 10647543.0 | 34.0 | 64.0 |
          30.0 |             24.0 |           302.806 |     0.158 | 10791739.0 | 40.0 | 64.0 |
          30.0 |             24.0 |           323.422 |   0.04279 | 10812789.0 | 42.0 | 64.0 |
          30.0 |             24.0 |           326.072 |   0.03809 | 10815302.0 | 43.0 | 64.0 |
          30.0 |             24.0 |            8.9876 |    0.0137 |        0.0 |  1.0 | 65.0 |
          30.0 |             24.0 |            9.1435 |      1.17 |   187633.0 |  2.0 | 65.0 |
          30.0 |             24.0 |            9.2004 |     1.526 |   253995.0 |  3.0 | 65.0 |
          30.0 |             24.0 |           11.5653 |  0.006624 |  2451756.0 | 14.0 | 65.0 |
          30.0 |             24.0 |           208.797 |   0.03045 | 10647543.0 | 34.0 | 65.0 |
          30.0 |             24.0 |           298.741 |    0.1366 | 10791739.0 | 40.0 | 65.0 |
          30.0 |             24.0 |           301.046 |   0.03366 | 10794302.0 | 41.0 | 65.0 |
          30.0 |             24.0 |           318.788 |    0.1771 | 10812789.0 | 42.0 | 65.0 |
          30.0 |             24.0 |            8.9833 | 0.0009554 |        0.0 |  1.0 | 66.0 |
          30.0 |             24.0 |             9.139 |    0.3254 |   187633.0 |  2.0 | 66.0 |
          30.0 |             24.0 |              9.28 |    0.1969 |   356672.0 |  4.0 | 66.0 |
          30.0 |             24.0 |            9.4062 |  0.009282 |   500688.0 |  5.0 | 66.0 |
          30.0 |             24.0 |           11.5582 | 0.0001071 |  2451756.0 | 14.0 | 66.0 |
          30.0 |             24.0 |           11.8379 |  0.001516 |  2656610.0 | 15.0 | 66.0 |
          30.0 |             24.0 |           154.651 |  0.001622 | 10485152.0 | 24.0 | 66.0 |
          30.0 |             24.0 |           167.798 |  0.002802 | 10535816.0 | 29.0 | 66.0 |
          30.0 |             24.0 |           174.756 |  0.009208 | 10559543.0 | 30.0 | 66.0 |
          30.0 |             24.0 |           294.092 |   0.04808 | 10791739.0 | 40.0 | 66.0 |
          30.0 |             24.0 |           315.989 |   0.08009 | 10815302.0 | 43.0 | 66.0 |
          30.0 |             24.0 |            9.1773 |     4.758 |   253995.0 |  3.0 | 67.0 |
          30.0 |             24.0 |           268.905 |   0.07434 | 10781987.0 | 39.0 | 67.0 |
          30.0 |             24.0 |           278.115 |    0.1029 | 10794302.0 | 41.0 | 67.0 |
          30.0 |             24.0 |            293.19 |    0.4053 | 10812789.0 | 42.0 | 67.0 |
          30.0 |             24.0 |            8.9417 |  0.009759 |        0.0 |  1.0 | 68.0 |
          30.0 |             24.0 |             9.096 |    0.2545 |   187633.0 |  2.0 | 68.0 |
          30.0 |             24.0 |            9.2356 |   0.02932 |   356672.0 |  4.0 | 68.0 |
          30.0 |             24.0 |            9.3606 |    0.4443 |   500688.0 |  5.0 | 68.0 |
          30.0 |             24.0 |           11.4895 |  0.005509 |  2451756.0 | 14.0 | 68.0 |
          30.0 |             24.0 |           11.7658 |  4.51e-05 |  2656610.0 | 15.0 | 68.0 |
          30.0 |             24.0 |           180.563 |   0.01289 | 10629670.0 | 33.0 | 68.0 |
          30.0 |             24.0 |           255.262 |   0.05912 | 10791739.0 | 40.0 | 68.0 |
          30.0 |             24.0 |           271.597 |   0.03227 | 10815302.0 | 43.0 | 68.0 |
          30.0 |             24.0 |           383.687 |   0.03946 | 10922865.0 | 53.0 | 68.0 |
          30.0 |             24.0 |            8.9311 |   0.01177 |        0.0 |  1.0 | 69.0 |
          30.0 |             24.0 |            9.0851 |   0.03364 |   187633.0 |  2.0 | 69.0 |
          30.0 |             24.0 |            9.1413 |   0.08725 |   253995.0 |  3.0 | 69.0 |
          30.0 |             24.0 |            9.2243 |    0.1201 |   356672.0 |  4.0 | 69.0 |
          30.0 |             24.0 |             9.349 |     1.564 |   500688.0 |  5.0 | 69.0 |
          30.0 |             24.0 |            11.472 |   0.01732 |  2451756.0 | 14.0 | 69.0 |
          30.0 |             24.0 |           11.7474 |  0.001884 |  2656610.0 | 15.0 | 69.0 |
          30.0 |             24.0 |           196.106 |   0.02148 | 10686857.0 | 37.0 | 69.0 |
          30.0 |             24.0 |           241.081 |   0.04014 | 10781987.0 | 39.0 | 69.0 |
          30.0 |             24.0 |           262.134 |   0.07349 | 10815302.0 | 43.0 | 69.0 |
          30.0 |             24.0 |           365.069 |    0.1123 | 10922865.0 | 53.0 | 69.0 |
          30.0 |             24.0 |             8.925 |  0.009225 |        0.0 |  1.0 | 70.0 |
          30.0 |             24.0 |            9.0787 |      0.27 |   187633.0 |  2.0 | 70.0 |
          30.0 |             24.0 |            9.1348 |   0.08066 |   253995.0 |  3.0 | 70.0 |
          30.0 |             24.0 |            9.3423 |     2.553 |   500688.0 |  5.0 | 70.0 |
          30.0 |             24.0 |           11.4618 |   0.01945 |  2451756.0 | 14.0 | 70.0 |
          30.0 |             24.0 |            236.67 |    0.1507 | 10781987.0 | 39.0 | 70.0 |
          30.0 |             24.0 |           242.262 |   0.04367 | 10791739.0 | 40.0 | 70.0 |
          30.0 |             24.0 |           355.049 |    0.2166 | 10922865.0 | 53.0 | 70.0 |
          30.0 |             24.0 |            8.8314 |  0.005574 |        0.0 |  1.0 | 71.0 |
          30.0 |             24.0 |            8.9819 |  0.007919 |   187633.0 |  2.0 | 71.0 |
          30.0 |             24.0 |            9.0368 |   0.08639 |   253995.0 |  3.0 | 71.0 |
          30.0 |             24.0 |            9.2398 |     1.945 |   500688.0 |  5.0 | 71.0 |
          30.0 |             24.0 |            11.308 |   0.02218 |  2451756.0 | 14.0 | 71.0 |
          30.0 |             24.0 |           321.023 |    0.3789 | 11011681.0 | 61.0 | 71.0 |
          30.0 |             24.0 |            8.8245 |  0.000109 |        0.0 |  1.0 | 72.0 |
          30.0 |             24.0 |            8.9748 |  0.004196 |   187633.0 |  2.0 | 72.0 |
          30.0 |             24.0 |            9.0296 |  0.006326 |   253995.0 |  3.0 | 72.0 |
          30.0 |             24.0 |            9.1106 |     1.378 |   356672.0 |  4.0 | 72.0 |
          30.0 |             24.0 |            9.2322 |    0.3924 |   500688.0 |  5.0 | 72.0 |
          30.0 |             24.0 |           11.2967 |  0.003429 |  2451756.0 | 14.0 | 72.0 |
          30.0 |             24.0 |           11.5637 |   0.01498 |  2656610.0 | 15.0 | 72.0 |
          30.0 |             24.0 |           279.701 |    0.2404 | 10974548.0 | 58.0 | 72.0 |
          30.0 |             24.0 |           312.118 |   0.04796 | 11011681.0 | 61.0 | 72.0 |
%CHIANTI