 Atomic Number | Ionization State | Wavelength (Ang.) | g_i*f_ik | E_i(cm^-1) |    i |    j |
          16.0 |             16.0 |            4.7326 |      0.0 |        0.0 |  1.0 |  2.0 |
          16.0 |             16.0 |            4.7328 |   0.2772 |        0.0 |  1.0 |  3.0 |
          16.0 |             16.0 |            4.7274 |   0.5552 |        0.0 |  1.0 |  4.0 |
          16.0 |             16.0 |           25.5011 |  0.02718 | 21129300.0 |  3.0 |  5.0 |
          16.0 |             16.0 |           25.6594 |  0.05436 | 21153494.0 |  4.0 |  5.0 |
          16.0 |             16.0 |            3.9919 |  0.05268 |        0.0 |  1.0 |  6.0 |
          16.0 |             16.0 |           25.5082 |   0.2896 | 21130146.0 |  2.0 |  6.0 |
          16.0 |             16.0 |            3.9908 |   0.1055 |        0.0 |  1.0 |  7.0 |
          16.0 |             16.0 |           25.4617 |   0.5802 | 21130146.0 |  2.0 |  7.0 |
          16.0 |             16.0 |           25.4563 |    1.392 | 21129300.0 |  3.0 |  8.0 |
          16.0 |             16.0 |            25.614 |   0.2783 | 21153494.0 |  4.0 |  8.0 |
          16.0 |             16.0 |           25.5984 |    2.505 | 21153494.0 |  4.0 |  9.0 |
          16.0 |             16.0 |            18.894 |  0.00609 | 21129300.0 |  3.0 | 10.0 |
          16.0 |             16.0 |           18.9808 |  0.01218 | 21153494.0 |  4.0 | 10.0 |
          16.0 |             16.0 |            72.912 |   0.0645 | 25050448.0 |  6.0 | 10.0 |
          16.0 |             16.0 |            73.295 |    0.129 | 25057620.0 |  7.0 | 10.0 |
          16.0 |             16.0 |            3.7847 |  0.01931 |        0.0 |  1.0 | 11.0 |
          16.0 |             16.0 |           18.8975 |  0.06846 | 21130146.0 |  2.0 | 11.0 |
          16.0 |             16.0 |            72.931 |   0.3228 | 25050704.0 |  5.0 | 11.0 |
          16.0 |             16.0 |              73.3 |  0.03663 | 25057608.0 |  8.0 | 11.0 |
          16.0 |             16.0 |            3.7843 |  0.03867 |        0.0 |  1.0 | 12.0 |
          16.0 |             16.0 |           18.8867 |   0.1371 | 21130146.0 |  2.0 | 12.0 |
          16.0 |             16.0 |             72.77 |   0.6466 | 25050704.0 |  5.0 | 12.0 |
          16.0 |             16.0 |            73.138 | 0.007328 | 25057608.0 |  8.0 | 12.0 |
          16.0 |             16.0 |            73.265 |  0.06594 | 25059982.0 |  9.0 | 12.0 |
          16.0 |             16.0 |           18.8837 |   0.2436 | 21129300.0 |  3.0 | 13.0 |
          16.0 |             16.0 |           18.9703 |  0.04872 | 21153494.0 |  4.0 | 13.0 |
          16.0 |             16.0 |            72.757 |    1.237 | 25050448.0 |  6.0 | 13.0 |
          16.0 |             16.0 |            73.139 |   0.2473 | 25057620.0 |  7.0 | 13.0 |
          16.0 |             16.0 |           18.9667 |   0.4385 | 21153494.0 |  4.0 | 14.0 |
          16.0 |             16.0 |            73.085 |    2.226 | 25057620.0 |  7.0 | 14.0 |
          16.0 |             16.0 |            73.212 |   0.2909 | 25059982.0 |  9.0 | 15.0 |
          16.0 |             16.0 |            73.185 |    5.817 | 25059982.0 |  9.0 | 16.0 |
          16.0 |             16.0 |            16.872 | 0.002426 | 21129300.0 |  3.0 | 17.0 |
          16.0 |             16.0 |           16.9412 | 0.004852 | 21153494.0 |  4.0 | 17.0 |
          16.0 |             16.0 |           49.8549 |  0.01486 | 25050448.0 |  6.0 | 17.0 |
          16.0 |             16.0 |            50.034 |  0.02971 | 25057620.0 |  7.0 | 17.0 |
          16.0 |             16.0 |           157.628 |   0.1058 | 26421866.0 | 11.0 | 17.0 |
          16.0 |             16.0 |           158.383 |   0.2116 | 26424890.0 | 12.0 | 17.0 |
          16.0 |             16.0 |             3.696 | 0.009284 |        0.0 |  1.0 | 18.0 |
          16.0 |             16.0 |           16.8746 |  0.02793 | 21130146.0 |  2.0 | 18.0 |
          16.0 |             16.0 |           49.8626 |  0.08059 | 25050704.0 |  5.0 | 18.0 |
          16.0 |             16.0 |           157.669 |   0.3624 | 26421972.0 | 10.0 | 18.0 |
          16.0 |             16.0 |            50.035 | 0.007366 | 25057608.0 |  8.0 | 18.0 |
          16.0 |             16.0 |           158.396 |  0.09273 | 26424884.0 | 13.0 | 18.0 |
          16.0 |             16.0 |            3.6958 |   0.0186 |        0.0 |  1.0 | 19.0 |
          16.0 |             16.0 |           16.8702 |  0.05593 | 21130146.0 |  2.0 | 19.0 |
          16.0 |             16.0 |           49.8241 |   0.1614 | 25050704.0 |  5.0 | 19.0 |
          16.0 |             16.0 |           157.285 |    0.726 | 26421972.0 | 10.0 | 19.0 |
          16.0 |             16.0 |           49.9961 | 0.001474 | 25057608.0 |  8.0 | 19.0 |
          16.0 |             16.0 |            50.056 |  0.01326 | 25059982.0 |  9.0 | 19.0 |
          16.0 |             16.0 |           158.008 |  0.01855 | 26424884.0 | 13.0 | 19.0 |
          16.0 |             16.0 |           158.259 |   0.1669 | 26425888.0 | 14.0 | 19.0 |
          16.0 |             16.0 |           16.8678 |  0.08874 | 21129300.0 |  3.0 | 20.0 |
          16.0 |             16.0 |           16.9369 |  0.01775 | 21153494.0 |  4.0 | 20.0 |
          16.0 |             16.0 |           49.8179 |   0.2784 | 25050448.0 |  6.0 | 20.0 |
          16.0 |             16.0 |           49.9965 |  0.05568 | 25057620.0 |  7.0 | 20.0 |
          16.0 |             16.0 |           157.259 |    1.219 | 26421866.0 | 11.0 | 20.0 |
          16.0 |             16.0 |            158.01 |   0.2437 | 26424890.0 | 12.0 | 20.0 |
          16.0 |             16.0 |           16.9354 |   0.1597 | 21153494.0 |  4.0 | 21.0 |
          16.0 |             16.0 |           49.9837 |   0.5011 | 25057620.0 |  7.0 | 21.0 |
          16.0 |             16.0 |           157.882 |    2.193 | 26424890.0 | 12.0 | 21.0 |
          16.0 |             16.0 |           157.881 |    3.561 | 26424884.0 | 13.0 | 22.0 |
          16.0 |             16.0 |           158.131 |   0.2544 | 26425888.0 | 14.0 | 22.0 |
          16.0 |             16.0 |           158.067 |    5.088 | 26425888.0 | 14.0 | 23.0 |
          16.0 |             16.0 |           158.154 |    10.47 | 26426384.0 | 16.0 | 25.0 |
%CHIANTI