 Atomic Number | Ionization State |  Wavelength (Ang.) |              g_i*f_ik |   E_i(cm^-1) |   i |   j |
          29.0 |              2.0 |  932.9398000000001 |    0.1548816618912481 |   21928.7326 | 1.0 | 2.0 |
          29.0 |              2.0 |            935.892 |    0.1318256738556407 |   21928.7326 | 1.0 | 2.0 |
          29.0 |              2.0 |           943.3333 |   0.09549925860214359 |   22847.1176 | 1.0 | 2.0 |
          29.0 |              2.0 |           945.9614 |   0.10715193052376065 |   22847.1176 | 1.0 | 2.0 |
          29.0 |              2.0 |           956.2871 |   0.07244359600749903 |   23998.3718 | 1.0 | 2.0 |
          29.0 |              2.0 |  958.1502999999999 |    0.1096478196143185 |   23998.3718 | 1.0 | 2.0 |
          29.0 |              2.0 |           1027.825 |    0.1380384264602885 |   26264.5502 | 1.0 | 2.0 |
          29.0 |              2.0 | 1036.4650000000001 |    0.0812830516164099 |   26264.5502 | 1.0 | 2.0 |
          29.0 |              2.0 |           1039.341 |    0.2290867652767773 |   21928.7326 | 1.0 | 2.0 |
          29.0 |              2.0 |           1039.579 |   0.16218100973589297 |   22847.1176 | 1.0 | 2.0 |
          29.0 |              2.0 |          1044.5185 |   0.33884415613920255 |   21928.7326 | 1.0 | 2.0 |
          29.0 |              2.0 |          1044.7437 |    0.3890451449942806 |   26264.5502 | 1.0 | 2.0 |
          29.0 |              2.0 |          1049.3642 |    0.1288249551693134 |   22847.1176 | 1.0 | 2.0 |
          29.0 |              2.0 |          1049.7551 |   0.12022644346174127 |   26264.5502 | 1.0 | 2.0 |
          29.0 |              2.0 |          1050.1523 |    0.0707945784384138 |   22847.1176 | 1.0 | 2.0 |
          29.0 |              2.0 |          1050.4013 |   0.06760829753919818 |   21928.7326 | 1.0 | 2.0 |
          29.0 |              2.0 |          1052.1742 |   0.06025595860743578 |   23998.3718 | 1.0 | 2.0 |
          29.0 |              2.0 |          1054.6907 |   0.24547089156850305 |   26264.5502 | 1.0 | 2.0 |
          29.0 |              2.0 |           1055.792 |   0.23988329190194904 |   21928.7326 | 1.0 | 2.0 |
          29.0 |              2.0 | 1056.9549000000002 |    0.3311311214825911 |   26264.5502 | 1.0 | 2.0 |
          29.0 |              2.0 |           1058.798 |    0.2290867652767773 |   21928.7326 | 1.0 | 2.0 |
          29.0 |              2.0 |           1060.631 |    0.2570395782768864 |   22847.1176 | 1.0 | 2.0 |
          29.0 |              2.0 |          1063.0027 |    0.2137962089502232 |   23998.3718 | 1.0 | 2.0 |
          29.0 |              2.0 | 1069.1943999999999 |   0.12302687708123815 |   22847.1176 | 1.0 | 2.0 |
          29.0 |              2.0 |          1073.7444 |    0.1318256738556407 |   23998.3718 | 1.0 | 2.0 |
          29.0 |              2.0 |          1358.7736 |    0.2754228703338166 |          0.0 | 1.0 | 2.0 |
          29.0 |              2.0 |          1367.9508 |   0.06918309709189366 |          0.0 | 1.0 | 2.0 |
          29.0 |              2.0 |          1472.3946 |  0.007943282347242814 |          0.0 | 1.0 | 2.0 |
          29.0 |              2.0 |          1492.8346 |    0.9120108393559098 |    72723.817 | 1.0 | 2.0 |
          29.0 |              2.0 |          1514.4921 |    1.1481536214968828 |   69704.7015 | 1.0 | 2.0 |
          29.0 |              2.0 |           1532.128 |    1.7378008287493754 |    71531.542 | 1.0 | 2.0 |
          29.0 |              2.0 |          1537.5581 |     4.466835921509632 |   69704.7015 | 1.0 | 2.0 |
          29.0 |              2.0 |          1540.5879 |    2.2387211385683394 |    71531.542 | 1.0 | 2.0 |
          29.0 |              2.0 |          1541.7542 |    2.3988329190194904 |    85388.772 | 1.0 | 2.0 |
          29.0 |              2.0 |          1548.4169 |    1.8197008586099834 |    88362.001 | 1.0 | 2.0 |
          29.0 |              2.0 |          1550.6528 |     1.318256738556407 |    72723.817 | 1.0 | 2.0 |
          29.0 |              2.0 |           1552.645 |     7.413102413009175 |   69704.7015 | 1.0 | 2.0 |
          29.0 |              2.0 |          1553.8961 |    3.4673685045253166 |    72723.817 | 1.0 | 2.0 |
          29.0 |              2.0 | 1555.1336000000001 |     4.168693834703354 |    71531.542 | 1.0 | 2.0 |
          29.0 |              2.0 | 1555.7017999999998 |    1.7378008287493754 |   69704.7015 | 1.0 | 2.0 |
          29.0 |              2.0 |           1683.152 |   0.33884415613920255 |   69704.7015 | 1.0 | 2.0 |
          29.0 |              2.0 |           1744.506 |   0.13489628825916536 |    71531.542 | 1.0 | 2.0 |
          29.0 |              2.0 |          1790.6606 |   0.06456542290346556 |    72723.817 | 1.0 | 2.0 |
          29.0 |              2.0 |          1920.6709 |    0.0588843655355589 |   66418.6849 | 1.0 | 2.0 |
          29.0 |              2.0 |         1929.75131 |    0.0812830516164099 |   69704.7015 | 1.0 | 2.0 |
          29.0 |              2.0 |         1944.59596 |   0.05623413251903491 |   21928.7326 | 1.0 | 2.0 |
          29.0 |              2.0 |           1968.008 |   0.03162277660168379 |   66418.6849 | 1.0 | 2.0 |
          29.0 |              2.0 |          1970.4936 |  0.009332543007969915 |   22847.1176 | 1.0 | 2.0 |
          29.0 |              2.0 |         1979.95578 |   0.28183829312644537 |   22847.1176 | 1.0 | 2.0 |
          29.0 |              2.0 | 1989.8547800000001 |   0.17378008287493754 |   22847.1176 | 1.0 | 2.0 |
          29.0 |              2.0 |            1990.18 |    0.3890451449942806 |   67916.5572 | 1.0 | 2.0 |
          29.0 |              2.0 |          1999.5327 |   0.10471285480508996 |   67916.5572 | 1.0 | 2.0 |
          29.0 |              2.0 | 2000.3455099999999 |    0.8912509381337456 |   21928.7326 | 1.0 | 2.0 |
          29.0 |              2.0 |         2013.63069 |    1.0471285480508996 |   66418.6849 | 1.0 | 2.0 |
          29.0 |              2.0 |           2016.233 |   0.03890451449942807 |   23998.3718 | 1.0 | 2.0 |
          29.0 |              2.0 |          2017.5474 |  0.024547089156850298 |   21928.7326 | 1.0 | 2.0 |
          29.0 |              2.0 |          2022.8433 |   0.06309573444801933 |   68447.7349 | 1.0 | 2.0 |
          29.0 |              2.0 | 2026.1402899999998 |   0.20892961308540392 |   23998.3718 | 1.0 | 2.0 |
          29.0 |              2.0 |          2027.7865 |    0.2344228815319922 |   67916.5572 | 1.0 | 2.0 |
          29.0 |              2.0 |          2030.6025 |   0.14791083881682077 |   66418.6849 | 1.0 | 2.0 |
          29.0 |              2.0 |         2031.68935 |    1.3803842646028848 |   66418.6849 | 1.0 | 2.0 |
          29.0 |              2.0 |           2034.498 |   0.05011872336272722 |   68730.8876 | 1.0 | 2.0 |
          29.0 |              2.0 |         2036.50765 |    0.6918309709189365 |   23998.3718 | 1.0 | 2.0 |
          29.0 |              2.0 | 2037.5747000000001 |   0.36307805477010135 |   68850.2628 | 1.0 | 2.0 |
          29.0 |              2.0 |         2037.78139 |    0.5888436553555889 |   22847.1176 | 1.0 | 2.0 |
          29.0 |              2.0 | 2044.4578000000001 |    0.6309573444801932 |   21928.7326 | 1.0 | 2.0 |
          29.0 |              2.0 | 2048.3348699999997 |   0.33496543915782767 |   73595.8143 | 1.0 | 2.0 |
          29.0 |              2.0 |         2054.91043 |   0.44668359215096315 |   69867.9849 | 1.0 | 2.0 |
          29.0 |              2.0 |           2055.075 |   0.42657951880159267 |   67916.5572 | 1.0 | 2.0 |
          29.0 |              2.0 |         2055.63634 |    0.5248074602497725 |   22847.1176 | 1.0 | 2.0 |
          29.0 |              2.0 |          2063.0795 |    0.5495408738576245 |   67916.5572 | 1.0 | 2.0 |
          29.0 |              2.0 | 2066.9210000000003 |    0.3801893963205612 |   68850.2628 | 1.0 | 2.0 |
          29.0 |              2.0 |          2070.5964 |   0.11748975549395294 |   69867.9849 | 1.0 | 2.0 |
          29.0 |              2.0 |         2079.32393 |    1.2302687708123816 |   66418.6849 | 1.0 | 2.0 |
          29.0 |              2.0 |           2080.722 |   0.09549925860214359 |   69867.9849 | 1.0 | 2.0 |
          29.0 |              2.0 |           2083.583 |  0.005011872336272725 |   22847.1176 | 1.0 | 2.0 |
          29.0 |              2.0 |          2085.9372 |   0.21877616239495523 |   68447.7349 | 1.0 | 2.0 |
          29.0 |              2.0 | 2085.9610000000002 |  0.013489628825916533 |   21928.7326 | 1.0 | 2.0 |
          29.0 |              2.0 |         2088.58236 |    1.9054607179632472 |   69867.9849 | 1.0 | 2.0 |
          29.0 |              2.0 |         2088.63404 |     1.202264434617413 |   68447.7349 | 1.0 | 2.0 |
          29.0 |              2.0 |          2094.3019 |     0.436515832240166 |   67916.5572 | 1.0 | 2.0 |
          29.0 |              2.0 |          2095.4581 |   0.07244359600749903 |   67916.5572 | 1.0 | 2.0 |
          29.0 |              2.0 |          2096.8549 |   0.05248074602497726 |   70841.4669 | 1.0 | 2.0 |
          29.0 |              2.0 |           2098.973 |    0.4677351412871982 |   70841.4669 | 1.0 | 2.0 |
          29.0 |              2.0 |          2099.0634 |    1.2302687708123816 |   68730.8876 | 1.0 | 2.0 |
          29.0 |              2.0 | 2099.4067999999997 |    0.0933254300796991 |   68447.7349 | 1.0 | 2.0 |
          29.0 |              2.0 | 2105.4633999999996 |    0.2570395782768864 |   23998.3718 | 1.0 | 2.0 |
          29.0 |              2.0 |          2111.9622 |   0.30902954325135906 |   68730.8876 | 1.0 | 2.0 |
          29.0 |              2.0 |         2112.76827 |    0.7079457843841379 |   26264.5502 | 1.0 | 2.0 |
          29.0 |              2.0 |          2113.1935 |   0.04168693834703355 |   70841.4669 | 1.0 | 2.0 |
          29.0 |              2.0 |         2117.97881 |      4.36515832240166 |   68447.7349 | 1.0 | 2.0 |
          29.0 |              2.0 |           2119.045 |   0.09120108393559097 |   68447.7349 | 1.0 | 2.0 |
          29.0 |              2.0 |         2123.64973 |      0.72443596007499 |   26264.5502 | 1.0 | 2.0 |
          29.0 |              2.0 |         2125.77666 |    1.3803842646028848 |   70841.4669 | 1.0 | 2.0 |
          29.0 |              2.0 |          2125.9386 |   0.22387211385683395 |   71493.8548 | 1.0 | 2.0 |
          29.0 |              2.0 |         2126.71534 |    0.4786300923226383 |   22847.1176 | 1.0 | 2.0 |
          29.0 |              2.0 | 2130.7572999999998 |    0.2691534803926916 |   68730.8876 | 1.0 | 2.0 |
          29.0 |              2.0 |          2131.9276 |   0.06025595860743578 |   70841.4669 | 1.0 | 2.0 |
          29.0 |              2.0 |          2135.0134 |    5.7543993733715695 |   68730.8876 | 1.0 | 2.0 |
          29.0 |              2.0 | 2136.0730000000003 |   0.07943282347242814 |   68850.2628 | 1.0 | 2.0 |
          29.0 |              2.0 |          2136.6538 |    2.8248799749157074 |   21928.7326 | 1.0 | 2.0 |
          29.0 |              2.0 |           2145.381 |   0.05011872336272722 |   71920.0961 | 1.0 | 2.0 |
          29.0 |              2.0 | 2146.1675999999998 |    0.2344228815319922 |   67916.5572 | 1.0 | 2.0 |
          29.0 |              2.0 |          2147.5946 |    0.5011872336272722 |   71920.0961 | 1.0 | 2.0 |
          29.0 |              2.0 |          2149.6222 |    0.3890451449942806 |   69867.9849 | 1.0 | 2.0 |
          29.0 |              2.0 |          2149.6593 |   0.42657951880159267 |   21928.7326 | 1.0 | 2.0 |
          29.0 |              2.0 |          2152.4852 |    1.2589254117941673 |   69867.9849 | 1.0 | 2.0 |
          29.0 |              2.0 |         2161.99864 |    1.5135612484362082 |   71493.8548 | 1.0 | 2.0 |
          29.0 |              2.0 |         2175.66286 |    3.1622776601683795 |   71920.0961 | 1.0 | 2.0 |
          29.0 |              2.0 | 2180.0928400000003 |    0.7585775750291838 |   23998.3718 | 1.0 | 2.0 |
          29.0 |              2.0 |          2182.1073 |   0.12022644346174127 |   71920.0961 | 1.0 | 2.0 |
          29.0 |              2.0 |          2183.5418 |   0.17378008287493754 |   69867.9849 | 1.0 | 2.0 |
          29.0 |              2.0 |          2190.0539 |   0.02754228703338166 |   68850.2628 | 1.0 | 2.0 |
          29.0 |              2.0 |         2190.31437 |    0.5248074602497725 |   26264.5502 | 1.0 | 2.0 |
          29.0 |              2.0 |         2192.95284 |    1.4125375446227544 |   22847.1176 | 1.0 | 2.0 |
          29.0 |              2.0 |         2196.36776 |    2.7542287033381663 |   70841.4669 | 1.0 | 2.0 |
          29.0 |              2.0 |          2201.1948 |    0.7585775750291838 |   73102.0408 | 1.0 | 2.0 |
          29.0 |              2.0 |          2210.4938 |     1.096478196143185 |   70841.4669 | 1.0 | 2.0 |
          29.0 |              2.0 |         2210.95594 |    0.5623413251903491 |   26264.5502 | 1.0 | 2.0 |
          29.0 |              2.0 |          2213.4365 |    0.5128613839913648 |   73353.2957 | 1.0 | 2.0 |
          29.0 |              2.0 |          2215.7954 |      2.51188643150958 |   73353.2957 | 1.0 | 2.0 |
          29.0 |              2.0 |         2218.79838 |    0.7585775750291838 |   22847.1176 | 1.0 | 2.0 |
          29.0 |              2.0 |          2219.2031 |     0.954992586021436 |   73102.0408 | 1.0 | 2.0 |
          29.0 |              2.0 |          2225.3827 |    0.4786300923226383 |   73595.8143 | 1.0 | 2.0 |
          29.0 |              2.0 |          2227.4723 |     1.096478196143185 |   71493.8548 | 1.0 | 2.0 |
          29.0 |              2.0 | 2229.5604399999997 |   0.28906798823654756 |   23998.3718 | 1.0 | 2.0 |
          29.0 |              2.0 |          2230.5461 |    1.1220184543019633 |   71493.8548 | 1.0 | 2.0 |
          29.0 |              2.0 | 2230.8370999999997 |    0.4168693834703354 |   73102.0408 | 1.0 | 2.0 |
          29.0 |              2.0 |          2231.0912 |   0.13489628825916536 |   70841.4669 | 1.0 | 2.0 |
          29.0 |              2.0 |          2231.6446 |     0.831763771102671 |   73353.2957 | 1.0 | 2.0 |
          29.0 |              2.0 |          2232.2752 |   0.42657951880159267 |   70841.4669 | 1.0 | 2.0 |
          29.0 |              2.0 |          2242.8382 |   0.05623413251903491 |   71493.8548 | 1.0 | 2.0 |
          29.0 |              2.0 | 2243.3136400000003 |    1.3489628825916535 |   26264.5502 | 1.0 | 2.0 |
          29.0 |              2.0 | 2243.4139999999998 |    0.1318256738556407 |   73353.2957 | 1.0 | 2.0 |
          29.0 |              2.0 |          2243.7898 |   0.15135612484362082 |   73595.8143 | 1.0 | 2.0 |
          29.0 |              2.0 |          2247.6985 |    1.2589254117941673 |   21928.7326 | 1.0 | 2.0 |
          29.0 |              2.0 |          2249.6638 |    0.6165950018614822 |   71920.0961 | 1.0 | 2.0 |
          29.0 |              2.0 |          2252.5543 |  0.030902954325135904 |   73353.2957 | 1.0 | 2.0 |
          29.0 |              2.0 |          2255.6865 |     0.436515832240166 |   73595.8143 | 1.0 | 2.0 |
          29.0 |              2.0 |          2263.9133 |   0.35481338923357547 |   71493.8548 | 1.0 | 2.0 |
          29.0 |              2.0 |          2264.4861 |     0.954992586021436 |   71920.0961 | 1.0 | 2.0 |
          29.0 |              2.0 |          2265.2677 |  0.005011872336272725 |   71493.8548 | 1.0 | 2.0 |
          29.0 |              2.0 |          2266.0651 |   0.28840315031266056 |   73102.0408 | 1.0 | 2.0 |
          29.0 |              2.0 | 2275.4435000000003 |  0.012589254117941675 |   66418.6849 | 1.0 | 2.0 |
          29.0 |              2.0 |          2276.9608 |   0.14791083881682077 |   23998.3718 | 1.0 | 2.0 |
          29.0 |              2.0 |          2279.0414 |   0.30902954325135906 |   73353.2957 | 1.0 | 2.0 |
          29.0 |              2.0 | 2287.3500999999997 |    0.6025595860743578 |   71920.0961 | 1.0 | 2.0 |
          29.0 |              2.0 | 2290.1220000000003 |  0.016595869074375606 |   66418.6849 | 1.0 | 2.0 |
          29.0 |              2.0 |          2291.7082 |    0.4168693834703354 |   73595.8143 | 1.0 | 2.0 |
          29.0 |              2.0 |          2293.3963 |  0.001584893192461114 |   26264.5502 | 1.0 | 2.0 |
          29.0 |              2.0 |          2295.0745 |   0.13489628825916536 |   22847.1176 | 1.0 | 2.0 |
          29.0 |              2.0 |          2300.1967 |   0.08511380382023763 |   73102.0408 | 1.0 | 2.0 |
          29.0 |              2.0 |          2310.2293 |   0.04073802778041128 |   73102.0408 | 1.0 | 2.0 |
          29.0 |              2.0 |           2336.887 |   0.19952623149688797 |   73595.8143 | 1.0 | 2.0 |
          29.0 |              2.0 |          2349.4521 |    0.0707945784384138 |   73102.0408 | 1.0 | 2.0 |
          29.0 |              2.0 | 2355.7347999999997 |   0.10471285480508996 |   67916.5572 | 1.0 | 2.0 |
          29.0 |              2.0 |          2357.3611 |  0.012589254117941675 |   23998.3718 | 1.0 | 2.0 |
          29.0 |              2.0 |          2363.4031 |  0.015848931924611134 |   73353.2957 | 1.0 | 2.0 |
          29.0 |              2.0 |          2364.8764 |   0.01412537544622754 |   73353.2957 | 1.0 | 2.0 |
          29.0 |              2.0 |          2370.6131 |   0.30902954325135906 |   26264.5502 | 1.0 | 2.0 |
          29.0 |              2.0 |          2371.4704 |   0.06025595860743578 |   67916.5572 | 1.0 | 2.0 |
          29.0 |              2.0 |          2377.0283 |   0.40738027780411273 |   73595.8143 | 1.0 | 2.0 |
          29.0 |              2.0 |          2378.5176 |  0.014791083881682071 |   73595.8143 | 1.0 | 2.0 |
          29.0 |              2.0 | 2385.5299999999997 | 0.0025118864315095794 |   68447.7349 | 1.0 | 2.0 |
          29.0 |              2.0 |          2385.6711 |   0.03162277660168379 |   66418.6849 | 1.0 | 2.0 |
          29.0 |              2.0 |          2400.8447 |   0.01778279410038923 |   26264.5502 | 1.0 | 2.0 |
          29.0 |              2.0 |          2404.0687 |    0.6456542290346555 |   66418.6849 | 1.0 | 2.0 |
          29.0 |              2.0 |           2414.922 |  0.005011872336272725 |   73102.0408 | 1.0 | 2.0 |
          29.0 |              2.0 |            2425.17 |    0.1318256738556407 |   68850.2628 | 1.0 | 2.0 |
          29.0 |              2.0 |          2429.6646 |   0.05128613839913648 |   73353.2957 | 1.0 | 2.0 |
          29.0 |              2.0 |          2444.0661 |   0.05370317963702527 |   73595.8143 | 1.0 | 2.0 |
          29.0 |              2.0 | 2469.2463000000002 |    0.0588843655355589 |   69867.9849 | 1.0 | 2.0 |
          29.0 |              2.0 |          2474.0807 |    0.2691534803926916 |   67916.5572 | 1.0 | 2.0 |
          29.0 |              2.0 |          2486.5422 |    0.3981071705534972 |   69867.9849 | 1.0 | 2.0 |
          29.0 |              2.0 |          2490.4035 |  0.004677351412871981 |   26264.5502 | 1.0 | 2.0 |
          29.0 |              2.0 |          2507.0278 |     0.954992586021436 |   68447.7349 | 1.0 | 2.0 |
          29.0 |              2.0 |          2527.3521 |   0.18197008586099836 |   68447.7349 | 1.0 | 2.0 |
          29.0 |              2.0 |         2530.06439 |    0.5128613839913648 |   70841.4669 | 1.0 | 2.0 |
          29.0 |              2.0 |         2545.56916 |     1.318256738556407 |   68730.8876 | 1.0 | 2.0 |
          29.0 |              2.0 | 2572.5254999999997 |  0.054954087385762455 |   71493.8548 | 1.0 | 2.0 |
          29.0 |              2.0 |          2591.3031 |   0.18197008586099836 |   71493.8548 | 1.0 | 2.0 |
          29.0 |              2.0 |          2599.5894 |    0.2137962089502232 |   69867.9849 | 1.0 | 2.0 |
          29.0 |              2.0 | 2601.0470800000003 |    0.5128613839913648 |   71920.0961 | 1.0 | 2.0 |
          29.0 |              2.0 | 2621.4476000000004 |                  0.01 |   69867.9849 | 1.0 | 2.0 |
          29.0 |              2.0 | 2667.0834999999997 |   0.10715193052376065 |   70841.4669 | 1.0 | 2.0 |
          29.0 |              2.0 |          2683.5453 |  0.005011872336272725 |   73102.0408 | 1.0 | 2.0 |
          29.0 |              2.0 | 2690.0977000000003 |   0.44668359215096315 |   70841.4669 | 1.0 | 2.0 |
          29.0 |              2.0 | 2701.7636599999996 |    0.5623413251903491 |   73353.2957 | 1.0 | 2.0 |
          29.0 |              2.0 |         2703.98602 |    0.3890451449942806 |   73102.0408 | 1.0 | 2.0 |
          29.0 |              2.0 |          2714.3121 |    0.4897788193684462 |   71493.8548 | 1.0 | 2.0 |
          29.0 |              2.0 | 2719.5825000000004 |   0.44668359215096315 |   73595.8143 | 1.0 | 2.0 |
          29.0 |              2.0 | 2722.4826000000003 |    0.1288249551693134 |   73353.2957 | 1.0 | 2.0 |
          29.0 |              2.0 |          2738.1515 |  0.014791083881682071 |   71493.8548 | 1.0 | 2.0 |
          29.0 |              2.0 |          2740.5768 |  0.013489628825916533 |   73595.8143 | 1.0 | 2.0 |
          29.0 |              2.0 | 2746.0829999999996 |   0.07943282347242814 |   71920.0961 | 1.0 | 2.0 |
          29.0 |              2.0 | 2770.4869000000003 |    0.5370317963702527 |   71920.0961 | 1.0 | 2.0 |
          29.0 |              2.0 |          2838.2026 |    0.1380384264602885 |   73102.0408 | 1.0 | 2.0 |
          29.0 |              2.0 | 2858.5878000000002 | 0.0031622776601683794 |   73353.2957 | 1.0 | 2.0 |
          29.0 |              2.0 |          2878.5439 |   0.14125375446227545 |   73595.8143 | 1.0 | 2.0 |
          29.0 |              2.0 |          2885.0413 |   0.10471285480508996 |   73353.2957 | 1.0 | 2.0 |
          29.0 |              2.0 |          3291.3652 |    1.2302687708123816 | 115568.99497 | 1.0 | 2.0 |
          29.0 |              2.0 |          3301.8319 |    0.7943282347242815 |  117747.3504 | 1.0 | 2.0 |
          29.0 |              2.0 | 3302.1791000000003 |                   1.0 |  115662.5622 | 1.0 | 2.0 |
          29.0 |              2.0 |            3317.23 |                   1.0 |  117883.0985 | 1.0 | 2.0 |
          29.0 |              2.0 |          3339.6076 |    0.3981071705534972 |  116080.2237 | 1.0 | 2.0 |
          29.0 |              2.0 | 3366.6144000000004 |   0.44668359215096315 |  116325.9148 | 1.0 | 2.0 |
          29.0 |              2.0 |          3371.4211 |    0.8128305161640993 |  116371.1804 | 1.0 | 2.0 |
          29.0 |              2.0 |          3375.9208 |    0.7079457843841379 |  118483.8135 | 1.0 | 2.0 |
          29.0 |              2.0 |          3381.6825 |   0.40738027780411273 |  118531.9058 | 1.0 | 2.0 |
          29.0 |              2.0 |          3687.6047 |   0.01778279410038923 |   68447.7349 | 1.0 | 2.0 |
          29.0 |              2.0 | 3885.2318999999998 |    0.6309573444801932 |  120684.7128 | 1.0 | 2.0 |
          29.0 |              2.0 | 3885.6348000000003 |    0.4897788193684462 |  122745.9491 | 1.0 | 2.0 |
          29.0 |              2.0 | 3904.2817999999997 |    0.8709635899560807 | 120789.80865 | 1.0 | 2.0 |
          29.0 |              2.0 |          3921.7649 |    0.6918309709189365 |  123016.8175 | 1.0 | 2.0 |
          29.0 |              2.0 | 4044.6301999999996 |  0.025118864315095794 |   70841.4669 | 1.0 | 2.0 |
          29.0 |              2.0 | 4229.1329000000005 |  0.012302687708123818 |   71920.0961 | 1.0 | 2.0 |
          29.0 |              2.0 |          4507.2621 |  0.005754399373371567 |   66418.6849 | 1.0 | 2.0 |
          29.0 |              2.0 |  4557.198200000001 |   0.01096478196143185 |   66418.6849 | 1.0 | 2.0 |
          29.0 |              2.0 |          4673.0093 |    0.9120108393559098 |  114511.2386 | 1.0 | 2.0 |
          29.0 |              2.0 |          4674.8854 |    0.5128613839913648 |  114511.2386 | 1.0 | 2.0 |
          29.0 |              2.0 | 4683.3042000000005 |    1.0715193052376064 |  114511.2386 | 1.0 | 2.0 |
          29.0 |              2.0 |          4759.7641 |  0.004365158322401661 |   67916.5572 | 1.0 | 2.0 |
          29.0 |              2.0 |          4814.2927 |     2.344228815319922 |  117231.4014 | 1.0 | 2.0 |
          29.0 |              2.0 |          4833.5956 | 0.0026302679918953813 |   67916.5572 | 1.0 | 2.0 |
          29.0 |              2.0 |          4852.6178 |     0.933254300796991 |  115662.5622 | 1.0 | 2.0 |
          29.0 |              2.0 |          4856.3436 |    1.3489628825916535 | 115568.99497 | 1.0 | 2.0 |
          29.0 |              2.0 |          4874.6667 |    0.6025595860743578 |  117747.3504 | 1.0 | 2.0 |
          29.0 |              2.0 |           4891.066 |  0.003388441561392024 |   67916.5572 | 1.0 | 2.0 |
          29.0 |              2.0 |         4902.79494 |    1.5488166189124815 |  115638.8036 | 1.0 | 2.0 |
          29.0 |              2.0 |          4907.9363 |    0.7943282347242815 |  115638.8036 | 1.0 | 2.0 |
          29.0 |              2.0 |         4911.10431 |     9.549925860214358 | 115568.99497 | 1.0 | 2.0 |
          29.0 |              2.0 |         4914.29154 |    1.0715193052376064 |  115665.1539 | 1.0 | 2.0 |
          29.0 |              2.0 |          4917.2045 |    0.8128305161640993 |  117883.0985 | 1.0 | 2.0 |
          29.0 |              2.0 |           4919.751 |      9.33254300796991 |  117747.3504 | 1.0 | 2.0 |
          29.0 |              2.0 |  4927.798000000001 |     1.023292992280754 |  115665.1539 | 1.0 | 2.0 |
          29.0 |              2.0 |         4932.93155 |     1.288249551693134 |  115638.8036 | 1.0 | 2.0 |
          29.0 |              2.0 |          4933.0748 |     7.762471166286917 |  115662.5622 | 1.0 | 2.0 |
          29.0 |              2.0 |         4938.59839 |    2.0892961308540396 |  117928.2197 | 1.0 | 2.0 |
          29.0 |              2.0 |          4939.3523 |    0.5128613839913648 |  115665.1539 | 1.0 | 2.0 |
          29.0 |              2.0 |          4944.4036 |   0.44668359215096315 |  115638.8036 | 1.0 | 2.0 |
          29.0 |              2.0 |          4955.1069 |    12.302687708123818 |  117883.0985 | 1.0 | 2.0 |
          29.0 |              2.0 |           4971.193 |    0.2754228703338166 |  116325.9148 | 1.0 | 2.0 |
          29.0 |              2.0 |          4975.0853 |    0.3981071705534972 |  117928.2197 | 1.0 | 2.0 |
          29.0 |              2.0 |  4975.542100000001 |    0.7762471166286917 |  118163.2663 | 1.0 | 2.0 |
          29.0 |              2.0 |          4986.5329 |    0.5495408738576245 |  116387.7873 | 1.0 | 2.0 |
          29.0 |              2.0 |         4986.89592 |    3.2359365692962827 |  116080.2237 | 1.0 | 2.0 |
          29.0 |              2.0 |           4989.719 |    0.2754228703338166 | 136725.85349 | 1.0 | 2.0 |
          29.0 |              2.0 |         5008.19641 |    3.1622776601683795 |  118163.2663 | 1.0 | 2.0 |
          29.0 |              2.0 |          5011.2479 |    1.4125375446227544 |  116080.2237 | 1.0 | 2.0 |
          29.0 |              2.0 |          5014.0178 |    3.2359365692962827 |  116325.9148 | 1.0 | 2.0 |
          29.0 |              2.0 |          5022.6789 |    3.1622776601683795 |  116080.2237 | 1.0 | 2.0 |
          29.0 |              2.0 |           5040.416 |    0.7413102413009175 |  118163.2663 | 1.0 | 2.0 |
          29.0 |              2.0 |  5042.736800000001 |    0.3019951720402016 |  116080.2237 | 1.0 | 2.0 |
          29.0 |              2.0 |         5053.20065 |     6.456542290346556 |  116371.1804 | 1.0 | 2.0 |
          29.0 |              2.0 |          5060.3195 |    1.6595869074375607 |  116371.1804 | 1.0 | 2.0 |
          29.0 |              2.0 |          5062.0546 |  0.004786300923226385 |   68850.2628 | 1.0 | 2.0 |
          29.0 |              2.0 |         5066.87076 |     5.623413251903491 |  118483.8135 | 1.0 | 2.0 |
          29.0 |              2.0 |         5068.50678 |     3.311311214825911 |  118531.9058 | 1.0 | 2.0 |
          29.0 |              2.0 |          5089.9065 |     1.318256738556407 |  118483.8135 | 1.0 | 2.0 |
          29.0 |              2.0 |           5090.361 |     1.023292992280754 |  118531.9058 | 1.0 | 2.0 |
          29.0 |              2.0 |         5095.23508 |     0.954992586021436 |  116387.7873 | 1.0 | 2.0 |
          29.0 |              2.0 |          5102.4006 |     0.436515832240166 |  118531.9058 | 1.0 | 2.0 |
          29.0 |              2.0 |  5122.180399999999 |    0.3890451449942806 |  116387.7873 | 1.0 | 2.0 |
          29.0 |              2.0 |          5159.5282 |   0.28840315031266056 |  116576.5758 | 1.0 | 2.0 |
          29.0 |              2.0 | 5184.8099999999995 |   0.28183829312644537 |  116576.5758 | 1.0 | 2.0 |
          29.0 |              2.0 |  5329.466200000001 |      0.72443596007499 | 135931.01412 | 1.0 | 2.0 |
          29.0 |              2.0 |          5330.2932 |    0.6309573444801932 | 135933.89499 | 1.0 | 2.0 |
          29.0 |              2.0 |           5330.445 |   0.28183829312644537 |  138002.8856 | 1.0 | 2.0 |
          29.0 |              2.0 |  5346.647000000001 |    0.6165950018614822 |  138064.2971 | 1.0 | 2.0 |
          29.0 |              2.0 |           5349.296 |    0.5128613839913648 |  138073.5826 | 1.0 | 2.0 |
          29.0 |              2.0 |           5356.675 |   0.28840315031266056 |  136035.3328 | 1.0 | 2.0 |
          29.0 |              2.0 |  5363.397999999999 |   0.36307805477010135 |  138130.5345 | 1.0 | 2.0 |
          29.0 |              2.0 |           5376.771 |   0.24547089156850305 |  138176.8797 | 1.0 | 2.0 |
          29.0 |              2.0 |  5383.444399999999 |    0.3890451449942806 | 136132.77781 | 1.0 | 2.0 |
          29.0 |              2.0 |  5387.933000000001 |    0.4897788193684462 |  138219.8605 | 1.0 | 2.0 |
          29.0 |              2.0 |           5400.074 |   0.36307805477010135 |  138261.5822 | 1.0 | 2.0 |
          29.0 |              2.0 |           5423.899 |   0.35481338923357547 |  136269.9996 | 1.0 | 2.0 |
          29.0 |              2.0 |          5579.9846 |    0.5888436553555889 | 136725.85349 | 1.0 | 2.0 |
          29.0 |              2.0 |           5585.897 |    0.3801893963205612 |  138819.0637 | 1.0 | 2.0 |
          29.0 |              2.0 | 5594.0824999999995 |    0.4786300923226383 |  136765.3514 | 1.0 | 2.0 |
          29.0 |              2.0 |           5608.839 |     0.436515832240166 |  138882.8921 | 1.0 | 2.0 |
          29.0 |              2.0 | 5669.0070000000005 |     0.251188643150958 |   137034.778 | 1.0 | 2.0 |
          29.0 |              2.0 |           5671.903 |    0.3981071705534972 |  137044.4647 | 1.0 | 2.0 |
          29.0 |              2.0 |           5827.438 |   0.28840315031266056 |  121981.8546 | 1.0 | 2.0 |
          29.0 |              2.0 |          5835.1318 |   0.28183829312644537 |  121981.8546 | 1.0 | 2.0 |
          29.0 |              2.0 |           5939.221 |    0.3801893963205612 |  121981.8546 | 1.0 | 2.0 |
          29.0 |              2.0 |  5942.841100000001 |     1.318256738556407 |  120092.3828 | 1.0 | 2.0 |
          29.0 |              2.0 | 5989.9728000000005 |    0.4897788193684462 |  120919.5715 | 1.0 | 2.0 |
          29.0 |              2.0 |  5997.250800000001 |    0.4897788193684462 |  122224.0199 | 1.0 | 2.0 |
          29.0 |              2.0 |          6001.7787 |     2.041737944669529 |  120092.3828 | 1.0 | 2.0 |
          29.0 |              2.0 | 6084.7699999999995 |    0.3467368504525316 |   138401.956 | 1.0 | 2.0 |
          29.0 |              2.0 | 6099.0160000000005 |    0.5128613839913648 |  122745.9491 | 1.0 | 2.0 |
          29.0 |              2.0 |           6107.437 |    0.3467368504525316 |  122745.9491 | 1.0 | 2.0 |
          29.0 |              2.0 |  6109.096100000001 |    0.5623413251903491 |  122224.0199 | 1.0 | 2.0 |
          29.0 |              2.0 |  6116.185100000001 |    1.3489628825916535 |  120684.7128 | 1.0 | 2.0 |
          29.0 |              2.0 |          6152.0839 |    1.8197008586099834 | 120789.80865 | 1.0 | 2.0 |
          29.0 |              2.0 | 6155.9247000000005 |    1.6982436524617444 |  120092.3828 | 1.0 | 2.0 |
          29.0 |              2.0 |           6173.741 |     0.954992586021436 |  120876.0141 | 1.0 | 2.0 |
          29.0 |              2.0 |          6188.5889 |    1.4454397707459274 |  120876.0141 | 1.0 | 2.0 |
          29.0 |              2.0 | 6190.3886999999995 |    0.8912509381337456 |  120919.5715 | 1.0 | 2.0 |
          29.0 |              2.0 |           6199.806 |   0.35481338923357547 | 120789.80865 | 1.0 | 2.0 |
          29.0 |              2.0 |          6205.9735 |    1.4125375446227544 |  122867.7407 | 1.0 | 2.0 |
          29.0 |              2.0 |  6210.170399999999 |    1.1481536214968828 |  123016.8175 | 1.0 | 2.0 |
          29.0 |              2.0 |          6218.6586 |     4.897788193684462 |  120684.7128 | 1.0 | 2.0 |
          29.0 |              2.0 |  6221.570000000001 |    3.8018939632056115 |  122745.9491 | 1.0 | 2.0 |
          29.0 |              2.0 |           6259.569 |   0.21877616239495523 | 120789.80865 | 1.0 | 2.0 |
          29.0 |              2.0 |          6263.5797 |    1.9498445997580451 |  121079.1501 | 1.0 | 2.0 |
          29.0 |              2.0 |         6275.08274 |     6.918309709189364 | 120789.80865 | 1.0 | 2.0 |
          29.0 |              2.0 |           6290.434 |   0.30902954325135906 |  120876.0141 | 1.0 | 2.0 |
          29.0 |              2.0 |           6302.756 |     5.370317963702527 |  123016.8175 | 1.0 | 2.0 |
          29.0 |              2.0 |          6307.7151 |     1.023292992280754 |  120919.5715 | 1.0 | 2.0 |
          29.0 |              2.0 |  6313.045899999999 |    1.4454397707459274 |  121079.1501 | 1.0 | 2.0 |
          29.0 |              2.0 |  6314.237000000001 |    1.7378008287493754 |   123304.823 | 1.0 | 2.0 |
          29.0 |              2.0 |           6328.214 |   0.20892961308540392 |  123016.8175 | 1.0 | 2.0 |
          29.0 |              2.0 |           6359.172 |                   1.0 |  122867.7407 | 1.0 | 2.0 |
          29.0 |              2.0 | 6379.6050000000005 |    0.5754399373371569 |  121079.1501 | 1.0 | 2.0 |
          29.0 |              2.0 |           6395.725 |    0.2344228815319922 |   135834.672 | 1.0 | 2.0 |
          29.0 |              2.0 |           6405.154 |    0.4897788193684462 |   122415.957 | 1.0 | 2.0 |
          29.0 |              2.0 |           6412.914 |    1.0715193052376064 |   123304.823 | 1.0 | 2.0 |
          29.0 |              2.0 |           6416.342 |     0.436515832240166 |  123556.8261 | 1.0 | 2.0 |
          29.0 |              2.0 |  6419.933999999999 |   0.44668359215096315 |  135863.6857 | 1.0 | 2.0 |
          29.0 |              2.0 |          6425.6597 |    2.3988329190194904 |  123556.8261 | 1.0 | 2.0 |
          29.0 |              2.0 | 6434.1939999999995 |     0.660693448007596 |  135910.7245 | 1.0 | 2.0 |
          29.0 |              2.0 |           6435.375 |   0.21877616239495523 | 135931.01412 | 1.0 | 2.0 |
          29.0 |              2.0 |           6439.375 |   0.20892961308540392 |  135910.7245 | 1.0 | 2.0 |
          29.0 |              2.0 |          6443.5174 |    2.1877616239495525 | 135931.01412 | 1.0 | 2.0 |
          29.0 |              2.0 |  6444.745000000001 |    1.8620871366628675 | 135933.89499 | 1.0 | 2.0 |
          29.0 |              2.0 | 6445.3679999999995 |    0.8511380382023764 |  138002.8856 | 1.0 | 2.0 |
          29.0 |              2.0 |           6453.899 |   0.42657951880159267 |  135958.1919 | 1.0 | 2.0 |
          29.0 |              2.0 |  6468.031999999999 |    1.9054607179632472 |  138064.2971 | 1.0 | 2.0 |
          29.0 |              2.0 |  6471.926600000001 |    1.5488166189124815 |  138073.5826 | 1.0 | 2.0 |
          29.0 |              2.0 |           6477.215 |    0.2344228815319922 |  136013.9671 | 1.0 | 2.0 |
          29.0 |              2.0 |           6481.106 |    0.8709635899560807 |  136035.3328 | 1.0 | 2.0 |
          29.0 |              2.0 |  6483.227000000001 |    1.0471285480508996 |  123556.8261 | 1.0 | 2.0 |
          29.0 |              2.0 |           6486.196 |   0.28840315031266056 |  136035.3328 | 1.0 | 2.0 |
          29.0 |              2.0 |           6486.209 |    0.2630267991895382 |  120919.5715 | 1.0 | 2.0 |
          29.0 |              2.0 | 6490.6089999999995 |     1.096478196143185 |  138130.5345 | 1.0 | 2.0 |
          29.0 |              2.0 | 6510.1990000000005 |    0.7585775750291838 |  138176.8797 | 1.0 | 2.0 |
          29.0 |              2.0 |           6519.117 |    1.1748975549395295 | 136132.77781 | 1.0 | 2.0 |
          29.0 |              2.0 |  6522.299000000001 |   0.32359365692962827 | 136132.77781 | 1.0 | 2.0 |
          29.0 |              2.0 |  6525.621999999999 |    1.4791083881682074 |  138219.8605 | 1.0 | 2.0 |
          29.0 |              2.0 |           6530.971 |   0.32359365692962827 | 136160.61825 | 1.0 | 2.0 |
          29.0 |              2.0 | 6531.8859999999995 |    1.6595869074375607 | 136160.61825 | 1.0 | 2.0 |
          29.0 |              2.0 | 6543.4439999999995 |     1.096478196143185 |  138261.5822 | 1.0 | 2.0 |
          29.0 |              2.0 |  6561.468999999999 |   0.28840315031266056 |  121524.8509 | 1.0 | 2.0 |
          29.0 |              2.0 |  6569.763000000001 |  0.016595869074375606 |  108335.6078 | 1.0 | 2.0 |
          29.0 |              2.0 |           6577.963 |     0.251188643150958 |  136269.9996 | 1.0 | 2.0 |
          29.0 |              2.0 |          6578.8979 |    1.0715193052376064 |  136269.9996 | 1.0 | 2.0 |
          29.0 |              2.0 |            6626.12 |    0.7079457843841379 |  121981.8546 | 1.0 | 2.0 |
          29.0 |              2.0 |           6643.229 |     1.202264434617413 |  121981.8546 | 1.0 | 2.0 |
          29.0 |              2.0 |  6650.599999999999 |   0.22387211385683395 |  123556.8261 | 1.0 | 2.0 |
          29.0 |              2.0 |            6653.16 |    0.2290867652767773 |   136441.817 | 1.0 | 2.0 |
          29.0 |              2.0 |           6741.459 |     0.251188643150958 |   138593.046 | 1.0 | 2.0 |
          29.0 |              2.0 |           6760.721 |   0.20892961308540392 |  121981.8546 | 1.0 | 2.0 |
          29.0 |              2.0 |           6804.015 |    0.2630267991895382 | 136725.85349 | 1.0 | 2.0 |
          29.0 |              2.0 |  6822.942000000001 |   0.19952623149688797 |  136765.3514 | 1.0 | 2.0 |
          29.0 |              2.0 |  6825.084000000001 |    1.6595869074375607 | 136725.85349 | 1.0 | 2.0 |
          29.0 |              2.0 |  6826.633000000001 |    0.3467368504525316 |  136754.1104 | 1.0 | 2.0 |
          29.0 |              2.0 |  6832.415999999999 |    1.1220184543019633 |  138819.0637 | 1.0 | 2.0 |
          29.0 |              2.0 |           6834.912 |   0.28183829312644537 |  136773.1713 | 1.0 | 2.0 |
          29.0 |              2.0 |  6839.378000000001 |   0.32359365692962827 |  136754.1104 | 1.0 | 2.0 |
          29.0 |              2.0 |           6846.045 |    1.3803842646028848 |  136765.3514 | 1.0 | 2.0 |
          29.0 |              2.0 |           6864.955 |    1.4125375446227544 |  138882.8921 | 1.0 | 2.0 |
          29.0 |              2.0 | 6881.3009999999995 |   0.11748975549395294 |  108335.6078 | 1.0 | 2.0 |
          29.0 |              2.0 | 6896.7119999999995 |    0.6165950018614822 |  136919.3511 | 1.0 | 2.0 |
          29.0 |              2.0 |           6904.521 |    0.3981071705534972 |  136919.3511 | 1.0 | 2.0 |
          29.0 |              2.0 |           6930.513 |    0.5623413251903491 |   138981.246 | 1.0 | 2.0 |
          29.0 |              2.0 |           6939.466 |   0.14125375446227545 |  108335.6078 | 1.0 | 2.0 |
          29.0 |              2.0 |  6941.013000000001 |   0.23988329190194904 |   137034.778 | 1.0 | 2.0 |
          29.0 |              2.0 | 6950.7119999999995 |    0.7079457843841379 |   137034.778 | 1.0 | 2.0 |
          29.0 |              2.0 | 6952.0560000000005 |   0.20417379446695297 |   137034.778 | 1.0 | 2.0 |
          29.0 |              2.0 |           6954.788 |    1.1220184543019633 |  137044.4647 | 1.0 | 2.0 |
          29.0 |              2.0 |           6955.848 |    0.9772372209558107 |  139119.4295 | 1.0 | 2.0 |
          29.0 |              2.0 |           6956.738 |   0.28840315031266056 |  137044.4647 | 1.0 | 2.0 |
          29.0 |              2.0 |  6959.803000000001 |    0.5495408738576245 |  137073.6465 | 1.0 | 2.0 |
          29.0 |              2.0 |  6965.353999999999 |    0.6918309709189365 |   139142.049 | 1.0 | 2.0 |
          29.0 |              2.0 |           6978.229 |   0.20417379446695297 |  137073.6465 | 1.0 | 2.0 |
          29.0 |              2.0 |            7159.73 |    0.0199526231496888 |  108014.8372 | 1.0 | 2.0 |
          29.0 |              2.0 |          7257.7931 |    0.2570395782768864 |  121981.8546 | 1.0 | 2.0 |
          29.0 |              2.0 |           7328.025 |      0.72443596007499 |  108335.6078 | 1.0 | 2.0 |
          29.0 |              2.0 |  7384.308999999999 |    0.3890451449942806 |   122415.957 | 1.0 | 2.0 |
          29.0 |              2.0 |  7401.921899999999 |    1.4791083881682074 |  108014.8372 | 1.0 | 2.0 |
          29.0 |              2.0 |          7406.3956 |    1.1748975549395295 |  120092.3828 | 1.0 | 2.0 |
          29.0 |              2.0 |             7422.6 |    0.1288249551693134 |  110084.4773 | 1.0 | 2.0 |
          29.0 |              2.0 |           7436.203 |    0.3311311214825911 |   122415.957 | 1.0 | 2.0 |
          29.0 |              2.0 | 7440.1990000000005 |     0.251188643150958 |  122224.0199 | 1.0 | 2.0 |
          29.0 |              2.0 |  7495.352000000001 |   0.17378008287493754 |   138401.956 | 1.0 | 2.0 |
          29.0 |              2.0 |  7564.096100000001 |    0.9772372209558107 |  110084.4773 | 1.0 | 2.0 |
          29.0 |              2.0 |            7581.11 |    1.7782794100389228 |  110366.1542 | 1.0 | 2.0 |
          29.0 |              2.0 |           7581.937 |    0.6918309709189365 |  108335.6078 | 1.0 | 2.0 |
          29.0 |              2.0 |           7654.439 |    1.4454397707459274 |  108014.8372 | 1.0 | 2.0 |
          29.0 |              2.0 |          7666.7548 |    1.5488166189124815 |  120684.7128 | 1.0 | 2.0 |
          29.0 |              2.0 |           7714.541 |    0.2344228815319922 |   138745.817 | 1.0 | 2.0 |
          29.0 |              2.0 |           7728.763 |     0.457088189614875 |  110366.1542 | 1.0 | 2.0 |
          29.0 |              2.0 |          7740.7953 |    1.2302687708123816 |  122745.9491 | 1.0 | 2.0 |
          29.0 |              2.0 |  7741.629000000001 |   0.32359365692962827 |   138745.817 | 1.0 | 2.0 |
          29.0 |              2.0 |          7756.5027 |    0.4168693834703354 |  122867.7407 | 1.0 | 2.0 |
          29.0 |              2.0 |           7775.335 |   0.04897788193684462 |  108014.8372 | 1.0 | 2.0 |
          29.0 |              2.0 |          7780.8758 |    0.6025595860743578 |  120876.0141 | 1.0 | 2.0 |
          29.0 |              2.0 |          7807.3362 |      0.72443596007499 |  120919.5715 | 1.0 | 2.0 |
          29.0 |              2.0 |          7809.8017 |     2.344228815319922 | 120789.80865 | 1.0 | 2.0 |
          29.0 |              2.0 |          7814.4678 |   0.31622776601683794 |  122867.7407 | 1.0 | 2.0 |
          29.0 |              2.0 |           7822.729 |    0.4168693834703354 |  110084.4773 | 1.0 | 2.0 |
          29.0 |              2.0 | 7827.8060000000005 |     4.265795188015927 |  108014.8372 | 1.0 | 2.0 |
          29.0 |              2.0 | 7847.2375999999995 |    1.7782794100389228 |  123016.8175 | 1.0 | 2.0 |
          29.0 |              2.0 |           7864.815 |   0.19054607179632474 |   139028.705 | 1.0 | 2.0 |
          29.0 |              2.0 | 7892.7390000000005 |    0.3801893963205612 |  108014.8372 | 1.0 | 2.0 |
          29.0 |              2.0 |          7897.9771 |    1.9952623149688795 |  110084.4773 | 1.0 | 2.0 |
          29.0 |              2.0 |          7904.7221 |    3.2359365692962827 |  110366.1542 | 1.0 | 2.0 |
          29.0 |              2.0 |          7946.6221 |    1.3489628825916535 |  108335.6078 | 1.0 | 2.0 |
          29.0 |              2.0 |           7969.258 |    0.8128305161640993 |   141202.628 | 1.0 | 2.0 |
          29.0 |              2.0 |           7974.224 |    1.3803842646028848 |  108335.6078 | 1.0 | 2.0 |
          29.0 |              2.0 |  7990.356900000001 |    1.1481536214968828 |  121079.1501 | 1.0 | 2.0 |
          29.0 |              2.0 |  7998.991999999999 |     0.933254300796991 |  110366.1542 | 1.0 | 2.0 |
          29.0 |              2.0 |  8008.717000000001 |     0.933254300796991 |   141244.556 | 1.0 | 2.0 |
          29.0 |              2.0 |           8028.686 |    0.3981071705534972 |   123304.823 | 1.0 | 2.0 |
          29.0 |              2.0 |           8055.554 |   0.20417379446695297 |   139331.149 | 1.0 | 2.0 |
          29.0 |              2.0 |  8077.219999999999 |   0.17378008287493754 |   138401.956 | 1.0 | 2.0 |
          29.0 |              2.0 |           8077.677 |  0.013489628825916533 |  110366.1542 | 1.0 | 2.0 |
          29.0 |              2.0 |          8090.8088 |    0.4677351412871982 |   123304.823 | 1.0 | 2.0 |
          29.0 |              2.0 |  8097.752799999999 |    2.5703957827688635 |  108335.6078 | 1.0 | 2.0 |
          29.0 |              2.0 |            8105.58 |   0.23988329190194904 |   139331.149 | 1.0 | 2.0 |
          29.0 |              2.0 |           8156.245 |    0.5888436553555889 |   139395.786 | 1.0 | 2.0 |
          29.0 |              2.0 |           8194.473 |     1.023292992280754 |  123556.8261 | 1.0 | 2.0 |
          29.0 |              2.0 |           8194.582 |    0.3019951720402016 |  121524.8509 | 1.0 | 2.0 |
          29.0 |              2.0 |           8237.536 |    0.4677351412871982 |  110084.4773 | 1.0 | 2.0 |
          29.0 |              2.0 |  8279.827800000001 |    2.1877616239495525 |  108014.8372 | 1.0 | 2.0 |
          29.0 |              2.0 |           8330.684 |   0.28840315031266056 |   139741.097 | 1.0 | 2.0 |
          29.0 |              2.0 |           8335.364 |   0.16982436524617442 |   138745.817 | 1.0 | 2.0 |
          29.0 |              2.0 |           8338.624 |   0.19054607179632474 |    134110.87 | 1.0 | 2.0 |
          29.0 |              2.0 |           8356.133 |   0.22387211385683395 |   139741.097 | 1.0 | 2.0 |
          29.0 |              2.0 |           8405.206 |   0.20892961308540392 |  110084.4773 | 1.0 | 2.0 |
          29.0 |              2.0 |            8505.73 |   0.08511380382023763 |  108335.6078 | 1.0 | 2.0 |
          29.0 |              2.0 |           8513.401 |    0.5495408738576245 |  121981.8546 | 1.0 | 2.0 |
          29.0 |              2.0 |           8609.045 |     0.436515832240166 |  110366.1542 | 1.0 | 2.0 |
          29.0 |              2.0 |            8799.51 |   0.20417379446695297 |   134742.863 | 1.0 | 2.0 |
          29.0 |              2.0 |           8812.816 |   0.19952623149688797 |   139395.786 | 1.0 | 2.0 |
          29.0 |              2.0 |  8961.618999999999 |  0.013182567385564075 |  110366.1542 | 1.0 | 2.0 |
          29.0 |              2.0 |           9008.229 |    0.2691534803926916 |    137078.19 | 1.0 | 2.0 |
          29.0 |              2.0 |           9038.627 |   0.14791083881682077 |   137082.175 | 1.0 | 2.0 |
          29.0 |              2.0 |           9070.463 |  0.023988329190194897 |  108014.8372 | 1.0 | 2.0 |
          29.0 |              2.0 |           9089.427 |   0.14791083881682077 |   139741.097 | 1.0 | 2.0 |
          29.0 |              2.0 |           9110.395 |  0.010232929922807542 |  108014.8372 | 1.0 | 2.0 |
          29.0 |              2.0 |  9229.274000000001 |   0.04897788193684462 |  110084.4773 | 1.0 | 2.0 |
          29.0 |              2.0 |           9279.945 |   0.04897788193684462 |  146032.2635 | 1.0 | 2.0 |
          29.0 |              2.0 |           9334.454 |   0.11220184543019636 |  110366.1542 | 1.0 | 2.0 |
          29.0 |              2.0 |           9342.274 |    0.0446683592150963 |  108335.6078 | 1.0 | 2.0 |
          29.0 |              2.0 |            9475.61 |   0.04570881896148749 |  110366.1542 | 1.0 | 2.0 |
          29.0 |              2.0 |  9514.871000000001 |   0.08912509381337455 |  110366.1542 | 1.0 | 2.0 |
          29.0 |              2.0 |           9613.532 |   0.24547089156850305 |    137614.14 | 1.0 | 2.0 |
          29.0 |              2.0 |           9672.819 |    0.5370317963702527 |   146423.201 | 1.0 | 2.0 |
          29.0 |              2.0 |           9691.259 |  0.025118864315095794 |  110366.1542 | 1.0 | 2.0 |
          29.0 |              2.0 |  9734.817000000001 |    0.2630267991895382 |   135834.672 | 1.0 | 2.0 |
          29.0 |              2.0 |           9738.472 |    1.4454397707459274 |   135834.672 | 1.0 | 2.0 |
          29.0 |              2.0 |          9815.8947 |    2.9512092266663856 |  135863.6857 | 1.0 | 2.0 |
          29.0 |              2.0 |           9816.025 |    0.7413102413009175 |  135863.6857 | 1.0 | 2.0 |
          29.0 |              2.0 |            9820.09 |   0.18197008586099836 |  135910.7245 | 1.0 | 2.0 |
          29.0 |              2.0 |           9830.677 |    1.4125375446227544 | 135931.01412 | 1.0 | 2.0 |
          29.0 |              2.0 |           9833.491 |    1.2302687708123816 | 135933.89499 | 1.0 | 2.0 |
          29.0 |              2.0 |          9840.5337 |     4.466835921509632 |  135910.7245 | 1.0 | 2.0 |
          29.0 |              2.0 |           9853.196 |     1.202264434617413 |  135902.1365 | 1.0 | 2.0 |
          29.0 |              2.0 |           9861.426 |    1.4125375446227544 |  135910.7245 | 1.0 | 2.0 |
          29.0 |              2.0 |         9863.98419 |    14.791083881682072 | 135931.01412 | 1.0 | 2.0 |
          29.0 |              2.0 |  9866.841120000001 |    12.589254117941675 | 135933.89499 | 1.0 | 2.0 |
          29.0 |              2.0 |          9870.7992 |    5.7543993733715695 |  138002.8856 | 1.0 | 2.0 |
          29.0 |              2.0 |  9873.523000000001 |  0.054954087385762455 |  108014.8372 | 1.0 | 2.0 |
          29.0 |              2.0 |  9884.172999999999 |      2.51188643150958 |  135989.9176 | 1.0 | 2.0 |
          29.0 |              2.0 |            9886.44 |    0.8709635899560807 |  138064.2971 | 1.0 | 2.0 |
          29.0 |              2.0 |          9886.6773 |    2.8183829312644537 |  135958.1919 | 1.0 | 2.0 |
          29.0 |              2.0 |           9895.652 |      2.51188643150958 |   138028.384 | 1.0 | 2.0 |
          29.0 |              2.0 |  9897.050000000001 |    1.0715193052376064 |  135989.9176 | 1.0 | 2.0 |
          29.0 |              2.0 |           9907.852 |    0.2691534803926916 |  135958.1919 | 1.0 | 2.0 |
          29.0 |              2.0 |             9907.9 |    0.6760829753919817 |  135958.1919 | 1.0 | 2.0 |
          29.0 |              2.0 |           9919.136 |    12.589254117941675 |  138064.2971 | 1.0 | 2.0 |
          29.0 |              2.0 |          9920.6702 |    3.9810717055349722 |  136013.9671 | 1.0 | 2.0 |
          29.0 |              2.0 |          9928.3096 |    10.471285480508996 |  138073.5826 | 1.0 | 2.0 |
          29.0 |              2.0 |             9941.5 |    1.5848931924611136 |  136013.9671 | 1.0 | 2.0 |
          29.0 |              2.0 |           9941.721 |    5.7543993733715695 |  136035.3328 | 1.0 | 2.0 |
          29.0 |              2.0 |           9962.701 |    1.9498445997580451 |  136035.3328 | 1.0 | 2.0 |
          29.0 |              2.0 |  9963.079300000001 |     7.413102413009175 |  138130.5345 | 1.0 | 2.0 |
          29.0 |              2.0 |           9984.135 |   0.14454397707459277 |  136035.3328 | 1.0 | 2.0 |
          29.0 |              2.0 |           9996.767 |    0.8912509381337456 |  138130.5345 | 1.0 | 2.0 |
          29.0 |              2.0 |          10009.331 |    5.1286138399136485 |  138176.8797 | 1.0 | 2.0 |
          29.0 |              2.0 |         10025.7149 |     8.128305161640993 | 136132.77781 | 1.0 | 2.0 |
          29.0 |              2.0 |          10038.975 |    2.2387211385683394 | 136132.77781 | 1.0 | 2.0 |
          29.0 |              2.0 |         10040.8438 |                  10.0 |  138219.8605 | 1.0 | 2.0 |
          29.0 |              2.0 |          10043.251 |    0.6918309709189365 |  138176.8797 | 1.0 | 2.0 |
          29.0 |              2.0 |          10052.528 |    1.1748975549395295 |  138219.8605 | 1.0 | 2.0 |
          29.0 |              2.0 |         10053.7784 |    2.1877616239495525 | 136160.61825 | 1.0 | 2.0 |
          29.0 |              2.0 |        10057.69213 |    11.481536214968829 | 136160.61825 | 1.0 | 2.0 |
          29.0 |              2.0 |          10060.366 |   0.18620871366628675 | 136132.77781 | 1.0 | 2.0 |
          29.0 |              2.0 |         10083.1132 |    7.5857757502918375 |  138261.5822 | 1.0 | 2.0 |
          29.0 |              2.0 |           10094.91 |   0.19054607179632474 |  138261.5822 | 1.0 | 2.0 |
          29.0 |              2.0 |          10165.594 |    1.7378008287493754 |  136269.9996 | 1.0 | 2.0 |
          29.0 |              2.0 |         10169.6069 |     7.413102413009175 |  136269.9996 | 1.0 | 2.0 |
          29.0 |              2.0 |          10179.222 |    0.1548816618912481 |  136269.9996 | 1.0 | 2.0 |
          29.0 |              2.0 |          10249.851 |   0.20417379446695297 |   136800.137 | 1.0 | 2.0 |
          29.0 |              2.0 |          10346.304 |    1.6982436524617444 |   136441.817 | 1.0 | 2.0 |
          29.0 |              2.0 |          10360.441 |    0.5370317963702527 |   136441.817 | 1.0 | 2.0 |
          29.0 |              2.0 |          10427.159 |     1.023292992280754 |  136336.8971 | 1.0 | 2.0 |
          29.0 |              2.0 |          10455.876 |     1.318256738556407 |  136336.8971 | 1.0 | 2.0 |
          29.0 |              2.0 |          10468.532 |    0.5888436553555889 |  136336.8971 | 1.0 | 2.0 |
          29.0 |              2.0 |          10578.601 |    0.3467368504525316 |   139028.705 | 1.0 | 2.0 |
          29.0 |              2.0 | 10612.201000000001 |    0.4786300923226383 |   138593.046 | 1.0 | 2.0 |
          29.0 |              2.0 |          10644.713 |    2.5703957827688635 |   138593.046 | 1.0 | 2.0 |
          29.0 |              2.0 |          10745.275 |    1.4791083881682074 | 136725.85349 | 1.0 | 2.0 |
          29.0 |              2.0 | 10771.309000000001 |    0.6918309709189365 |  138819.0637 | 1.0 | 2.0 |
          29.0 |              2.0 |          10790.783 |    0.2344228815319922 |  136754.1104 | 1.0 | 2.0 |
          29.0 |              2.0 |          10794.485 |     1.096478196143185 |  136765.3514 | 1.0 | 2.0 |
          29.0 |              2.0 |         10839.3135 |     9.772372209558107 | 136725.85349 | 1.0 | 2.0 |
          29.0 |              2.0 |          10852.445 |     6.456542290346556 |  138819.0637 | 1.0 | 2.0 |
          29.0 |              2.0 | 10855.380000000001 |      1.62181009735893 |  136773.1713 | 1.0 | 2.0 |
          29.0 |              2.0 | 10888.055999999999 |   0.33884415613920255 |   139331.149 | 1.0 | 2.0 |
          29.0 |              2.0 | 10892.954600000001 |     8.128305161640993 |  136765.3514 | 1.0 | 2.0 |
          29.0 |              2.0 |          10907.873 |      2.51188643150958 |   138898.334 | 1.0 | 2.0 |
          29.0 |              2.0 |          10928.159 |   0.20892961308540392 |  138882.8921 | 1.0 | 2.0 |
          29.0 |              2.0 |          10932.785 |    0.6456542290346555 |  136754.1104 | 1.0 | 2.0 |
          29.0 |              2.0 |         10933.9267 |      8.31763771102671 |  138882.8921 | 1.0 | 2.0 |
          29.0 |              2.0 |          10962.811 |    0.3801893963205612 |   138981.246 | 1.0 | 2.0 |
          29.0 |              2.0 | 10967.505000000001 |    0.5623413251903491 |   138898.334 | 1.0 | 2.0 |
          29.0 |              2.0 |          10969.536 |    0.1318256738556407 |  136773.1713 | 1.0 | 2.0 |
          29.0 |              2.0 | 10976.944000000001 |    0.8912509381337456 |  136919.3511 | 1.0 | 2.0 |
          29.0 |              2.0 |           10983.56 |     3.311311214825911 |  136919.3511 | 1.0 | 2.0 |
          29.0 |              2.0 |          10986.685 |    0.5011872336272722 |  136919.3511 | 1.0 | 2.0 |
          29.0 |              2.0 |          11012.947 |     3.715352290971725 |   138981.246 | 1.0 | 2.0 |
          29.0 |              2.0 |            11030.4 |   0.14125375446227545 |  136919.3511 | 1.0 | 2.0 |
          29.0 |              2.0 |          11038.999 |     2.041737944669529 |  136919.3511 | 1.0 | 2.0 |
          29.0 |              2.0 |          11101.384 |    0.4168693834703354 |  136919.3511 | 1.0 | 2.0 |
          29.0 |              2.0 | 11103.562999999998 |    0.9772372209558107 |   138981.246 | 1.0 | 2.0 |
          29.0 |              2.0 |          11117.815 |     3.890451449942806 |   137034.778 | 1.0 | 2.0 |
          29.0 |              2.0 |          11124.605 |    1.5848931924611136 |   137034.778 | 1.0 | 2.0 |
          29.0 |              2.0 |         11126.1949 |     6.760829753919817 |  137044.4647 | 1.0 | 2.0 |
          29.0 |              2.0 |          11127.808 |    1.5135612484362082 |   137034.778 | 1.0 | 2.0 |
          29.0 |              2.0 |          11128.498 |      5.88843655355589 |  139119.4295 | 1.0 | 2.0 |
          29.0 |              2.0 |          11129.801 |    0.7585775750291838 |  137044.4647 | 1.0 | 2.0 |
          29.0 |              2.0 |          11136.605 |    1.5848931924611136 |  137044.4647 | 1.0 | 2.0 |
          29.0 |              2.0 | 11159.548999999999 |     4.073802778041127 |   139142.049 | 1.0 | 2.0 |
          29.0 |              2.0 |          11176.138 |     2.884031503126606 |  137073.6465 | 1.0 | 2.0 |
          29.0 |              2.0 | 11183.132000000001 |    1.3803842646028848 |  139119.4295 | 1.0 | 2.0 |
          29.0 |              2.0 |          11193.616 |    0.2570395782768864 |  137044.4647 | 1.0 | 2.0 |
          29.0 |              2.0 |          11205.819 |     1.023292992280754 |   139142.049 | 1.0 | 2.0 |
          29.0 |              2.0 |          11211.559 |   0.15135612484362082 |   139142.049 | 1.0 | 2.0 |
          29.0 |              2.0 |          11221.396 |    1.4791083881682074 |  137073.6465 | 1.0 | 2.0 |
          29.0 |              2.0 |          11230.283 |    0.7079457843841379 |  137073.6465 | 1.0 | 2.0 |
%NIST