 Atomic Number | Ionization State |  Wavelength (Ang.) |               g_i*f_ik |         E_i(cm^-1) |    i |    j |
          21.0 |              3.0 | 1610.1939697265625 |    0.28119200468063354 |                0.0 |  1.0 |  4.0 |
          21.0 |              3.0 |    1598.0009765625 |   0.056623999029397964 |                0.0 |  1.0 |  5.0 |
          21.0 |              3.0 |  780.5969848632812 |  7.603200356243178e-05 |                0.0 |  1.0 |  9.0 |
          21.0 |              3.0 |  779.5260009765625 | 1.5885600078036077e-05 |                0.0 |  1.0 | 10.0 |
          21.0 |              3.0 |  730.5999755859375 |     1.5703599452972412 |                0.0 |  1.0 | 11.0 |
          21.0 |              3.0 |  643.1290283203125 |    0.00849200040102005 |                0.0 |  1.0 | 16.0 |
          21.0 |              3.0 |  642.7760009765625 |  0.0017060800455510616 |                0.0 |  1.0 | 17.0 |
          21.0 |              3.0 |  627.0679931640625 |   0.004797200206667185 |                0.0 |  1.0 | 18.0 |
          21.0 |              3.0 |  589.4910278320312 | 1.9453600543783978e-06 |                0.0 |  1.0 | 25.0 |
          21.0 |              3.0 |   589.323974609375 |  4.775200181938999e-07 |                0.0 |  1.0 | 26.0 |
          21.0 |              3.0 |   582.114013671875 |    0.07395999878644943 |                0.0 |  1.0 | 27.0 |
          21.0 |              3.0 |  562.0029907226562 |  0.0016595999477431178 |                0.0 |  1.0 | 36.0 |
          21.0 |              3.0 |  561.9000244140625 |  0.0003303679986856878 |                0.0 |  1.0 | 37.0 |
          21.0 |              3.0 |   557.989990234375 |    0.06095200031995773 |                0.0 |  1.0 | 38.0 |
          21.0 |              3.0 |  545.8690185546875 |  0.0018706800183281302 |                0.0 |  1.0 | 49.0 |
          21.0 |              3.0 |  545.8049926757812 | 0.00037153600715100765 |                0.0 |  1.0 | 50.0 |
          21.0 |              3.0 |  543.4739990234375 |    0.03184200078248978 |                0.0 |  1.0 | 51.0 |
          21.0 |              3.0 |    535.47900390625 |  0.0014927999582141638 |                0.0 |  1.0 | 64.0 |
          21.0 |              3.0 |    535.43701171875 |   0.000297168007818982 |                0.0 |  1.0 | 65.0 |
          21.0 |              3.0 |  533.8900146484375 |   0.019815199077129364 |                0.0 |  1.0 | 66.0 |
          21.0 |              3.0 |  527.2470092773438 |    0.00997720006853342 |                0.0 |  1.0 | 78.0 |
          21.0 |              3.0 |   1603.06396484375 |     0.5093280076980591 | 197.63999938964844 |  2.0 |  5.0 |
          21.0 |              3.0 |    780.72802734375 | 0.00013273800141178071 | 197.63999938964844 |  2.0 | 10.0 |
          21.0 |              3.0 |   731.656005859375 |    0.11194200813770294 | 197.63999938964844 |  2.0 | 11.0 |
          21.0 |              3.0 |   731.655029296875 |      2.238719940185547 | 197.63999938964844 |  2.0 | 12.0 |
          21.0 |              3.0 |   643.593994140625 |   0.015240599401295185 | 197.63999938964844 |  2.0 | 17.0 |
          21.0 |              3.0 |  627.8460083007812 |  0.0003404099843464792 | 197.63999938964844 |  2.0 | 18.0 |
          21.0 |              3.0 |   590.010986328125 | 2.8576200747920666e-06 | 197.63999938964844 |  2.0 | 26.0 |
          21.0 |              3.0 |  582.7849731445312 |   0.005272320006042719 | 197.63999938964844 |  2.0 | 27.0 |
          21.0 |              3.0 |  562.5250244140625 |  0.0030060599092394114 | 197.63999938964844 |  2.0 | 37.0 |
          21.0 |              3.0 |  558.6060180664062 |   0.004355099983513355 | 197.63999938964844 |  2.0 | 38.0 |
          21.0 |              3.0 |    546.39501953125 |  0.0033806399442255497 | 197.63999938964844 |  2.0 | 50.0 |
          21.0 |              3.0 |  544.0579833984375 |  0.0022698601242154837 | 197.63999938964844 |  2.0 | 51.0 |
          21.0 |              3.0 |  544.0570068359375 |    0.04560359939932823 | 197.63999938964844 |  2.0 | 52.0 |
          21.0 |              3.0 |  536.0040283203125 |   0.002697720192372799 | 197.63999938964844 |  2.0 | 65.0 |
          21.0 |              3.0 |  534.4539794921875 |  0.0014158199774101377 | 197.63999938964844 |  2.0 | 66.0 |
          21.0 |              3.0 |  534.4530029296875 |   0.028444798663258553 | 197.63999938964844 |  2.0 | 67.0 |
          21.0 |              3.0 |  527.7969970703125 |   0.000712860026396811 | 197.63999938964844 |  2.0 | 78.0 |
          21.0 |              3.0 |  2734.048095703125 |     0.5224000215530396 |      25539.3203125 |  3.0 |  4.0 |
          21.0 |              3.0 |   2699.06591796875 |     1.0592600107192993 |      25539.3203125 |  3.0 |  5.0 |
          21.0 |              3.0 |  974.9650268554688 |    0.29241999983787537 |      25539.3203125 |  3.0 |  9.0 |
          21.0 |              3.0 |  973.2940063476562 |      0.586139976978302 |      25539.3203125 |  3.0 | 10.0 |
          21.0 |              3.0 |  769.5239868164062 |     0.0680759996175766 |      25539.3203125 |  3.0 | 16.0 |
          21.0 |              3.0 |  769.0189819335938 |     0.1361439973115921 |      25539.3203125 |  3.0 | 17.0 |
          21.0 |              3.0 |   693.968994140625 |    0.00810960028320551 |      25539.3203125 |  3.0 | 25.0 |
          21.0 |              3.0 |  693.7379760742188 |   0.016255399212241173 |      25539.3203125 |  3.0 | 26.0 |
          21.0 |              3.0 |    656.18701171875 | 0.00010399200255051255 |      25539.3203125 |  3.0 | 36.0 |
          21.0 |              3.0 |  656.0460205078125 | 0.00020701999892480671 |      25539.3203125 |  3.0 | 37.0 |
          21.0 |              3.0 |  634.2969970703125 | 1.4125400412012823e-05 |      25539.3203125 |  3.0 | 49.0 |
          21.0 |              3.0 |  634.2109985351562 | 2.8575999749591574e-05 |      25539.3203125 |  3.0 | 50.0 |
          21.0 |              3.0 |  620.3109741210938 | 0.00011272000119788572 |      25539.3203125 |  3.0 | 64.0 |
          21.0 |              3.0 |  620.2540283203125 |  0.0002264600043417886 |      25539.3203125 |  3.0 | 65.0 |
          21.0 |              3.0 |  1993.885986328125 |     1.9678800106048584 |     62104.30078125 |  4.0 |  6.0 |
          21.0 |              3.0 | 1895.4410400390625 |     0.4634400010108948 |     62104.30078125 |  4.0 |  8.0 |
          21.0 |              3.0 | 1162.4429931640625 |     0.4008600115776062 |     62104.30078125 |  4.0 | 13.0 |
          21.0 |              3.0 |  1148.240966796875 |  0.0008241399773396552 |     62104.30078125 |  4.0 | 15.0 |
          21.0 |              3.0 |  966.2930297851562 |    0.15885399281978607 |     62104.30078125 |  4.0 | 22.0 |
          21.0 |              3.0 |  961.0499877929688 |   0.023660000413656235 |     62104.30078125 |  4.0 | 24.0 |
          21.0 |              3.0 |  882.2020263671875 |    0.06412000209093094 |     62104.30078125 |  4.0 | 33.0 |
          21.0 |              3.0 |   879.573974609375 |  0.0004988799919374287 |     62104.30078125 |  4.0 | 35.0 |
          21.0 |              3.0 |  836.4290161132812 |    0.01976959966123104 |     62104.30078125 |  4.0 | 46.0 |
          21.0 |              3.0 |  835.3200073242188 |   0.002018400002270937 |     62104.30078125 |  4.0 | 48.0 |
          21.0 |              3.0 |  809.1389770507812 |   0.012531399726867676 |     62104.30078125 |  4.0 | 61.0 |
          21.0 |              3.0 |    808.43798828125 |  0.0013243400026112795 |     62104.30078125 |  4.0 | 63.0 |
          21.0 |              3.0 |   791.135009765625 |   0.010641399770975113 |     62104.30078125 |  4.0 | 76.0 |
          21.0 |              3.0 | 2012.2550048828125 |     0.3899399936199188 |      62578.1796875 |  5.0 |  6.0 |
          21.0 |              3.0 | 2010.4200439453125 |     3.5075199604034424 |      62578.1796875 |  5.0 |  7.0 |
          21.0 |              3.0 | 1912.6199951171875 |     0.9183200001716614 |      62578.1796875 |  5.0 |  8.0 |
          21.0 |              3.0 | 1168.8819580078125 |    0.07980000227689743 |      62578.1796875 |  5.0 | 13.0 |
          21.0 |              3.0 | 1168.6070556640625 |     0.7178000211715698 |      62578.1796875 |  5.0 | 14.0 |
          21.0 |              3.0 |   1154.52294921875 |  0.0016443600179627538 |      62578.1796875 |  5.0 | 15.0 |
          21.0 |              3.0 |  970.7379760742188 |    0.03162280097603798 |      62578.1796875 |  5.0 | 22.0 |
          21.0 |              3.0 |  970.6370239257812 |     0.2844479978084564 |      62578.1796875 |  5.0 | 23.0 |
          21.0 |              3.0 |   965.447021484375 |   0.047095999121665955 |      62578.1796875 |  5.0 | 24.0 |
          21.0 |              3.0 |   885.906005859375 |   0.012764399871230125 |      62578.1796875 |  5.0 | 33.0 |
          21.0 |              3.0 |    885.85400390625 |    0.11481600254774094 |      62578.1796875 |  5.0 | 34.0 |
          21.0 |              3.0 |  883.2550048828125 |  0.0009954000124707818 |      62578.1796875 |  5.0 | 35.0 |
          21.0 |              3.0 |  839.7579956054688 |   0.003935520071536303 |      62578.1796875 |  5.0 | 46.0 |
          21.0 |              3.0 |    839.72900390625 |   0.035399600863456726 |      62578.1796875 |  5.0 | 47.0 |
          21.0 |              3.0 |  838.6400146484375 |   0.004017999861389399 |      62578.1796875 |  5.0 | 48.0 |
          21.0 |              3.0 |  812.2529907226562 |  0.0025003599002957344 |      62578.1796875 |  5.0 | 61.0 |
          21.0 |              3.0 |  812.2349853515625 |   0.022490400820970535 |      62578.1796875 |  5.0 | 62.0 |
          21.0 |              3.0 |  811.5469970703125 |  0.0026363199576735497 |      62578.1796875 |  5.0 | 63.0 |
          21.0 |              3.0 |  794.1119995117188 |   0.002123239915817976 |      62578.1796875 |  5.0 | 76.0 |
          21.0 |              3.0 |  794.0999755859375 |   0.019098399206995964 |      62578.1796875 |  5.0 | 77.0 |
          21.0 |              3.0 |   6307.60302734375 |     0.6576399803161621 |     112257.6171875 |  6.0 |  9.0 |
          21.0 |              3.0 |   6238.31689453125 |    0.13304400444030762 |     112257.6171875 |  6.0 | 10.0 |
          21.0 |              3.0 |    4061.2099609375 |     1.9769599437713623 |     112257.6171875 |  6.0 | 11.0 |
          21.0 |              3.0 |  2312.382080078125 |    0.10423199832439423 |     112257.6171875 |  6.0 | 16.0 |
          21.0 |              3.0 |  2307.822021484375 |   0.020844800397753716 |     112257.6171875 |  6.0 | 17.0 |
          21.0 |              3.0 |  2117.318115234375 |      3.388439893722534 |     112257.6171875 |  6.0 | 18.0 |
          21.0 |              3.0 | 1742.7569580078125 |    0.03326600044965744 |     112257.6171875 |  6.0 | 25.0 |
          21.0 |              3.0 |  1741.302001953125 |   0.006668000016361475 |     112257.6171875 |  6.0 | 26.0 |
          21.0 |              3.0 |  1679.824951171875 |   0.056756000965833664 |     112257.6171875 |  6.0 | 27.0 |
          21.0 |              3.0 |  1522.594970703125 |   0.002333439886569977 |     112257.6171875 |  6.0 | 36.0 |
          21.0 |              3.0 | 1521.8399658203125 |  0.0004666399909183383 |     112257.6171875 |  6.0 | 37.0 |
          21.0 |              3.0 | 1493.4940185546875 |   0.029991600662469864 |     112257.6171875 |  6.0 | 38.0 |
          21.0 |              3.0 | 1409.7120361328125 |   0.003872560104355216 |     112257.6171875 |  6.0 | 49.0 |
          21.0 |              3.0 | 1409.2860107421875 |  0.0007744799950160086 |     112257.6171875 |  6.0 | 50.0 |
          21.0 |              3.0 | 1393.8480224609375 |   0.025351200252771378 |     112257.6171875 |  6.0 | 51.0 |
          21.0 |              3.0 | 1342.4420166015625 |   0.003235920099541545 |     112257.6171875 |  6.0 | 64.0 |
          21.0 |              3.0 |  1342.176025390625 |  0.0006471599917858839 |     112257.6171875 |  6.0 | 65.0 |
          21.0 |              3.0 |    1332.4990234375 |   0.017139600589871407 |     112257.6171875 |  6.0 | 66.0 |
          21.0 |              3.0 | 1291.8790283203125 |    0.02018360048532486 |     112257.6171875 |  6.0 | 78.0 |
          21.0 |              3.0 |   6256.01318359375 |      1.194000005722046 |      112302.953125 |  7.0 | 10.0 |
          21.0 |              3.0 |  4068.702880859375 |     0.1409280002117157 |      112302.953125 |  7.0 | 11.0 |
          21.0 |              3.0 |  4068.660888671875 |     2.8183798789978027 |      112302.953125 |  7.0 | 12.0 |
          21.0 |              3.0 |  2310.239013671875 |                 0.1875 |      112302.953125 |  7.0 | 17.0 |
          21.0 |              3.0 |   2119.35302734375 |    0.24210000038146973 |      112302.953125 |  7.0 | 18.0 |
          21.0 |              3.0 |  1742.677978515625 |    0.05984099954366684 |      112302.953125 |  7.0 | 26.0 |
          21.0 |              3.0 |   1681.10498046875 |   0.004055100027471781 |      112302.953125 |  7.0 | 27.0 |
          21.0 |              3.0 | 1522.8909912109375 |   0.004216979723423719 |      112302.953125 |  7.0 | 37.0 |
          21.0 |              3.0 | 1494.5059814453125 |  0.0021429001353681087 |      112302.953125 |  7.0 | 38.0 |
          21.0 |              3.0 |   1410.18701171875 |   0.006965999957174063 |      112302.953125 |  7.0 | 50.0 |
          21.0 |              3.0 |   1394.72900390625 |  0.0018072000239044428 |      112302.953125 |  7.0 | 51.0 |
          21.0 |              3.0 |  1394.719970703125 |    0.03614100068807602 |      112302.953125 |  7.0 | 52.0 |
          21.0 |              3.0 | 1342.9930419921875 |    0.00580764003098011 |      112302.953125 |  7.0 | 65.0 |
          21.0 |              3.0 | 1333.3050537109375 |  0.0012217799667268991 |      112302.953125 |  7.0 | 66.0 |
          21.0 |              3.0 | 1333.2989501953125 |   0.024434398859739304 |      112302.953125 |  7.0 | 67.0 |
          21.0 |              3.0 |  1292.635986328125 |   0.001435499987564981 |      112302.953125 |  7.0 | 78.0 |
          21.0 |              3.0 | 1292.6309814453125 |    0.02870759926736355 |      112302.953125 |  7.0 | 79.0 |
          21.0 |              3.0 |   7548.14599609375 |     0.6870599985122681 |     114862.4765625 |  8.0 |  9.0 |
          21.0 |              3.0 |   7449.14111328125 |     1.3931599855422974 |     114862.4765625 |  8.0 | 10.0 |
          21.0 |              3.0 |  2460.655029296875 |     0.5767599940299988 |     114862.4765625 |  8.0 | 16.0 |
          21.0 |              3.0 |  2455.491943359375 |        1.1561199426651 |     114862.4765625 |  8.0 | 17.0 |
          21.0 |              3.0 |  1825.634033203125 |   0.006067399866878986 |     114862.4765625 |  8.0 | 25.0 |
          21.0 |              3.0 | 1824.0379638671875 |    0.01216179970651865 |     114862.4765625 |  8.0 | 26.0 |
          21.0 |              3.0 |   1585.47705078125 |    0.00970499962568283 |     114862.4765625 |  8.0 | 36.0 |
          21.0 |              3.0 | 1584.6590576171875 |   0.019408799707889557 |     114862.4765625 |  8.0 | 37.0 |
          21.0 |              3.0 | 1463.4510498046875 |   0.006237400230020285 |     114862.4765625 |  8.0 | 49.0 |
          21.0 |              3.0 |  1462.991943359375 |   0.012473800219595432 |     114862.4765625 |  8.0 | 50.0 |
          21.0 |              3.0 | 1391.0870361328125 |   0.004305200185626745 |     114862.4765625 |  8.0 | 64.0 |
          21.0 |              3.0 |  1390.801025390625 |   0.008609999902546406 |     114862.4765625 |  8.0 | 65.0 |
          21.0 |              3.0 |   4992.88623046875 |     2.4154000282287598 |     128107.1171875 |  9.0 | 13.0 |
          21.0 |              3.0 |    4740.9521484375 |     0.7430199980735779 |     128107.1171875 |  9.0 | 15.0 |
          21.0 |              3.0 |  2666.909912109375 |     1.0839200019836426 |     128107.1171875 |  9.0 | 22.0 |
          21.0 |              3.0 |     2627.333984375 |    0.05649400129914284 |     128107.1171875 |  9.0 | 24.0 |
          21.0 |              3.0 |   2111.26806640625 |   0.009885599836707115 |     128107.1171875 |  9.0 | 33.0 |
          21.0 |              3.0 |   2096.27099609375 |    0.02404399961233139 |     128107.1171875 |  9.0 | 35.0 |
          21.0 |              3.0 | 1867.3079833984375 |    0.04655800014734268 |     128107.1171875 |  9.0 | 46.0 |
          21.0 |              3.0 |     1861.791015625 |  0.0006368000176735222 |     128107.1171875 |  9.0 | 48.0 |
          21.0 |              3.0 |  1736.552978515625 |   0.028248000890016556 |     128107.1171875 |  9.0 | 61.0 |
          21.0 |              3.0 | 1733.3260498046875 | 0.00039445998845621943 |     128107.1171875 |  9.0 | 63.0 |
          21.0 |              3.0 |   1655.68896484375 |    0.02108599990606308 |     128107.1171875 |  9.0 | 76.0 |
          21.0 |              3.0 |    5037.1708984375 |    0.47863999009132385 |     128283.1484375 | 10.0 | 13.0 |
          21.0 |              3.0 |   5032.07177734375 |      4.315199851989746 |     128283.1484375 | 10.0 | 14.0 |
          21.0 |              3.0 |   4780.86279296875 |     1.4723199605941772 |     128283.1484375 | 10.0 | 15.0 |
          21.0 |              3.0 |  2679.493896484375 |     0.2157759964466095 |     128283.1484375 | 10.0 | 22.0 |
          21.0 |              3.0 |  2678.721923828125 |     1.9408799409866333 |     128283.1484375 | 10.0 | 23.0 |
          21.0 |              3.0 |    2639.5458984375 |    0.11246000230312347 |     128283.1484375 | 10.0 | 24.0 |
          21.0 |              3.0 |   2119.14697265625 |   0.001972439931705594 |     128283.1484375 | 10.0 | 33.0 |
          21.0 |              3.0 |   2118.85302734375 |   0.017782799899578094 |     128283.1484375 | 10.0 | 34.0 |
          21.0 |              3.0 |    2104.0380859375 |   0.047972001135349274 |     128283.1484375 | 10.0 | 35.0 |
          21.0 |              3.0 | 1873.4659423828125 |    0.00928959995508194 |     128283.1484375 | 10.0 | 46.0 |
          21.0 |              3.0 |  1873.322021484375 |    0.08355999737977982 |     128283.1484375 | 10.0 | 47.0 |
          21.0 |              3.0 | 1867.9129638671875 |   0.001270559965632856 |     128283.1484375 | 10.0 | 48.0 |
          21.0 |              3.0 | 1741.8780517578125 |   0.005636400077491999 |     128283.1484375 | 10.0 | 61.0 |
          21.0 |              3.0 |    1741.7939453125 |   0.050700001418590546 |     128283.1484375 | 10.0 | 62.0 |
          21.0 |              3.0 | 1738.6309814453125 |  0.0007870399858802557 |     128283.1484375 | 10.0 | 63.0 |
          21.0 |              3.0 |  1660.529052734375 |   0.004207199905067682 |     128283.1484375 | 10.0 | 76.0 |
          21.0 |              3.0 | 1660.4759521484375 |   0.037844400852918625 |     128283.1484375 | 10.0 | 77.0 |
          21.0 |              3.0 |       8881.5859375 |    0.42855000495910645 |         136873.875 | 11.0 | 13.0 |
          21.0 |              3.0 |      8865.74609375 |    0.03068999946117401 |         136873.875 | 11.0 | 14.0 |
          21.0 |              3.0 |   4309.44677734375 |     2.8906798362731934 |         136873.875 | 11.0 | 20.0 |
          21.0 |              3.0 |   3481.05810546875 |    0.05970359593629837 |         136873.875 | 11.0 | 22.0 |
          21.0 |              3.0 |  3479.756103515625 |   0.004265820141881704 |         136873.875 | 11.0 | 23.0 |
          21.0 |              3.0 |  2831.743896484375 |     2.4434399604797363 |         136873.875 | 11.0 | 29.0 |
          21.0 |              3.0 |  2591.029052734375 |   0.010592400096356869 |         136873.875 | 11.0 | 33.0 |
          21.0 |              3.0 |  2590.591064453125 |  0.0007568399887531996 |         136873.875 | 11.0 | 34.0 |
          21.0 |              3.0 |  2346.513916015625 |     0.3265860080718994 |         136873.875 | 11.0 | 40.0 |
          21.0 |              3.0 |  2111.677001953125 |   0.005701620131731033 |         136873.875 | 11.0 | 53.0 |
          21.0 |              3.0 | 1977.9420166015625 |    0.13931399583816528 |         136873.875 | 11.0 | 68.0 |
          21.0 |              3.0 |   1890.98095703125 |    0.09484200179576874 |         136873.875 | 11.0 | 80.0 |
          21.0 |              3.0 |     8865.943359375 |     0.6137599945068359 |         136874.125 | 12.0 | 14.0 |
          21.0 |              3.0 |    4309.4931640625 |    0.10690400004386902 |         136874.125 | 12.0 | 20.0 |
          21.0 |              3.0 |     3479.787109375 |    0.08531200140714645 |         136874.125 | 12.0 | 23.0 |
          21.0 |              3.0 |  2831.763916015625 |    0.09057600051164627 |         136874.125 | 12.0 | 29.0 |
          21.0 |              3.0 |   2590.60791015625 |   0.015170400030910969 |         136874.125 | 12.0 | 34.0 |
          21.0 |              3.0 |  2346.527099609375 |   0.012105599977076054 |         136874.125 | 12.0 | 40.0 |
          21.0 |              3.0 |   2111.68798828125 | 0.00021086400374770164 |         136874.125 | 12.0 | 53.0 |
          21.0 |              3.0 | 1977.9520263671875 |   0.005164159927517176 |         136874.125 | 12.0 | 68.0 |
          21.0 |              3.0 |  1890.989990234375 |  0.0035075200721621513 |         136874.125 | 12.0 | 80.0 |
          21.0 |              3.0 |   13583.7041015625 |     0.9484000205993652 |       148130.03125 | 13.0 | 16.0 |
          21.0 |              3.0 |     13427.85546875 |    0.19186800718307495 |       148130.03125 | 13.0 | 17.0 |
          21.0 |              3.0 |    8814.2041015625 |      3.250880002975464 |       148130.03125 | 13.0 | 18.0 |
          21.0 |              3.0 |   4648.14599609375 |     0.5093200206756592 |       148130.03125 | 13.0 | 25.0 |
          21.0 |              3.0 |   4637.80908203125 |    0.10209199786186218 |       148130.03125 | 13.0 | 26.0 |
          21.0 |              3.0 |   4225.77978515625 |      4.731599807739258 |       148130.03125 | 13.0 | 27.0 |
          21.0 |              3.0 |   3354.18505859375 |  0.0017823600210249424 |       148130.03125 | 13.0 | 36.0 |
          21.0 |              3.0 |   3350.52197265625 | 0.00035645198659040034 |       148130.03125 | 13.0 | 37.0 |
          21.0 |              3.0 |  3216.091064453125 |    0.16218000650405884 |       148130.03125 | 13.0 | 38.0 |
          21.0 |              3.0 |     2851.083984375 |  0.0031260799150913954 |       148130.03125 | 13.0 | 49.0 |
          21.0 |              3.0 |  2849.343017578125 |  0.0006265999982133508 |       148130.03125 | 13.0 | 50.0 |
          21.0 |              3.0 |  2786.910888671875 |    0.11402399837970734 |       148130.03125 | 13.0 | 51.0 |
          21.0 |              3.0 |   2588.64599609375 |  0.0024888399057090282 |       148130.03125 | 13.0 | 64.0 |
          21.0 |              3.0 |  2587.655029296875 |  0.0004977199714630842 |       148130.03125 | 13.0 | 65.0 |
          21.0 |              3.0 |    2551.9130859375 |    0.07516399770975113 |       148130.03125 | 13.0 | 66.0 |
          21.0 |              3.0 |     2406.919921875 |    0.06652799993753433 |       148130.03125 | 13.0 | 78.0 |
          21.0 |              3.0 |     13464.22265625 |     1.7218799591064453 |      148150.140625 | 14.0 | 17.0 |
          21.0 |              3.0 |        8829.859375 |    0.23173800110816956 |      148150.140625 | 14.0 | 18.0 |
          21.0 |              3.0 |   4642.14013671875 |     0.9183599948883057 |      148150.140625 | 14.0 | 26.0 |
          21.0 |              3.0 |           4229.375 |     0.3380639851093292 |      148150.140625 | 14.0 | 27.0 |
          21.0 |              3.0 |  3352.781982421875 |  0.0032284799963235855 |      148150.140625 | 14.0 | 37.0 |
          21.0 |              3.0 |  3218.173095703125 |   0.011587800458073616 |      148150.140625 | 14.0 | 38.0 |
          21.0 |              3.0 |   2850.97705078125 |   0.005623440258204937 |      148150.140625 | 14.0 | 50.0 |
          21.0 |              3.0 |   2788.47509765625 |   0.008128199726343155 |      148150.140625 | 14.0 | 51.0 |
          21.0 |              3.0 |   2788.43994140625 |    0.16255199909210205 |      148150.140625 | 14.0 | 52.0 |
          21.0 |              3.0 |    2589.0029296875 |   0.004466820042580366 |      148150.140625 | 14.0 | 65.0 |
          21.0 |              3.0 |  2553.222900390625 |   0.005357939749956131 |      148150.140625 | 14.0 | 66.0 |
          21.0 |              3.0 |  2553.200927734375 |     0.1071540042757988 |      148150.140625 | 14.0 | 67.0 |
          21.0 |              3.0 |       2408.0859375 |  0.0047424002550542355 |      148150.140625 | 14.0 | 78.0 |
          21.0 |              3.0 |  2408.071044921875 |    0.09505800157785416 |      148150.140625 | 14.0 | 79.0 |
          21.0 |              3.0 |    15879.392578125 |     0.7161399722099304 |       149194.03125 | 15.0 | 16.0 |
          21.0 |              3.0 |   15666.8271484375 |     1.4521199464797974 |       149194.03125 | 15.0 | 17.0 |
          21.0 |              3.0 |   4890.06201171875 |     1.0162400007247925 |       149194.03125 | 15.0 | 25.0 |
          21.0 |              3.0 |    4878.6220703125 |     2.0369999408721924 |       149194.03125 | 15.0 | 26.0 |
          21.0 |              3.0 |  3478.362060546875 |     0.0297860000282526 |       149194.03125 | 15.0 | 36.0 |
          21.0 |              3.0 |  3474.423095703125 |    0.05956599861383438 |       149194.03125 | 15.0 | 37.0 |
          21.0 |              3.0 |   2940.31005859375 |   0.017741799354553223 |       149194.03125 | 15.0 | 49.0 |
          21.0 |              3.0 |    2938.4580078125 |   0.035482000559568405 |       149194.03125 | 15.0 | 50.0 |
          21.0 |              3.0 |  2661.991943359375 |   0.011587800458073616 |       149194.03125 | 15.0 | 64.0 |
          21.0 |              3.0 |  2660.944091796875 |   0.023174000903964043 |       149194.03125 | 15.0 | 65.0 |
          21.0 |              3.0 |    9895.5615234375 |      2.552799940109253 |       155489.78125 | 16.0 | 22.0 |
          21.0 |              3.0 |      9371.79296875 |     0.9397199749946594 |       155489.78125 | 16.0 | 24.0 |
          21.0 |              3.0 |   5006.80419921875 |      2.103800058364868 |       155489.78125 | 16.0 | 33.0 |
          21.0 |              3.0 |    4923.2900390625 |     0.3111799955368042 |       155489.78125 | 16.0 | 35.0 |
          21.0 |              3.0 |  3820.029052734375 |  0.0032210000790655613 |       155489.78125 | 16.0 | 46.0 |
          21.0 |              3.0 |  3797.008056640625 |   0.004477200098335743 |       155489.78125 | 16.0 | 48.0 |
          21.0 |              3.0 |  3310.010986328125 |   0.002311999909579754 |       155489.78125 | 16.0 | 61.0 |
          21.0 |              3.0 |  3298.302978515625 |   0.002648599911481142 |       155489.78125 | 16.0 | 63.0 |
          21.0 |              3.0 |  3028.030029296875 |    0.00258819991722703 |       155489.78125 | 16.0 | 76.0 |
          21.0 |              3.0 |    9979.9443359375 |      0.505840003490448 |      155575.203125 | 17.0 | 22.0 |
          21.0 |              3.0 |    9969.2548828125 |      4.560400009155273 |      155575.203125 | 17.0 | 23.0 |
          21.0 |              3.0 |    9447.4443359375 |     1.8620799779891968 |      155575.203125 | 17.0 | 24.0 |
          21.0 |              3.0 |   5028.31591796875 |     0.4187999963760376 |      155575.203125 | 17.0 | 33.0 |
          21.0 |              3.0 |    5026.6650390625 |     3.7670400142669678 |      155575.203125 | 17.0 | 34.0 |
          21.0 |              3.0 |    4944.0888671875 |     0.6194400191307068 |      155575.203125 | 17.0 | 35.0 |
          21.0 |              3.0 |       3832.5390625 |   0.000642679980956018 |      155575.203125 | 17.0 | 46.0 |
          21.0 |              3.0 |   3831.93603515625 |   0.005767600145190954 |      155575.203125 | 17.0 | 47.0 |
          21.0 |              3.0 |  3809.366943359375 |    0.00893319956958294 |      155575.203125 | 17.0 | 48.0 |
          21.0 |              3.0 |   3319.39990234375 |  0.0004613200144376606 |      155575.203125 | 17.0 | 61.0 |
          21.0 |              3.0 |  3319.096923828125 |   0.004139999859035015 |      155575.203125 | 17.0 | 62.0 |
          21.0 |              3.0 |           3307.625 |   0.005284400191158056 |      155575.203125 | 17.0 | 63.0 |
          21.0 |              3.0 |  3035.885009765625 |  0.0005152400117367506 |      155575.203125 | 17.0 | 76.0 |
          21.0 |              3.0 |    3035.7080078125 |   0.004634399898350239 |      155575.203125 | 17.0 | 77.0 |
          21.0 |              3.0 |           166600.0 |    0.08279399573802948 |      159472.234375 | 18.0 | 20.0 |
          21.0 |              3.0 |   16334.5791015625 |     1.1402400732040405 |      159472.234375 | 18.0 | 22.0 |
          21.0 |              3.0 |     16305.96484375 |    0.08166000247001648 |      159472.234375 | 18.0 | 23.0 |
          21.0 |              3.0 |   7868.64697265625 |      5.874899864196777 |      159472.234375 | 18.0 | 29.0 |
          21.0 |              3.0 |     6254.216796875 |     0.5610479712486267 |      159472.234375 | 18.0 | 33.0 |
          21.0 |              3.0 |    6251.6630859375 |    0.04008660092949867 |      159472.234375 | 18.0 | 34.0 |
          21.0 |              3.0 |   4997.35595703125 |    0.08166000247001648 |      159472.234375 | 18.0 | 40.0 |
          21.0 |              3.0 |   4505.69287109375 |  0.0019364400068297982 |      159472.234375 | 18.0 | 46.0 |
          21.0 |              3.0 |   4504.85888671875 |  0.0001386780058965087 |      159472.234375 | 18.0 | 47.0 |
          21.0 |              3.0 |  4040.508056640625 |       1.91867995262146 |      159472.234375 | 18.0 | 53.0 |
          21.0 |              3.0 |   3812.76806640625 |  0.0011194200487807393 |      159472.234375 | 18.0 | 61.0 |
          21.0 |              3.0 |  3812.368896484375 |  7.998599903658032e-05 |      159472.234375 | 18.0 | 62.0 |
          21.0 |              3.0 |  3575.616943359375 |   0.012133799493312836 |      159472.234375 | 18.0 | 68.0 |
          21.0 |              3.0 |  3443.406005859375 |  0.0005495400400832295 |      159472.234375 | 18.0 | 76.0 |
          21.0 |              3.0 |  3301.097900390625 |  0.0074987998232245445 |      159472.234375 | 18.0 | 80.0 |
          21.0 |              3.0 |  3443.177978515625 |  0.0007870480185374618 |      159472.234375 | 19.0 | 77.0 |
          21.0 |              3.0 |     8533.384765625 |    0.25644800066947937 |        160072.1875 | 20.0 | 27.0 |
          21.0 |              3.0 |     8226.572265625 |      2.747920036315918 |        160072.1875 | 20.0 | 31.0 |
          21.0 |              3.0 |   5222.51904296875 |   0.006441679783165455 |        160072.1875 | 20.0 | 38.0 |
          21.0 |              3.0 |   5143.60791015625 |     0.4405519962310791 |        160072.1875 | 20.0 | 44.0 |
          21.0 |              3.0 |    4177.8017578125 |   0.005482799839228392 |        160072.1875 | 20.0 | 51.0 |
          21.0 |              3.0 |   4177.72412109375 | 0.00020276800205465406 |        160072.1875 | 20.0 | 52.0 |
          21.0 |              3.0 |    4140.5419921875 |     0.3097440004348755 |        160072.1875 | 20.0 | 55.0 |
          21.0 |              3.0 |  3671.052001953125 |  0.0042169601656496525 |        160072.1875 | 20.0 | 66.0 |
          21.0 |              3.0 |  3671.007080078125 | 0.00015631200221832842 |        160072.1875 | 20.0 | 67.0 |
          21.0 |              3.0 |  3650.577880859375 |     0.2207999974489212 |        160072.1875 | 20.0 | 71.0 |
          21.0 |              3.0 |   3378.31103515625 |  0.0031695999205112457 |        160072.1875 | 20.0 | 78.0 |
          21.0 |              3.0 |  3378.281982421875 | 0.00011748800170607865 |        160072.1875 | 20.0 | 79.0 |
          21.0 |              3.0 |  3365.717041015625 |    0.16180799901485443 |        160072.1875 | 20.0 | 83.0 |
          21.0 |              3.0 |    24712.630859375 |       1.06659996509552 |      165592.546875 | 22.0 | 25.0 |
          21.0 |              3.0 |       24423.203125 |     0.2157759964466095 |      165592.546875 | 22.0 | 26.0 |
          21.0 |              3.0 |   16137.4072265625 |     3.4914000034332275 |      165592.546875 | 22.0 | 27.0 |
          21.0 |              3.0 |     8099.912109375 |   0.014421200379729271 |      165592.546875 | 22.0 | 36.0 |
          21.0 |              3.0 |    8078.5869140625 |  0.0028906799852848053 |      165592.546875 | 22.0 | 37.0 |
          21.0 |              3.0 |     7338.962890625 |   0.010209199972450733 |      165592.546875 | 22.0 | 38.0 |
          21.0 |              3.0 |     5679.740234375 |    0.00336511991918087 |      165592.546875 | 22.0 | 49.0 |
          21.0 |              3.0 |     5672.833984375 |  0.0006729600136168301 |      165592.546875 | 22.0 | 50.0 |
          21.0 |              3.0 |   4725.43505859375 |  0.0015417200047522783 |      165592.546875 | 22.0 | 64.0 |
          21.0 |              3.0 |    4722.1318359375 |  0.0003083200135733932 |      165592.546875 | 22.0 | 65.0 |
          21.0 |              3.0 |    4604.4541015625 |  0.0007277600234374404 |      165592.546875 | 22.0 | 66.0 |
          21.0 |              3.0 |    4153.0810546875 |  0.0041784001514315605 |      165592.546875 | 22.0 | 78.0 |
          21.0 |              3.0 |       24487.453125 |     1.9364399909973145 |      165603.296875 | 23.0 | 26.0 |
          21.0 |              3.0 |    16165.431640625 |    0.24888598918914795 |      165603.296875 | 23.0 | 27.0 |
          21.0 |              3.0 |   8085.60498046875 |   0.025941599160432816 |      165603.296875 | 23.0 | 37.0 |
          21.0 |              3.0 |      7344.75390625 |  0.0007261199643835425 |      165603.296875 | 23.0 | 38.0 |
          21.0 |              3.0 |      5676.29296875 |   0.006067200098186731 |      165603.296875 | 23.0 | 50.0 |
          21.0 |              3.0 |   4724.52880859375 |  0.0027861001435667276 |      165603.296875 | 23.0 | 65.0 |
          21.0 |              3.0 |    4606.6611328125 |  0.0010375200072303414 |      165603.296875 | 23.0 | 67.0 |
          21.0 |              3.0 |   4154.93408203125 |  0.0002958000113721937 |      165603.296875 | 23.0 | 78.0 |
          21.0 |              3.0 |   4154.89111328125 |   0.005929259583353996 |      165603.296875 | 23.0 | 79.0 |
          21.0 |              3.0 |    28721.275390625 |     0.6982399821281433 |      166157.171875 | 24.0 | 25.0 |
          21.0 |              3.0 |       28331.078125 |     1.4157999753952026 |      166157.171875 | 24.0 | 26.0 |
          21.0 |              3.0 |     8464.802734375 | 0.00014125400048214942 |      166157.171875 | 24.0 | 37.0 |
          21.0 |              3.0 |       4855.0078125 | 0.00010690600174712017 |      166157.171875 | 24.0 | 64.0 |
          21.0 |              3.0 |   4851.52197265625 | 0.00021427999308798462 |      166157.171875 | 24.0 | 65.0 |
          21.0 |              3.0 |     17180.18359375 |        2.5764000415802 |      169637.953125 | 25.0 | 33.0 |
          21.0 |              3.0 |   16235.2099609375 |     1.0519599914550781 |      169637.953125 | 25.0 | 35.0 |
          21.0 |              3.0 |     8315.658203125 |    0.07014600187540054 |      169637.953125 | 25.0 | 46.0 |
          21.0 |              3.0 |    8207.3369140625 |   0.010617000050842762 |      169637.953125 | 25.0 | 48.0 |
          21.0 |              3.0 |   6227.05908203125 |    0.03767000138759613 |      169637.953125 | 25.0 | 61.0 |
          21.0 |              3.0 |    6185.7509765625 |   0.006237400230020285 |      169637.953125 | 25.0 | 63.0 |
          21.0 |              3.0 |    5298.7919921875 |   0.020044000819325447 |      169637.953125 | 25.0 | 76.0 |
          21.0 |              3.0 |      17322.8984375 |     0.5105199813842773 |       169685.90625 | 26.0 | 33.0 |
          21.0 |              3.0 |    17303.318359375 |      4.602399826049805 |       169685.90625 | 26.0 | 34.0 |
          21.0 |              3.0 |     16362.59765625 |      2.089279890060425 |       169685.90625 | 26.0 | 35.0 |
          21.0 |              3.0 |     8348.951171875 |   0.013996000401675701 |       169685.90625 | 26.0 | 46.0 |
          21.0 |              3.0 |     8346.087890625 |    0.12589199841022491 |       169685.90625 | 26.0 | 47.0 |
          21.0 |              3.0 |        8239.765625 |    0.02113479934632778 |       169685.90625 | 26.0 | 48.0 |
          21.0 |              3.0 |    6245.7099609375 |   0.007516399957239628 |       169685.90625 | 26.0 | 61.0 |
          21.0 |              3.0 |   6244.63916015625 |    0.06760799884796143 |       169685.90625 | 26.0 | 62.0 |
          21.0 |              3.0 |   6204.15380859375 |   0.012445200234651566 |       169685.90625 | 26.0 | 63.0 |
          21.0 |              3.0 |    5312.2900390625 |   0.003999439999461174 |       169685.90625 | 26.0 | 76.0 |
          21.0 |              3.0 |     5311.748046875 |    0.03597480058670044 |       169685.90625 | 26.0 | 77.0 |
          21.0 |              3.0 |           256500.0 |    0.16143600642681122 |      171787.640625 | 27.0 | 29.0 |
          21.0 |              3.0 |    27245.052734375 |     1.6069200038909912 |      171787.640625 | 27.0 | 33.0 |
          21.0 |              3.0 |    27196.654296875 |    0.11507999897003174 |      171787.640625 | 27.0 | 34.0 |
          21.0 |              3.0 |   13001.0224609375 |    0.29991599917411804 |      171787.640625 | 27.0 | 40.0 |
          21.0 |              3.0 |     10126.34765625 |   0.012764399871230125 |      171787.640625 | 27.0 | 46.0 |
          21.0 |              3.0 |     10122.13671875 |  0.0009099000599235296 |      171787.640625 | 27.0 | 47.0 |
          21.0 |              3.0 |      8044.80078125 |       8.51159954071045 |      171787.640625 | 27.0 | 53.0 |
          21.0 |              3.0 |   7189.76806640625 |   0.006095400080084801 |      171787.640625 | 27.0 | 61.0 |
          21.0 |              3.0 |   7188.34814453125 | 0.00043550998088903725 |      171787.640625 | 27.0 | 62.0 |
          21.0 |              3.0 |      6390.53515625 |    0.12473999708890915 |      171787.640625 | 27.0 | 68.0 |
          21.0 |              3.0 |        5980.171875 |   0.003054899862036109 |      171787.640625 | 27.0 | 76.0 |
          21.0 |              3.0 |   5979.48388671875 | 0.00021827398450113833 |      171787.640625 | 27.0 | 77.0 |
          21.0 |              3.0 |   5563.64794921875 |    0.09161999821662903 |      171787.640625 | 27.0 | 80.0 |
          21.0 |              3.0 |   14206.1318359375 |   0.009225600399076939 |       172177.40625 | 29.0 | 38.0 |
          21.0 |              3.0 |    13637.048828125 |     0.7744640111923218 |       172177.40625 | 29.0 | 44.0 |
          21.0 |              3.0 |    8455.0126953125 |   0.007277760189026594 |       172177.40625 | 29.0 | 51.0 |
          21.0 |              3.0 |    8454.6923828125 | 0.00026915199123322964 |       172177.40625 | 29.0 | 52.0 |
          21.0 |              3.0 |     8303.787109375 |     0.4988879859447479 |       172177.40625 | 29.0 | 55.0 |
          21.0 |              3.0 |    6608.7998046875 |   0.005457600113004446 |       172177.40625 | 29.0 | 66.0 |
          21.0 |              3.0 |   6608.65380859375 | 0.00020230399968568236 |       172177.40625 | 29.0 | 67.0 |
          21.0 |              3.0 |    6542.7431640625 |    0.32284799218177795 |       172177.40625 | 29.0 | 71.0 |
          21.0 |              3.0 |       5716.9921875 |   0.004055120050907135 |       172177.40625 | 29.0 | 78.0 |
          21.0 |              3.0 |      5716.91015625 | 0.00015031200018711388 |       172177.40625 | 29.0 | 79.0 |
          21.0 |              3.0 |   5681.02001953125 |    0.21928000450134277 |       172177.40625 | 29.0 | 83.0 |
          21.0 |              3.0 |   13784.2568359375 |     0.0893310010433197 |        172224.5625 | 31.0 | 40.0 |
          21.0 |              3.0 |   13743.0244140625 |    0.17258000373840332 |        172224.5625 | 31.0 | 42.0 |
          21.0 |              3.0 |    8337.9638671875 |     0.1345899999141693 |        172224.5625 | 31.0 | 53.0 |
          21.0 |              3.0 |        8332.203125 |    0.20844998955726624 |        172224.5625 | 31.0 | 57.0 |
          21.0 |              3.0 |   6574.15087890625 |     0.0635330006480217 |        172224.5625 | 31.0 | 68.0 |
          21.0 |              3.0 |   6560.88818359375 |    0.18408000469207764 |        172224.5625 | 31.0 | 72.0 |
          21.0 |              3.0 |   5702.30712890625 |   0.048865001648664474 |        172224.5625 | 31.0 | 80.0 |
          21.0 |              3.0 |       5695.1171875 |    0.15241000056266785 |        172224.5625 | 31.0 | 84.0 |
          21.0 |              3.0 |      40345.1171875 |   0.012942000292241573 |       175457.03125 | 33.0 | 36.0 |
          21.0 |              3.0 |     39821.54296875 |  0.0026241999585181475 |       175457.03125 | 33.0 | 37.0 |
          21.0 |              3.0 |      26604.9765625 |    0.13708800077438354 |       175457.03125 | 33.0 | 38.0 |
          21.0 |              3.0 |   12921.2470703125 |    0.00395367993041873 |       175457.03125 | 33.0 | 49.0 |
          21.0 |              3.0 |   12885.5576171875 |  0.0007943200180307031 |       175457.03125 | 33.0 | 50.0 |
          21.0 |              3.0 |   11700.3232421875 |    0.07079599797725677 |       175457.03125 | 33.0 | 51.0 |
          21.0 |              3.0 |     8853.650390625 |   0.002371360082179308 |       175457.03125 | 33.0 | 64.0 |
          21.0 |              3.0 |      8842.06640625 | 0.00047532000462524593 |       175457.03125 | 33.0 | 65.0 |
          21.0 |              3.0 |    8438.2509765625 |    0.04731599986553192 |       175457.03125 | 33.0 | 66.0 |
          21.0 |              3.0 |   7036.72216796875 |    0.02113479934632778 |       175457.03125 | 33.0 | 78.0 |
          21.0 |              3.0 |       39925.390625 |     0.0234966017305851 |        175463.5625 | 34.0 | 37.0 |
          21.0 |              3.0 |    26651.291015625 |   0.009750000201165676 |        175463.5625 | 34.0 | 38.0 |
          21.0 |              3.0 |    12896.412109375 |   0.007161600049585104 |        175463.5625 | 34.0 | 50.0 |
          21.0 |              3.0 |    11709.271484375 |    0.00505824014544487 |        175463.5625 | 34.0 | 51.0 |
          21.0 |              3.0 |        11708.65625 |    0.10139400511980057 |        175463.5625 | 34.0 | 52.0 |
          21.0 |              3.0 |    8847.1748046875 |   0.004295340273529291 |        175463.5625 | 34.0 | 65.0 |
          21.0 |              3.0 |    8442.9052734375 |  0.0033806399442255497 |        175463.5625 | 34.0 | 66.0 |
          21.0 |              3.0 |     8442.666015625 |    0.06776399910449982 |        175463.5625 | 34.0 | 67.0 |
          21.0 |              3.0 |    7039.9580078125 |  0.0015135600697249174 |        175463.5625 | 34.0 | 78.0 |
          21.0 |              3.0 |     7039.833984375 |    0.03033899888396263 |        175463.5625 | 34.0 | 79.0 |
          21.0 |              3.0 |      46732.8515625 |    0.01819700002670288 |      175795.734375 | 35.0 | 36.0 |
          21.0 |              3.0 |     46031.80078125 |    0.03698199987411499 |      175795.734375 | 35.0 | 37.0 |
          21.0 |              3.0 |    13512.787109375 |    0.01819700002670288 |      175795.734375 | 35.0 | 49.0 |
          21.0 |              3.0 |    13473.759765625 |   0.036559998989105225 |      175795.734375 | 35.0 | 50.0 |
          21.0 |              3.0 |      9127.43359375 |   0.012218000367283821 |      175795.734375 | 35.0 | 64.0 |
          21.0 |              3.0 |    9115.1220703125 |   0.024490000680088997 |      175795.734375 | 35.0 | 65.0 |
          21.0 |              3.0 |     26836.92578125 |      4.027200222015381 |       177934.96875 | 36.0 | 46.0 |
          21.0 |              3.0 |    25740.537109375 |     1.1481599807739258 |       177934.96875 | 36.0 | 48.0 |
          21.0 |              3.0 |    12887.236328125 |     0.3580999970436096 |       177934.96875 | 36.0 | 61.0 |
          21.0 |              3.0 |   12711.5556640625 |    0.14521199464797974 |       177934.96875 | 36.0 | 63.0 |
          21.0 |              3.0 |        9458.171875 |    0.11091800034046173 |       177934.96875 | 36.0 | 76.0 |
          21.0 |              3.0 |     27073.70703125 |     0.7979999780654907 |      177967.546875 | 37.0 | 46.0 |
          21.0 |              3.0 |     27043.62890625 |      7.194399833679199 |      177967.546875 | 37.0 | 47.0 |
          21.0 |              3.0 |    25958.291015625 |     2.2750799655914307 |      177967.546875 | 37.0 | 48.0 |
          21.0 |              3.0 |    12941.587890625 |    0.07144799828529358 |      177967.546875 | 37.0 | 61.0 |
          21.0 |              3.0 |   12936.9912109375 |     0.6426799893379211 |      177967.546875 | 37.0 | 62.0 |
          21.0 |              3.0 |     12764.43359375 |     0.2890680134296417 |      177967.546875 | 37.0 | 63.0 |
          21.0 |              3.0 |    9487.4150390625 |    0.02208000048995018 |      177967.546875 | 37.0 | 76.0 |
          21.0 |              3.0 |    9485.6845703125 |    0.19906799495220184 |      177967.546875 | 37.0 | 77.0 |
          21.0 |              3.0 |           380800.0 |       1.10916006565094 |      179214.703125 | 38.0 | 40.0 |
          21.0 |              3.0 |       40880.921875 |      3.854759931564331 |      179214.703125 | 38.0 | 46.0 |
          21.0 |              3.0 |     40812.37890625 |    0.27605998516082764 |      179214.703125 | 38.0 | 47.0 |
          21.0 |              3.0 |     19994.90234375 |    0.08146800100803375 |      179214.703125 | 38.0 | 53.0 |
          21.0 |              3.0 |      15433.2109375 |    0.20653800666332245 |      179214.703125 | 38.0 | 61.0 |
          21.0 |              3.0 |    15426.673828125 |   0.014756999909877777 |      179214.703125 | 38.0 | 62.0 |
          21.0 |              3.0 |   12166.9208984375 |     1.4222999811172485 |      179214.703125 | 38.0 | 68.0 |
          21.0 |              3.0 |   10761.0400390625 |    0.05929259955883026 |      179214.703125 | 38.0 | 76.0 |
          21.0 |              3.0 |    10758.814453125 |   0.004236419685184956 |      179214.703125 | 38.0 | 77.0 |
          21.0 |              3.0 |    9483.4736328125 |     0.6053400039672852 |      179214.703125 | 38.0 | 80.0 |
          21.0 |              3.0 |     22097.20703125 |     0.4753359854221344 |      179477.234375 | 40.0 | 51.0 |
          21.0 |              3.0 |    22095.013671875 |   0.017579199746251106 |      179477.234375 | 40.0 | 52.0 |
          21.0 |              3.0 |    21093.251953125 |     10.764800071716309 |      179477.234375 | 40.0 | 55.0 |
          21.0 |              3.0 |   12772.2529296875 |    0.08749599754810333 |      179477.234375 | 40.0 | 66.0 |
          21.0 |              3.0 |   12771.7060546875 |   0.003235920099541545 |      179477.234375 | 40.0 | 67.0 |
          21.0 |              3.0 |   12527.8076171875 |     2.3173599243164062 |      179477.234375 | 40.0 | 71.0 |
          21.0 |              3.0 |     9813.708984375 |   0.031622398644685745 |      179477.234375 | 40.0 | 78.0 |
          21.0 |              3.0 |     9813.466796875 |  0.0011695199646055698 |      179477.234375 | 40.0 | 79.0 |
          21.0 |              3.0 |    9708.1884765625 |      0.895359992980957 |      179477.234375 | 40.0 | 83.0 |
          21.0 |              3.0 |    21190.541015625 |    0.06668040156364441 |           179499.0 | 42.0 | 55.0 |
          21.0 |              3.0 |    21160.037109375 |     28.054798126220703 |           179499.0 | 42.0 | 60.0 |
          21.0 |              3.0 |   12562.0615234375 | 0.00013365600898396224 |           179499.0 | 42.0 | 70.0 |
          21.0 |              3.0 |   12554.1728515625 |      2.747879981994629 |           179499.0 | 42.0 | 75.0 |
          21.0 |              3.0 |      9728.74609375 |  0.0025292399805039167 |           179499.0 | 42.0 | 83.0 |
          21.0 |              3.0 |     9724.958984375 |     0.7063199877738953 |           179499.0 | 42.0 | 86.0 |
          21.0 |              3.0 |    21242.587890625 |    0.22336000204086304 |         179508.375 | 44.0 | 53.0 |
          21.0 |              3.0 |       21205.234375 |      17.94700050354004 |         179508.375 | 44.0 | 57.0 |
          21.0 |              3.0 |   12617.8896484375 |    0.03040900081396103 |         179508.375 | 44.0 | 68.0 |
          21.0 |              3.0 |     12569.12109375 |     2.9785001277923584 |         179508.375 | 44.0 | 72.0 |
          21.0 |              3.0 |        9755.234375 |   0.009931200183928013 |         179508.375 | 44.0 | 80.0 |
          21.0 |              3.0 |       9734.2109375 |      0.988550066947937 |         179508.375 | 44.0 | 84.0 |
          21.0 |              3.0 |       65173.703125 |      3.104559898376465 |       181660.15625 | 46.0 | 49.0 |
          21.0 |              3.0 |     64275.77734375 |     0.6295199990272522 |       181660.15625 | 46.0 | 50.0 |
          21.0 |              3.0 |      42699.6328125 |      9.397199630737305 |       181660.15625 | 46.0 | 51.0 |
          21.0 |              3.0 |    19646.623046875 |      0.063680000603199 |       181660.15625 | 46.0 | 64.0 |
          21.0 |              3.0 |    19589.669921875 |    0.01279400009661913 |       181660.15625 | 46.0 | 65.0 |
          21.0 |              3.0 |    17711.810546875 |     0.2805440127849579 |       181660.15625 | 46.0 | 66.0 |
          21.0 |              3.0 |   12490.1611328125 |    0.06223199889063835 |       181660.15625 | 46.0 | 78.0 |
          21.0 |              3.0 |     64445.94921875 |      5.649359703063965 |      181664.265625 | 47.0 | 50.0 |
          21.0 |              3.0 |     42774.66796875 |     0.6699000000953674 |      181664.265625 | 47.0 | 51.0 |
          21.0 |              3.0 |     42766.44921875 |      13.39680004119873 |      181664.265625 | 47.0 | 52.0 |
          21.0 |              3.0 |    19605.447265625 |    0.11481600254774094 |      181664.265625 | 47.0 | 65.0 |
          21.0 |              3.0 |     17724.70703125 |   0.020044799894094467 |      181664.265625 | 47.0 | 66.0 |
          21.0 |              3.0 |    17723.654296875 |     0.4008660316467285 |      181664.265625 | 47.0 | 67.0 |
          21.0 |              3.0 |   12496.5732421875 |  0.0044259000569581985 |      181664.265625 | 47.0 | 78.0 |
          21.0 |              3.0 |   12496.1806640625 |    0.08871600031852722 |      181664.265625 | 47.0 | 79.0 |
          21.0 |              3.0 |       72693.015625 |     1.9543399810791016 |      181818.828125 | 48.0 | 49.0 |
          21.0 |              3.0 |        71577.71875 |     3.9719998836517334 |      181818.828125 | 48.0 | 50.0 |
          21.0 |              3.0 |     20278.95703125 |  0.0001380379981128499 |      181818.828125 | 48.0 | 64.0 |
          21.0 |              3.0 |     20218.28515625 | 0.00027926001348532736 |      181818.828125 | 48.0 | 65.0 |
          21.0 |              3.0 |     40015.37890625 |      4.581399917602539 |      183194.109375 | 49.0 | 61.0 |
          21.0 |              3.0 |     38368.85546875 |     1.3583199977874756 |      183194.109375 | 49.0 | 63.0 |
          21.0 |              3.0 |    18824.302734375 |    0.44359999895095825 |      183194.109375 | 49.0 | 76.0 |
          21.0 |              3.0 |     40361.56640625 |     0.9078400135040283 |       183215.53125 | 50.0 | 61.0 |
          21.0 |              3.0 |     40316.88671875 |      8.184800148010254 |       183215.53125 | 50.0 | 62.0 |
          21.0 |              3.0 |     38687.02734375 |     2.6977200508117676 |       183215.53125 | 50.0 | 63.0 |
          21.0 |              3.0 |    18900.564453125 |    0.08830799907445908 |       183215.53125 | 50.0 | 76.0 |
          21.0 |              3.0 |     18893.69921875 |     0.7943199872970581 |       183215.53125 | 50.0 | 77.0 |
          21.0 |              3.0 |           469000.0 |    0.00104951998218894 |       184001.46875 | 51.0 | 53.0 |
          21.0 |              3.0 |     59120.51953125 |       5.08158016204834 |       184001.46875 | 51.0 | 61.0 |
          21.0 |              3.0 |     59024.70703125 |     0.3630779981613159 |       184001.46875 | 51.0 | 62.0 |
          21.0 |              3.0 |    29146.619140625 |      5.128620147705078 |       184001.46875 | 51.0 | 68.0 |
          21.0 |              3.0 |    22199.025390625 |     0.2903999984264374 |       184001.46875 | 51.0 | 76.0 |
          21.0 |              3.0 |    22189.556640625 |   0.020749200135469437 |       184001.46875 | 51.0 | 77.0 |
          21.0 |              3.0 |     17371.44140625 |      1.386780023574829 |       184001.46875 | 51.0 | 80.0 |
          21.0 |              3.0 |           470000.0 |  0.0013583200052380562 |       184001.90625 | 52.0 | 54.0 |
          21.0 |              3.0 |       59040.359375 |      7.261040210723877 |       184001.90625 | 52.0 | 62.0 |
          21.0 |              3.0 |    29150.435546875 |    0.19010399281978607 |       184001.90625 | 52.0 | 68.0 |
          21.0 |              3.0 |    22191.767578125 |    0.41495200991630554 |       184001.90625 | 52.0 | 77.0 |
          21.0 |              3.0 |       17372.796875 |    0.05140399932861328 |       184001.90625 | 52.0 | 80.0 |
          21.0 |              3.0 |     32354.04296875 |   0.007362079806625843 |      184214.609375 | 53.0 | 66.0 |
          21.0 |              3.0 |     32350.53515625 | 0.00027289599529467523 |      184214.609375 | 53.0 | 67.0 |
          21.0 |              3.0 |    30830.193359375 |    0.06950239837169647 |      184214.609375 | 53.0 | 71.0 |
          21.0 |              3.0 |     18344.74609375 |   0.007498960010707378 |      184214.609375 | 53.0 | 78.0 |
          21.0 |              3.0 |    18343.900390625 |  0.0002779680071398616 |      184214.609375 | 53.0 | 79.0 |
          21.0 |              3.0 |    17979.443359375 |    0.07655999809503555 |      184214.609375 | 53.0 | 83.0 |
          21.0 |              3.0 |       31099.015625 |      0.347540020942688 |      184216.796875 | 55.0 | 68.0 |
          21.0 |              3.0 |    30804.431640625 |     16.788000106811523 |      184216.796875 | 55.0 | 72.0 |
          21.0 |              3.0 |      18046.6953125 |    0.05888400226831436 |      184216.796875 | 55.0 | 80.0 |
          21.0 |              3.0 |     17974.87890625 |     3.3265998363494873 |      184216.796875 | 55.0 | 84.0 |
          21.0 |              3.0 |     30909.21484375 |  0.0028249199967831373 |       184222.90625 | 57.0 | 70.0 |
          21.0 |              3.0 |     30861.49609375 |     25.468799591064453 |       184222.90625 | 57.0 | 75.0 |
          21.0 |              3.0 |      18006.2890625 | 0.00041305198101326823 |       184222.90625 | 57.0 | 82.0 |
          21.0 |              3.0 |    17993.322265625 |      3.908400058746338 |       184222.90625 | 57.0 | 86.0 |
          21.0 |              3.0 |    30869.119140625 |    0.07798240333795547 |       184223.59375 | 59.0 | 73.0 |
          21.0 |              3.0 |     17996.88671875 |    0.00928959995508194 |       184223.59375 | 59.0 | 85.0 |
          21.0 |              3.0 |      94649.3828125 |      3.647520065307617 |       185692.46875 | 61.0 | 64.0 |
          21.0 |              3.0 |      93342.0078125 |     0.7396000027656555 |       185692.46875 | 61.0 | 65.0 |
          21.0 |              3.0 |     62013.67578125 |     10.471199989318848 |       185692.46875 | 61.0 | 66.0 |
          21.0 |              3.0 |    25170.564453125 |     0.3962799906730652 |       185692.46875 | 61.0 | 78.0 |
          21.0 |              3.0 |      93581.8515625 |      6.637199878692627 |      185695.203125 | 62.0 | 65.0 |
          21.0 |              3.0 |     62119.44921875 |     0.7464600205421448 |      185695.203125 | 62.0 | 66.0 |
          21.0 |              3.0 |     62106.51953125 |     14.927999496459961 |      185695.203125 | 62.0 | 67.0 |
          21.0 |              3.0 |     25187.97265625 |   0.028248600661754608 |      185695.203125 | 62.0 | 78.0 |
          21.0 |              3.0 |     25186.37890625 |     0.5662380456924438 |      185695.203125 | 62.0 | 79.0 |
          21.0 |              3.0 |           105300.0 |     2.2079999446868896 |      185799.671875 | 63.0 | 64.0 |
          21.0 |              3.0 |           103700.0 |      4.487400054931641 |      185799.671875 | 63.0 | 65.0 |
          21.0 |              3.0 |     56924.59765625 |      5.058199882507324 |      186748.703125 | 64.0 | 76.0 |
          21.0 |              3.0 |         57408.1875 |     1.0023200511932373 |           186763.5 | 65.0 | 76.0 |
          21.0 |              3.0 |      57344.8984375 |      9.036399841308594 |           186763.5 | 65.0 | 77.0 |
          21.0 |              3.0 |           787900.0 |     1.7619600296020508 |      187304.578125 | 66.0 | 68.0 |
          21.0 |              3.0 |        83285.21875 |      6.109200477600098 |      187304.578125 | 66.0 | 76.0 |
          21.0 |              3.0 |       83152.078125 |    0.43651798367500305 |      187304.578125 | 66.0 | 77.0 |
          21.0 |              3.0 |     40773.64453125 |     4.9888200759887695 |      187304.578125 | 66.0 | 80.0 |
          21.0 |              3.0 |           790000.0 |    0.06501279771327972 |       187304.90625 | 67.0 | 68.0 |
          21.0 |              3.0 |           83175.25 |      8.729599952697754 |       187304.90625 | 67.0 | 77.0 |
          21.0 |              3.0 |        40779.21875 |    0.18492799997329712 |       187304.90625 | 67.0 | 80.0 |
          21.0 |              3.0 |     44774.28515625 |     0.9204800128936768 |      187431.453125 | 68.0 | 78.0 |
          21.0 |              3.0 |     44769.25390625 |    0.03404080122709274 |      187431.453125 | 68.0 | 79.0 |
          21.0 |              3.0 |     42658.83984375 |     10.069600105285645 |      187431.453125 | 68.0 | 83.0 |
          21.0 |              3.0 |     43482.13671875 |     0.6546359658241272 |      187457.296875 | 70.0 | 81.0 |
          21.0 |              3.0 |       43067.546875 |    0.24660000205039978 |      187457.296875 | 70.0 | 84.0 |
          21.0 |              3.0 |      43225.8671875 |   0.005260199774056673 |      187462.203125 | 72.0 | 82.0 |
          21.0 |              3.0 |        43151.21875 |     23.823598861694336 |      187462.203125 | 72.0 | 86.0 |
          21.0 |              3.0 |        43160.53125 |    0.21777600049972534 |      187462.296875 | 74.0 | 85.0 |
          21.0 |              3.0 |         86232.6875 |     11.748800277709961 |        188504.9375 | 76.0 | 78.0 |
          21.0 |              3.0 |      86375.8828125 |     0.8375399708747864 |      188506.859375 | 77.0 | 78.0 |
          21.0 |              3.0 |        86357.15625 |      16.74959945678711 |      188506.859375 | 77.0 | 79.0 |
%CMFGEN