 Atomic Number | Ionization State |  Wavelength (Ang.) |               g_i*f_ik |      E_i(cm^-1) |     i |     j |
           7.0 |              1.0 |       5200.2578125 | 1.7694400361156076e-13 |             0.0 |   1.0 |   2.0 |
           7.0 |              1.0 |   5197.90087890625 |  4.912000168590114e-13 |             0.0 |   1.0 |   3.0 |
           7.0 |              1.0 |      3466.54296875 |  9.769999913256111e-12 |             0.0 |   1.0 |   4.0 |
           7.0 |              1.0 |    3466.4970703125 |  4.744400011746919e-11 |             0.0 |   1.0 |   5.0 |
           7.0 |              1.0 |    1200.7099609375 |     0.2199999988079071 |             0.0 |   1.0 |   6.0 |
           7.0 |              1.0 | 1200.2230224609375 |     0.4399999976158142 |             0.0 |   1.0 |   7.0 |
           7.0 |              1.0 |  1199.550048828125 |     0.6600000262260437 |             0.0 |   1.0 |   8.0 |
           7.0 |              1.0 |   1134.98095703125 |    0.01543319970369339 |             0.0 |   1.0 |  11.0 |
           7.0 |              1.0 |    1134.4150390625 |   0.030866799876093864 |             0.0 |   1.0 |  12.0 |
           7.0 |              1.0 |     1134.166015625 |   0.046300001442432404 |             0.0 |   1.0 |  13.0 |
           7.0 |              1.0 |  965.0460205078125 |    0.02108680084347725 |             0.0 |   1.0 |  29.0 |
           7.0 |              1.0 |     964.6259765625 |    0.04217199981212616 |             0.0 |   1.0 |  30.0 |
           7.0 |              1.0 |  963.9910278320312 |    0.06325999647378922 |             0.0 |   1.0 |  31.0 |
           7.0 |              1.0 |   953.969970703125 |    0.14059999585151672 |             0.0 |   1.0 |  41.0 |
           7.0 |              1.0 |  953.6610107421875 |    0.09373199939727783 |             0.0 |   1.0 |  42.0 |
           7.0 |              1.0 |  953.4149780273438 |    0.04686800017952919 |             0.0 |   1.0 |  44.0 |
           7.0 |              1.0 |  910.0490112304688 |    0.05400000140070915 |             0.0 |   1.0 |  64.0 |
           7.0 |              1.0 |  906.4879760742188 |    0.13492000102996826 |             0.0 |   1.0 |  68.0 |
           7.0 |              1.0 |  887.7990112304688 |    0.02659199945628643 |             0.0 |   1.0 |  87.0 |
           7.0 |              1.0 |  886.2369995117188 |    0.07264000177383423 |             0.0 |   1.0 |  91.0 |
           7.0 |              1.0 |   10398.1513671875 |  1.119059955811963e-09 |   19224.4609375 |   2.0 |   4.0 |
           7.0 |              1.0 |    10397.728515625 |  3.982919771772231e-09 |   19224.4609375 |   2.0 |   5.0 |
           7.0 |              1.0 |           1492.625 |    0.42347997426986694 |   19224.4609375 |   2.0 |  10.0 |
           7.0 |              1.0 |  1243.178955078125 |    0.43456196784973145 |   19224.4609375 |   2.0 |  27.0 |
           7.0 |              1.0 | 1243.1710205078125 |   0.031039800494909286 |   19224.4609375 |   2.0 |  28.0 |
           7.0 |              1.0 |  1176.510009765625 |    0.07493999600410461 |   19224.4609375 |   2.0 |  33.0 |
           7.0 |              1.0 |     1171.083984375 |   0.002291399985551834 |   19224.4609375 |   2.0 |  34.0 |
           7.0 |              1.0 |    1168.4169921875 |   0.009611399844288826 |   19224.4609375 |   2.0 |  40.0 |
           7.0 |              1.0 |  1167.448974609375 |    0.19222798943519592 |   19224.4609375 |   2.0 |  43.0 |
           7.0 |              1.0 |      1164.20703125 |   0.002745599951595068 |   19224.4609375 |   2.0 |  49.0 |
           7.0 |              1.0 |  1163.884033203125 |    0.03843839839100838 |   19224.4609375 |   2.0 |  50.0 |
           7.0 |              1.0 |  1100.634033203125 |    0.02603999897837639 |   19224.4609375 |   2.0 |  65.0 |
           7.0 |              1.0 |   1098.85302734375 |  0.0024858000688254833 |   19224.4609375 |   2.0 |  66.0 |
           7.0 |              1.0 | 1097.6300048828125 |    0.09605999290943146 |   19224.4609375 |   2.0 |  69.0 |
           7.0 |              1.0 |  1096.052001953125 |   0.014952000230550766 |   19224.4609375 |   2.0 |  75.0 |
           7.0 |              1.0 | 1069.5469970703125 |   0.012078000232577324 |   19224.4609375 |   2.0 |  88.0 |
           7.0 |              1.0 | 1068.6190185546875 |   0.001729800133034587 |   19224.4609375 |   2.0 |  89.0 |
           7.0 |              1.0 |    1067.9990234375 |    0.05046599730849266 |   19224.4609375 |   2.0 |  93.0 |
           7.0 |              1.0 |    1067.0810546875 |   0.007284000515937805 |   19224.4609375 |   2.0 | 102.0 |
           7.0 |              1.0 |     10407.58984375 | 1.7189999423905533e-09 |   19233.1796875 |   3.0 |   4.0 |
           7.0 |              1.0 |     10407.16796875 | 1.7936401253138001e-09 |   19233.1796875 |   3.0 |   5.0 |
           7.0 |              1.0 |  1494.719970703125 |    0.23526600003242493 |   19233.1796875 |   3.0 |   9.0 |
           7.0 |              1.0 | 1492.8199462890625 |   0.047053199261426926 |   19233.1796875 |   3.0 |  10.0 |
           7.0 |              1.0 |   1243.31298828125 |   0.031039800494909286 |   19233.1796875 |   3.0 |  27.0 |
           7.0 |              1.0 | 1243.3060302734375 |    0.27935999631881714 |   19233.1796875 |   3.0 |  28.0 |
           7.0 |              1.0 | 1177.6949462890625 |   0.041633397340774536 |   19233.1796875 |   3.0 |  32.0 |
           7.0 |              1.0 | 1176.6309814453125 |   0.008326799608767033 |   19233.1796875 |   3.0 |  33.0 |
           7.0 |              1.0 | 1171.2030029296875 |  0.0002545979805290699 |   19233.1796875 |   3.0 |  34.0 |
           7.0 |              1.0 |  1170.675048828125 |  0.0012730199377983809 |   19233.1796875 |   3.0 |  35.0 |
           7.0 |              1.0 | 1168.5360107421875 |    0.13456200063228607 |   19233.1796875 |   3.0 |  40.0 |
           7.0 |              1.0 |  1164.324951171875 |    0.02471040189266205 |   19233.1796875 |   3.0 |  49.0 |
           7.0 |              1.0 |     1164.001953125 |   0.002745599951595068 |   19233.1796875 |   3.0 |  50.0 |
           7.0 |              1.0 |  1100.739990234375 |    0.02603999897837639 |   19233.1796875 |   3.0 |  65.0 |
           7.0 |              1.0 |    1098.9580078125 |  0.0024858000688254833 |   19233.1796875 |   3.0 |  66.0 |
           7.0 |              1.0 | 1097.7349853515625 |    0.09605999290943146 |   19233.1796875 |   3.0 |  69.0 |
           7.0 |              1.0 |  1096.156982421875 |   0.014952000230550766 |   19233.1796875 |   3.0 |  75.0 |
           7.0 |              1.0 |   1069.64697265625 |   0.012078000232577324 |   19233.1796875 |   3.0 |  88.0 |
           7.0 |              1.0 |  1068.718017578125 |   0.001729800133034587 |   19233.1796875 |   3.0 |  89.0 |
           7.0 |              1.0 | 1068.0980224609375 |    0.05046599730849266 |   19233.1796875 |   3.0 |  93.0 |
           7.0 |              1.0 | 1067.1810302734375 |   0.007284000515937805 |   19233.1796875 |   3.0 | 102.0 |
           7.0 |              1.0 | 1745.3089599609375 |    0.08179999887943268 | 28838.919921875 |   4.0 |   9.0 |
           7.0 |              1.0 |  1742.718994140625 |    0.04089999943971634 | 28838.919921875 |   4.0 |  10.0 |
           7.0 |              1.0 | 1411.9310302734375 |   0.042660001665353775 | 28838.919921875 |   4.0 |  28.0 |
           7.0 |              1.0 |      1327.91796875 |   0.003817399963736534 | 28838.919921875 |   4.0 |  32.0 |
           7.0 |              1.0 |   1326.56494140625 |  0.0019086600514128804 | 28838.919921875 |   4.0 |  33.0 |
           7.0 |              1.0 | 1319.6700439453125 |   0.013313399627804756 | 28838.919921875 |   4.0 |  34.0 |
           7.0 |              1.0 |    1318.9990234375 |   0.026626000180840492 | 28838.919921875 |   4.0 |  35.0 |
           7.0 |              1.0 | 1310.9439697265625 |    0.07096000015735626 | 28838.919921875 |   4.0 |  49.0 |
           7.0 |              1.0 |  1230.886962890625 |  0.0006120000034570694 | 28838.919921875 |   4.0 |  65.0 |
           7.0 |              1.0 | 1228.6590576171875 |    0.01810400001704693 | 28838.919921875 |   4.0 |  66.0 |
           7.0 |              1.0 | 1225.1590576171875 |   0.032600000500679016 | 28838.919921875 |   4.0 |  75.0 |
           7.0 |              1.0 | 1190.9820556640625 |   0.009184000082314014 | 28838.919921875 |   4.0 |  89.0 |
           7.0 |              1.0 |  1189.072998046875 |   0.017284000292420387 | 28838.919921875 |   4.0 | 102.0 |
           7.0 |              1.0 |  1745.321044921875 |    0.04089999943971634 | 28839.310546875 |   5.0 |   9.0 |
           7.0 |              1.0 |   1742.73095703125 |     0.2045000046491623 | 28839.310546875 |   5.0 |  10.0 |
           7.0 |              1.0 |  1411.947998046875 |    0.07678800076246262 | 28839.310546875 |   5.0 |  27.0 |
           7.0 |              1.0 |   1411.93896484375 |    0.00853199977427721 | 28839.310546875 |   5.0 |  28.0 |
           7.0 |              1.0 |  1327.925048828125 |  0.0019086799584329128 | 28839.310546875 |   5.0 |  32.0 |
           7.0 |              1.0 |  1326.572021484375 |   0.009543200023472309 | 28839.310546875 |   5.0 |  33.0 |
           7.0 |              1.0 |  1319.677001953125 |    0.06656800210475922 | 28839.310546875 |   5.0 |  34.0 |
           7.0 |              1.0 | 1319.0059814453125 |   0.013313200324773788 | 28839.310546875 |   5.0 |  35.0 |
           7.0 |              1.0 |  1310.949951171875 |   0.014192000031471252 | 28839.310546875 |   5.0 |  49.0 |
           7.0 |              1.0 |     1310.541015625 |    0.12772800028324127 | 28839.310546875 |   5.0 |  50.0 |
           7.0 |              1.0 | 1230.8929443359375 |  0.0012240000069141388 | 28839.310546875 |   5.0 |  65.0 |
           7.0 |              1.0 |    1228.6650390625 |    0.03620800003409386 | 28839.310546875 |   5.0 |  66.0 |
           7.0 |              1.0 |    1225.1650390625 |    0.06520000100135803 | 28839.310546875 |   5.0 |  75.0 |
           7.0 |              1.0 |  1190.988037109375 |    0.01836800016462803 | 28839.310546875 |   5.0 |  89.0 |
           7.0 |              1.0 | 1189.0789794921875 |   0.034568000584840775 | 28839.310546875 |   5.0 | 102.0 |
           7.0 |              1.0 |    8703.2685546875 |      0.352400004863739 |   83284.0703125 |   6.0 |  15.0 |
           7.0 |              1.0 |        8686.171875 |      0.352400004863739 |   83284.0703125 |   6.0 |  16.0 |
           7.0 |              1.0 |     8200.376953125 |    0.08176600188016891 |   83284.0703125 |   6.0 |  19.0 |
           7.0 |              1.0 |    8188.0322265625 |    0.40884000062942505 |   83284.0703125 |   6.0 |  20.0 |
           7.0 |              1.0 |    7423.6337890625 |    0.13356000185012817 |   83284.0703125 |   6.0 |  22.0 |
           7.0 |              1.0 |    4258.7138671875 |  0.0007248999900184572 |   83284.0703125 |   6.0 |  52.0 |
           7.0 |              1.0 |    4255.1591796875 |  0.0007248999900184572 |   83284.0703125 |   6.0 |  53.0 |
           7.0 |              1.0 |   4218.85986328125 |  0.0009030000073835254 |   83284.0703125 |   6.0 |  56.0 |
           7.0 |              1.0 |    4216.0927734375 |   0.004515000153332949 |   83284.0703125 |   6.0 |  57.0 |
           7.0 |              1.0 |   4137.63720703125 |  0.0021559998858720064 |   83284.0703125 |   6.0 |  61.0 |
           7.0 |              1.0 |    3686.9580078125 | 0.00028639999800361693 |   83284.0703125 |   6.0 |  71.0 |
           7.0 |              1.0 |  3567.883056640625 |  0.0007186000002548099 |   83284.0703125 |   6.0 |  83.0 |
           7.0 |              1.0 |  3542.910888671875 |  0.0002175999979954213 |   83284.0703125 |   6.0 |  84.0 |
           7.0 |              1.0 |     8728.923828125 |    0.07047999650239944 |    83317.828125 |   7.0 |  15.0 |
           7.0 |              1.0 |    8711.7255859375 |    0.45107999444007874 |    83317.828125 |   7.0 |  16.0 |
           7.0 |              1.0 |      8683.42578125 |     0.8880400061607361 |    83317.828125 |   7.0 |  17.0 |
           7.0 |              1.0 |    8223.1494140625 |    0.40884000062942505 |    83317.828125 |   7.0 |  19.0 |
           7.0 |              1.0 |    8210.7353515625 |    0.13082799315452576 |    83317.828125 |   7.0 |  20.0 |
           7.0 |              1.0 |     8184.880859375 |    0.44152000546455383 |    83317.828125 |   7.0 |  21.0 |
           7.0 |              1.0 |     7442.291015625 |    0.26712000370025635 |    83317.828125 |   7.0 |  22.0 |
           7.0 |              1.0 |   4264.84716796875 | 0.00014498000382445753 |    83317.828125 |   7.0 |  52.0 |
           7.0 |              1.0 |    4261.2822265625 |  0.0009278799989260733 |    83317.828125 |   7.0 |  53.0 |
           7.0 |              1.0 |   4254.73193359375 |  0.0018267600098624825 |    83317.828125 |   7.0 |  54.0 |
           7.0 |              1.0 |      4224.87890625 |   0.004515199922025204 |    83317.828125 |   7.0 |  56.0 |
           7.0 |              1.0 |   4222.10498046875 |  0.0014447999419644475 |    83317.828125 |   7.0 |  57.0 |
           7.0 |              1.0 |     4214.798828125 |   0.004876399878412485 |    83317.828125 |   7.0 |  58.0 |
           7.0 |              1.0 |    4143.4267578125 |   0.004311999771744013 |    83317.828125 |   7.0 |  61.0 |
           7.0 |              1.0 |  3691.553955078125 |  0.0005727999960072339 |    83317.828125 |   7.0 |  71.0 |
           7.0 |              1.0 |   3572.18701171875 |  0.0014372000005096197 |    83317.828125 |   7.0 |  83.0 |
           7.0 |              1.0 |  3547.155029296875 |  0.0004351999959908426 |    83317.828125 |   7.0 |  84.0 |
           7.0 |              1.0 |    8747.3916015625 |   0.042288001626729965 |   83364.6171875 |   8.0 |  16.0 |
           7.0 |              1.0 |    8718.8603515625 |     0.3805919885635376 |   83364.6171875 |   8.0 |  17.0 |
           7.0 |              1.0 |    8680.3037109375 |     1.6915199756622314 |   83364.6171875 |   8.0 |  18.0 |
           7.0 |              1.0 |      8242.41015625 |      0.441540002822876 |   83364.6171875 |   8.0 |  20.0 |
           7.0 |              1.0 |    8216.3564453125 |     1.0302599668502808 |   83364.6171875 |   8.0 |  21.0 |
           7.0 |              1.0 |   7468.30517578125 |     0.4006800055503845 |   83364.6171875 |   8.0 |  22.0 |
           7.0 |              1.0 |    4269.7978515625 |  8.698800229467452e-05 |   83364.6171875 |   8.0 |  53.0 |
           7.0 |              1.0 |   4263.22119140625 |   0.000782880000770092 |   83364.6171875 |   8.0 |  54.0 |
           7.0 |              1.0 |   4253.39404296875 |  0.0034795200917869806 |   83364.6171875 |   8.0 |  55.0 |
           7.0 |              1.0 |      4230.46484375 |    0.00487620010972023 |   83364.6171875 |   8.0 |  57.0 |
           7.0 |              1.0 |    4223.1298828125 |    0.01137780025601387 |   83364.6171875 |   8.0 |  58.0 |
           7.0 |              1.0 |   4151.47802734375 |   0.006467999890446663 |   83364.6171875 |   8.0 |  61.0 |
           7.0 |              1.0 |  3697.943115234375 |  0.0008592000231146812 |   83364.6171875 |   8.0 |  71.0 |
           7.0 |              1.0 |     3578.169921875 |  0.0021557998843491077 |   83364.6171875 |   8.0 |  83.0 |
           7.0 |              1.0 |  3553.053955078125 |  0.0006527999648824334 |   83364.6171875 |   8.0 |  84.0 |
           7.0 |              1.0 |    13425.974609375 |     0.1711599975824356 |   86135.3515625 |   9.0 |  14.0 |
           7.0 |              1.0 |    9385.0693359375 |     1.1505999565124512 |   86135.3515625 |   9.0 |  23.0 |
           7.0 |              1.0 |    8592.5439453125 |     0.4699999988079071 |   86135.3515625 |   9.0 |  25.0 |
           7.0 |              1.0 |       8566.2890625 |    0.23499999940395355 |   86135.3515625 |   9.0 |  26.0 |
           7.0 |              1.0 |        4914.453125 |   0.005723999813199043 |   86135.3515625 |   9.0 |  51.0 |
           7.0 |              1.0 |    4749.8427734375 |  0.0011940000113099813 |   86135.3515625 |   9.0 |  59.0 |
           7.0 |              1.0 |   4660.02197265625 |   0.006035999860614538 |   86135.3515625 |   9.0 |  62.0 |
           7.0 |              1.0 |   4651.39013671875 |   0.003017999930307269 |   86135.3515625 |   9.0 |  63.0 |
           7.0 |              1.0 |   4124.94384765625 | 0.00020500000391621143 |   86135.3515625 |   9.0 |  70.0 |
           7.0 |              1.0 |     4097.205078125 |    0.01940999925136566 |   86135.3515625 |   9.0 |  78.0 |
           7.0 |              1.0 |   4010.81103515625 |  0.0027199999894946814 |   86135.3515625 |   9.0 |  80.0 |
           7.0 |              1.0 |    3987.2060546875 |  0.0002570000069681555 |   86135.3515625 |   9.0 |  81.0 |
           7.0 |              1.0 |  3882.507080078125 |   0.018675999715924263 |   86135.3515625 |   9.0 |  85.0 |
           7.0 |              1.0 |   3819.22802734375 |   0.011773999780416489 |   86135.3515625 |   9.0 |  86.0 |
           7.0 |              1.0 |   13581.2998046875 |     0.3423199951648712 |   86220.5078125 |  10.0 |  14.0 |
           7.0 |              1.0 |        9460.703125 |     0.2301200032234192 |   86220.5078125 |  10.0 |  23.0 |
           7.0 |              1.0 |       9392.8203125 |      2.071079969406128 |   86220.5078125 |  10.0 |  24.0 |
           7.0 |              1.0 |    8655.9013671875 |    0.23499999940395355 |   86220.5078125 |  10.0 |  25.0 |
           7.0 |              1.0 |       8629.2578125 |     1.1749999523162842 |   86220.5078125 |  10.0 |  26.0 |
           7.0 |              1.0 |   4935.11279296875 |   0.011447999626398087 |   86220.5078125 |  10.0 |  51.0 |
           7.0 |              1.0 |   4769.14013671875 | 0.00023879999935161322 |   86220.5078125 |  10.0 |  59.0 |
           7.0 |              1.0 |   4753.19482421875 |   0.002149200066924095 |   86220.5078125 |  10.0 |  60.0 |
           7.0 |              1.0 |   4678.59423828125 |   0.003017999930307269 |   86220.5078125 |  10.0 |  62.0 |
           7.0 |              1.0 |   4669.89404296875 |    0.01508999988436699 |   86220.5078125 |  10.0 |  63.0 |
           7.0 |              1.0 |   4139.48876953125 | 0.00041000000783242285 |   86220.5078125 |  10.0 |  70.0 |
           7.0 |              1.0 |   4111.55517578125 |    0.03881999850273132 |   86220.5078125 |  10.0 |  78.0 |
           7.0 |              1.0 |   4024.56103515625 |   0.005439999978989363 |   86220.5078125 |  10.0 |  80.0 |
           7.0 |              1.0 |     4000.794921875 |   0.000514000013936311 |   86220.5078125 |  10.0 |  81.0 |
           7.0 |              1.0 |   3895.39111328125 |   0.037351999431848526 |   86220.5078125 |  10.0 |  85.0 |
           7.0 |              1.0 |  3831.695068359375 |   0.023547999560832977 |   86220.5078125 |  10.0 |  86.0 |
           7.0 |              1.0 |      15002.7578125 |    0.16519999504089355 |   88107.2265625 |  11.0 |  15.0 |
           7.0 |              1.0 |    14952.025390625 |    0.16519999504089355 |   88107.2265625 |  11.0 |  16.0 |
           7.0 |              1.0 |     13568.40234375 |     0.0256740003824234 |   88107.2265625 |  11.0 |  19.0 |
           7.0 |              1.0 |    13534.638671875 |    0.12836599349975586 |   88107.2265625 |  11.0 |  20.0 |
           7.0 |              1.0 |    11566.056640625 |     0.1289599984884262 |   88107.2265625 |  11.0 |  22.0 |
           7.0 |              1.0 |       5360.0078125 |  0.0015269999857991934 |   88107.2265625 |  11.0 |  52.0 |
           7.0 |              1.0 |      5354.37890625 |  0.0015269999857991934 |   88107.2265625 |  11.0 |  53.0 |
           7.0 |              1.0 |   5297.03076171875 | 0.00029806001111865044 |   88107.2265625 |  11.0 |  56.0 |
           7.0 |              1.0 |     5292.669921875 |  0.0014903399860486388 |   88107.2265625 |  11.0 |  57.0 |
           7.0 |              1.0 |       5169.6171875 |  0.0026759998872876167 |   88107.2265625 |  11.0 |  61.0 |
           7.0 |              1.0 |     4484.705078125 |  0.0024019998963922262 |   88107.2265625 |  11.0 |  71.0 |
           7.0 |              1.0 |      4326.71484375 |   0.001973399892449379 |   88107.2265625 |  11.0 |  82.0 |
           7.0 |              1.0 |     4309.751953125 |  0.0013510000426322222 |   88107.2265625 |  11.0 |  83.0 |
           7.0 |              1.0 |    4273.3701171875 |  0.0007374000269919634 |   88107.2265625 |  11.0 |  84.0 |
           7.0 |              1.0 |  4035.722900390625 |  0.0014416000340133905 |   88107.2265625 |  11.0 |  94.0 |
           7.0 |              1.0 |    15102.275390625 |    0.03303999826312065 |    88151.140625 |  12.0 |  15.0 |
           7.0 |              1.0 |   15050.8681640625 |    0.21145600080490112 |    88151.140625 |  12.0 |  16.0 |
           7.0 |              1.0 |   14966.5966796875 |    0.41631999611854553 |    88151.140625 |  12.0 |  17.0 |
           7.0 |              1.0 |    13649.748046875 |    0.12836800515651703 |    88151.140625 |  12.0 |  19.0 |
           7.0 |              1.0 |   13615.5791015625 |    0.04107600077986717 |    88151.140625 |  12.0 |  20.0 |
           7.0 |              1.0 |      13544.6328125 |    0.13863599300384521 |    88151.140625 |  12.0 |  21.0 |
           7.0 |              1.0 |     11625.11328125 |     0.2579199969768524 |    88151.140625 |  12.0 |  22.0 |
           7.0 |              1.0 |    5372.6572265625 |  0.0003053999971598387 |    88151.140625 |  12.0 |  52.0 |
           7.0 |              1.0 |    5367.0009765625 |   0.001954559935256839 |    88151.140625 |  12.0 |  53.0 |
           7.0 |              1.0 |   5356.61376953125 |   0.003848040010780096 |    88151.140625 |  12.0 |  54.0 |
           7.0 |              1.0 |       5309.3828125 |  0.0014903199626132846 |    88151.140625 |  12.0 |  56.0 |
           7.0 |              1.0 |     5305.001953125 | 0.00047691998770460486 |    88151.140625 |  12.0 |  57.0 |
           7.0 |              1.0 |   5293.47412109375 |  0.0016095599858090281 |    88151.140625 |  12.0 |  58.0 |
           7.0 |              1.0 |    5181.3818359375 |  0.0053519997745752335 |    88151.140625 |  12.0 |  61.0 |
           7.0 |              1.0 |   4493.55712890625 |  0.0048039997927844524 |    88151.140625 |  12.0 |  71.0 |
           7.0 |              1.0 |        4334.953125 |   0.003946799784898758 |    88151.140625 |  12.0 |  82.0 |
           7.0 |              1.0 |      4317.92578125 |  0.0027020000852644444 |    88151.140625 |  12.0 |  83.0 |
           7.0 |              1.0 |   4281.40576171875 |  0.0014748000539839268 |    88151.140625 |  12.0 |  84.0 |
           7.0 |              1.0 |  4042.889892578125 |   0.002883200068026781 |    88151.140625 |  12.0 |  94.0 |
           7.0 |              1.0 |    15094.955078125 |    0.01982400007545948 |   88170.5390625 |  13.0 |  16.0 |
           7.0 |              1.0 |     15010.19140625 |    0.17841599881649017 |   88170.5390625 |  13.0 |  17.0 |
           7.0 |              1.0 |    14896.283203125 |     0.7929599285125732 |   88170.5390625 |  13.0 |  18.0 |
           7.0 |              1.0 |   13651.6494140625 |    0.13863599300384521 |   88170.5390625 |  13.0 |  20.0 |
           7.0 |              1.0 |   13580.3271484375 |    0.32348400354385376 |   88170.5390625 |  13.0 |  21.0 |
           7.0 |              1.0 |   11651.3974609375 |    0.38687998056411743 |   88170.5390625 |  13.0 |  22.0 |
           7.0 |              1.0 |   5372.59619140625 | 0.00018323998665437102 |   88170.5390625 |  13.0 |  53.0 |
           7.0 |              1.0 |   5362.18798828125 |   0.001649160054512322 |   88170.5390625 |  13.0 |  54.0 |
           7.0 |              1.0 |   5346.64990234375 |   0.007329599931836128 |   88170.5390625 |  13.0 |  55.0 |
           7.0 |              1.0 |   5310.46923828125 |  0.0016095598693937063 |   88170.5390625 |  13.0 |  57.0 |
           7.0 |              1.0 |    5298.9169921875 |   0.003755639772862196 |   88170.5390625 |  13.0 |  58.0 |
           7.0 |              1.0 |   5186.59716796875 |    0.00802799966186285 |   88170.5390625 |  13.0 |  61.0 |
           7.0 |              1.0 |   4497.47900390625 |   0.007205999456346035 |   88170.5390625 |  13.0 |  71.0 |
           7.0 |              1.0 |   4338.60302734375 |   0.005920199677348137 |   88170.5390625 |  13.0 |  82.0 |
           7.0 |              1.0 |        4321.546875 |    0.00405300036072731 |   88170.5390625 |  13.0 |  83.0 |
           7.0 |              1.0 |    4284.9658203125 |    0.00221220008097589 |   88170.5390625 |  13.0 |  84.0 |
           7.0 |              1.0 |   4046.06396484375 |   0.004324800334870815 |   88170.5390625 |  13.0 |  94.0 |
           7.0 |              1.0 |      9464.20703125 |   0.002150600077584386 |      93581.5625 |  14.0 |  32.0 |
           7.0 |              1.0 |     9395.884765625 |   0.004301399923861027 |      93581.5625 |  14.0 |  33.0 |
           7.0 |              1.0 |     9060.509765625 |     1.3359999656677246 |      93581.5625 |  14.0 |  34.0 |
           7.0 |              1.0 |    9028.9560546875 |     0.6679999828338623 |      93581.5625 |  14.0 |  35.0 |
           7.0 |              1.0 |      6059.08203125 |   0.002328000031411648 |      93581.5625 |  14.0 |  65.0 |
           7.0 |              1.0 |     6005.455078125 |      0.164900004863739 |      93581.5625 |  14.0 |  66.0 |
           7.0 |              1.0 |    5223.0927734375 |  0.0013830000534653664 |      93581.5625 |  14.0 |  88.0 |
           7.0 |              1.0 |   5201.01513671875 |    0.04504000023007393 |      93581.5625 |  14.0 |  89.0 |
           7.0 |              1.0 |   11294.8740234375 |    0.23800000548362732 |   94770.8515625 |  15.0 |  29.0 |
           7.0 |              1.0 |    11237.576171875 |   0.047600001096725464 |   94770.8515625 |  15.0 |  30.0 |
           7.0 |              1.0 |   10105.1318359375 |     1.5829999446868896 |   94770.8515625 |  15.0 |  36.0 |
           7.0 |              1.0 |     9909.833984375 |   0.006326599977910519 |   94770.8515625 |  15.0 |  42.0 |
           7.0 |              1.0 |       9883.3828125 |   0.031633999198675156 |   94770.8515625 |  15.0 |  44.0 |
           7.0 |              1.0 |    9788.2880859375 |    0.13950000703334808 |   94770.8515625 |  15.0 |  45.0 |
           7.0 |              1.0 |    9776.8974609375 |    0.13950000703334808 |   94770.8515625 |  15.0 |  46.0 |
           7.0 |              1.0 |    6614.8291015625 |    0.03418000042438507 |   94770.8515625 |  15.0 |  64.0 |
           7.0 |              1.0 |   6457.56396484375 |    0.08535999804735184 |   94770.8515625 |  15.0 |  67.0 |
           7.0 |              1.0 |    6431.1337890625 |   0.003924000076949596 |   94770.8515625 |  15.0 |  68.0 |
           7.0 |              1.0 |      6396.78515625 |   0.019039999693632126 |   94770.8515625 |  15.0 |  72.0 |
           7.0 |              1.0 |     5595.259765625 |   0.011839999817311764 |   94770.8515625 |  15.0 |  87.0 |
           7.0 |              1.0 |   5542.86376953125 |    0.01816999912261963 |   94770.8515625 |  15.0 |  90.0 |
           7.0 |              1.0 |    5533.7900390625 |  0.0011780000058934093 |   94770.8515625 |  15.0 |  91.0 |
           7.0 |              1.0 |   5511.43701171875 |  0.0045980000868439674 |   94770.8515625 |  15.0 |  96.0 |
           7.0 |              1.0 |     11323.80078125 |    0.23800000548362732 |   94793.4609375 |  16.0 |  29.0 |
           7.0 |              1.0 |    11266.208984375 |      0.304639995098114 |   94793.4609375 |  16.0 |  30.0 |
           7.0 |              1.0 |    11180.130859375 |    0.02855999954044819 |   94793.4609375 |  16.0 |  31.0 |
           7.0 |              1.0 |    10128.279296875 |     0.6331999897956848 |   94793.4609375 |  16.0 |  36.0 |
           7.0 |              1.0 |   10108.8916015625 |     2.5327999591827393 |   94793.4609375 |  16.0 |  37.0 |
           7.0 |              1.0 |    9965.7470703125 |  0.0037960000336170197 |   94793.4609375 |  16.0 |  41.0 |
           7.0 |              1.0 |    9932.0947265625 |    0.04049199819564819 |   94793.4609375 |  16.0 |  42.0 |
           7.0 |              1.0 |    9905.5244140625 |   0.031633198261260986 |   94793.4609375 |  16.0 |  44.0 |
           7.0 |              1.0 |    9810.0048828125 |    0.13950000703334808 |   94793.4609375 |  16.0 |  45.0 |
           7.0 |              1.0 |    9798.5634765625 |     0.2231999933719635 |   94793.4609375 |  16.0 |  46.0 |
           7.0 |              1.0 |    9786.7841796875 |    0.19529999792575836 |   94793.4609375 |  16.0 |  47.0 |
           7.0 |              1.0 |     6624.740234375 |    0.06836000084877014 |   94793.4609375 |  16.0 |  64.0 |
           7.0 |              1.0 |    6467.0087890625 |    0.17071999609470367 |   94793.4609375 |  16.0 |  67.0 |
           7.0 |              1.0 |     6440.501953125 |   0.007848000153899193 |   94793.4609375 |  16.0 |  68.0 |
           7.0 |              1.0 |   6406.05322265625 |    0.03807999938726425 |   94793.4609375 |  16.0 |  72.0 |
           7.0 |              1.0 |   5602.35009765625 |   0.023679999634623528 |   94793.4609375 |  16.0 |  87.0 |
           7.0 |              1.0 |   5549.82177734375 |    0.03633999824523926 |   94793.4609375 |  16.0 |  90.0 |
           7.0 |              1.0 |   5540.72509765625 |  0.0023560000117868185 |   94793.4609375 |  16.0 |  91.0 |
           7.0 |              1.0 |   5518.31494140625 |   0.009196000173687935 |   94793.4609375 |  16.0 |  96.0 |
           7.0 |              1.0 |   11313.8935546875 |     0.5997599959373474 |    94830.859375 |  17.0 |  30.0 |
           7.0 |              1.0 |   11227.0888671875 |    0.25703999400138855 |    94830.859375 |  17.0 |  31.0 |
           7.0 |              1.0 |     10166.80078125 |    0.04522860050201416 |    94830.859375 |  17.0 |  36.0 |
           7.0 |              1.0 |   10147.2666015625 |     0.8270400166511536 |    94830.859375 |  17.0 |  37.0 |
           7.0 |              1.0 |   10112.4814453125 |     3.8767199516296387 |    94830.859375 |  17.0 |  38.0 |
           7.0 |              1.0 |    10003.041015625 |    0.03416400030255318 |    94830.859375 |  17.0 |  41.0 |
           7.0 |              1.0 |    9969.1357421875 |    0.07971599698066711 |    94830.859375 |  17.0 |  42.0 |
           7.0 |              1.0 |    9834.6142578125 |    0.19529999792575836 |    94830.859375 |  17.0 |  46.0 |
           7.0 |              1.0 |     9822.748046875 |    0.48227399587631226 |    94830.859375 |  17.0 |  47.0 |
           7.0 |              1.0 |     9814.021484375 |     0.1594260036945343 |    94830.859375 |  17.0 |  48.0 |
           7.0 |              1.0 |      6641.19921875 |    0.10254000127315521 |    94830.859375 |  17.0 |  64.0 |
           7.0 |              1.0 |   6482.69287109375 |     0.2560800015926361 |    94830.859375 |  17.0 |  67.0 |
           7.0 |              1.0 |   6456.05712890625 |    0.01177200023084879 |    94830.859375 |  17.0 |  68.0 |
           7.0 |              1.0 |   6421.44189453125 |    0.05711999908089638 |    94830.859375 |  17.0 |  72.0 |
           7.0 |              1.0 |    5614.1162109375 |    0.03551999852061272 |    94830.859375 |  17.0 |  87.0 |
           7.0 |              1.0 |    5561.3681640625 |    0.05450999736785889 |    94830.859375 |  17.0 |  90.0 |
           7.0 |              1.0 |   5552.23291015625 |   0.003533999901264906 |    94830.859375 |  17.0 |  91.0 |
           7.0 |              1.0 |   5529.73095703125 |   0.013794000260531902 |    94830.859375 |  17.0 |  96.0 |
           7.0 |              1.0 |       11291.671875 |     1.1424000263214111 |   94881.7890625 |  18.0 |  31.0 |
           7.0 |              1.0 |   10199.9951171875 |    0.03230639919638634 |   94881.7890625 |  18.0 |  37.0 |
           7.0 |              1.0 |     10164.84765625 |      0.646120011806488 |   94881.7890625 |  18.0 |  38.0 |
           7.0 |              1.0 |   10114.6396484375 |      5.653600215911865 |   94881.7890625 |  18.0 |  39.0 |
           7.0 |              1.0 |     10054.27734375 |     0.1518400013446808 |   94881.7890625 |  18.0 |  41.0 |
           7.0 |              1.0 |    9872.1494140625 |    0.15943199396133423 |   94881.7890625 |  18.0 |  47.0 |
           7.0 |              1.0 |     9863.333984375 |     0.9565600156784058 |   94881.7890625 |  18.0 |  48.0 |
           7.0 |              1.0 |    6663.7451171875 |    0.13672000169754028 |   94881.7890625 |  18.0 |  64.0 |
           7.0 |              1.0 |    6504.1728515625 |    0.34143999218940735 |   94881.7890625 |  18.0 |  67.0 |
           7.0 |              1.0 |   6477.36083984375 |   0.015696000307798386 |   94881.7890625 |  18.0 |  68.0 |
           7.0 |              1.0 |   6442.51806640625 |     0.0761599987745285 |   94881.7890625 |  18.0 |  72.0 |
           7.0 |              1.0 |   5630.21923828125 |   0.047359999269247055 |   94881.7890625 |  18.0 |  87.0 |
           7.0 |              1.0 |     5577.169921875 |    0.07267999649047852 |   94881.7890625 |  18.0 |  90.0 |
           7.0 |              1.0 |   5567.98291015625 |   0.004712000023573637 |   94881.7890625 |  18.0 |  91.0 |
           7.0 |              1.0 |   5545.35302734375 |    0.01839200034737587 |   94881.7890625 |  18.0 |  96.0 |
           7.0 |              1.0 |    12271.521484375 |    0.07190000265836716 |     95475.28125 |  19.0 |  29.0 |
           7.0 |              1.0 |   12203.9150390625 |      0.359499990940094 |     95475.28125 |  19.0 |  30.0 |
           7.0 |              1.0 |    10653.755859375 |    0.32833999395370483 |     95475.28125 |  19.0 |  42.0 |
           7.0 |              1.0 |   10623.1904296875 |    0.06566599756479263 |     95475.28125 |  19.0 |  44.0 |
           7.0 |              1.0 |        10513.40625 |      0.713699996471405 |     95475.28125 |  19.0 |  45.0 |
           7.0 |              1.0 |   10500.2646484375 |      0.713699996471405 |     95475.28125 |  19.0 |  46.0 |
           7.0 |              1.0 |   6938.22021484375 |     0.0378200002014637 |     95475.28125 |  19.0 |  64.0 |
           7.0 |              1.0 |   6736.39892578125 |   0.015533999539911747 |     95475.28125 |  19.0 |  68.0 |
           7.0 |              1.0 |   6698.72119140625 |     0.0789399966597557 |     95475.28125 |  19.0 |  72.0 |
           7.0 |              1.0 |       5824.9140625 |   0.011768000200390816 |     95475.28125 |  19.0 |  87.0 |
           7.0 |              1.0 |      5758.32421875 |  0.0028059999458491802 |     95475.28125 |  19.0 |  91.0 |
           7.0 |              1.0 |     5734.123046875 |   0.017284000292420387 |     95475.28125 |  19.0 |  96.0 |
           7.0 |              1.0 |     12299.26953125 |      0.359499990940094 |     95493.65625 |  20.0 |  29.0 |
           7.0 |              1.0 |       12231.359375 |    0.11503999680280685 |     95493.65625 |  20.0 |  30.0 |
           7.0 |              1.0 |    12129.966796875 |    0.38826000690460205 |     95493.65625 |  20.0 |  31.0 |
           7.0 |              1.0 |   10713.5478515625 |     0.3546000123023987 |     95493.65625 |  20.0 |  41.0 |
           7.0 |              1.0 |   10674.6650390625 |    0.10506799817085266 |     95493.65625 |  20.0 |  42.0 |
           7.0 |              1.0 |    10643.978515625 |    0.32833200693130493 |     95493.65625 |  20.0 |  44.0 |
           7.0 |              1.0 |   10533.7666015625 |    0.14273999631404877 |     95493.65625 |  20.0 |  45.0 |
           7.0 |              1.0 |   10520.5751953125 |     0.9135199785232544 |     95493.65625 |  20.0 |  46.0 |
           7.0 |              1.0 |   10506.9970703125 |     1.7985199689865112 |     95493.65625 |  20.0 |  47.0 |
           7.0 |              1.0 |      6947.08203125 |     0.0756400004029274 |     95493.65625 |  20.0 |  64.0 |
           7.0 |              1.0 |     6744.751953125 |   0.031067999079823494 |     95493.65625 |  20.0 |  68.0 |
           7.0 |              1.0 |   6706.98095703125 |     0.1578799933195114 |     95493.65625 |  20.0 |  72.0 |
           7.0 |              1.0 |     5831.158203125 |    0.02353600040078163 |     95493.65625 |  20.0 |  87.0 |
           7.0 |              1.0 |    5764.4267578125 |  0.0056119998916983604 |     95493.65625 |  20.0 |  91.0 |
           7.0 |              1.0 |    5740.1748046875 |   0.034568000584840775 |     95493.65625 |  20.0 |  96.0 |
           7.0 |              1.0 |   12289.1845703125 |    0.38826000690460205 |   95532.1171875 |  21.0 |  30.0 |
           7.0 |              1.0 |   12186.8369140625 |     0.9059399366378784 |   95532.1171875 |  21.0 |  31.0 |
           7.0 |              1.0 |     10757.88671875 |     0.8273999691009521 |   95532.1171875 |  21.0 |  41.0 |
           7.0 |              1.0 |    10718.681640625 |     0.3545999825000763 |   95532.1171875 |  21.0 |  42.0 |
           7.0 |              1.0 |       10563.328125 |    0.08564399927854538 |   95532.1171875 |  21.0 |  46.0 |
           7.0 |              1.0 |   10549.6396484375 |     0.7708200216293335 |   95532.1171875 |  21.0 |  47.0 |
           7.0 |              1.0 |   10539.5751953125 |      3.425759792327881 |   95532.1171875 |  21.0 |  48.0 |
           7.0 |              1.0 |    6965.6982421875 |     0.1134600043296814 |   95532.1171875 |  21.0 |  64.0 |
           7.0 |              1.0 |    6762.2978515625 |   0.046601999551057816 |   95532.1171875 |  21.0 |  68.0 |
           7.0 |              1.0 |      6724.33203125 |    0.23681998252868652 |   95532.1171875 |  21.0 |  72.0 |
           7.0 |              1.0 |   5844.26904296875 |   0.035304002463817596 |   95532.1171875 |  21.0 |  87.0 |
           7.0 |              1.0 |   5777.23779296875 |   0.008417999371886253 |   95532.1171875 |  21.0 |  91.0 |
           7.0 |              1.0 |      5752.87890625 |    0.05185200273990631 |   95532.1171875 |  21.0 |  96.0 |
           7.0 |              1.0 |   14549.6337890625 |    0.07773199677467346 |   96750.8515625 |  22.0 |  29.0 |
           7.0 |              1.0 |      14454.6953125 |    0.15546800196170807 |   96750.8515625 |  22.0 |  30.0 |
           7.0 |              1.0 |      14313.3046875 |    0.23319999873638153 |   96750.8515625 |  22.0 |  31.0 |
           7.0 |              1.0 |     12381.69921875 |      2.072000026702881 |   96750.8515625 |  22.0 |  41.0 |
           7.0 |              1.0 |   12329.7939453125 |     1.3813199996948242 |   96750.8515625 |  22.0 |  42.0 |
           7.0 |              1.0 |   12288.8720703125 |     0.6906800270080566 |   96750.8515625 |  22.0 |  44.0 |
           7.0 |              1.0 |   7612.09619140625 |    0.06791999936103821 |   96750.8515625 |  22.0 |  64.0 |
           7.0 |              1.0 |   7369.85107421875 |    0.11168000102043152 |   96750.8515625 |  22.0 |  68.0 |
           7.0 |              1.0 |    6292.5927734375 |   0.025668000802397728 |   96750.8515625 |  22.0 |  87.0 |
           7.0 |              1.0 |        6214.953125 |   0.015407999977469444 |   96750.8515625 |  22.0 |  91.0 |
           7.0 |              1.0 |     34763.69140625 |  0.0018743999535217881 |   96787.6484375 |  23.0 |  27.0 |
           7.0 |              1.0 |       34757.890625 |   0.016869600862264633 |   96787.6484375 |  23.0 |  28.0 |
           7.0 |              1.0 |      13588.5234375 |     0.5033199787139893 |   96787.6484375 |  23.0 |  32.0 |
           7.0 |              1.0 |     13448.12109375 |    0.10066799819469452 |   96787.6484375 |  23.0 |  33.0 |
           7.0 |              1.0 |     12771.50390625 |   0.028746800497174263 |   96787.6484375 |  23.0 |  34.0 |
           7.0 |              1.0 |   12708.8994140625 |     0.1437319964170456 |   96787.6484375 |  23.0 |  35.0 |
           7.0 |              1.0 |   12461.2529296875 |      3.174799919128418 |   96787.6484375 |  23.0 |  40.0 |
           7.0 |              1.0 |   11998.3486328125 |     0.5000399947166443 |   96787.6484375 |  23.0 |  49.0 |
           7.0 |              1.0 |    11964.130859375 |   0.055560000240802765 |   96787.6484375 |  23.0 |  50.0 |
           7.0 |              1.0 |   7520.40576171875 |   0.058959998190402985 |   96787.6484375 |  23.0 |  65.0 |
           7.0 |              1.0 |    7437.9677734375 |   0.017643999308347702 |   96787.6484375 |  23.0 |  66.0 |
           7.0 |              1.0 |    7382.2978515625 |    0.07388000190258026 |   96787.6484375 |  23.0 |  69.0 |
           7.0 |              1.0 |      7311.49609375 |   0.018939999863505363 |   96787.6484375 |  23.0 |  75.0 |
           7.0 |              1.0 |   6274.02392578125 |   0.019395999610424042 |   96787.6484375 |  23.0 |  88.0 |
           7.0 |              1.0 |   6242.19482421875 |    0.00609199982136488 |   96787.6484375 |  23.0 |  89.0 |
           7.0 |              1.0 |   6221.10595703125 |   0.009039999917149544 |   96787.6484375 |  23.0 |  93.0 |
           7.0 |              1.0 |   6190.09521484375 |  0.0030455999076366425 |   96787.6484375 |  23.0 | 102.0 |
           7.0 |              1.0 |     35712.07421875 |   0.026241598650813103 |   96864.0234375 |  24.0 |  27.0 |
           7.0 |              1.0 |     35705.94921875 |  0.0018743999535217881 |   96864.0234375 |  24.0 |  28.0 |
           7.0 |              1.0 |   13587.7099609375 |     0.9059999585151672 |   96864.0234375 |  24.0 |  33.0 |
           7.0 |              1.0 |    12897.333984375 |     0.2587200105190277 |   96864.0234375 |  24.0 |  34.0 |
           7.0 |              1.0 |       12581.015625 |    0.22676999866962433 |   96864.0234375 |  24.0 |  40.0 |
           7.0 |              1.0 |    12469.615234375 |         4.535400390625 |   96864.0234375 |  24.0 |  43.0 |
           7.0 |              1.0 |   12109.3388671875 |   0.055560000240802765 |   96864.0234375 |  24.0 |  49.0 |
           7.0 |              1.0 |    12074.486328125 |     0.7778400182723999 |   96864.0234375 |  24.0 |  50.0 |
           7.0 |              1.0 |   7563.85986328125 |    0.08844000101089478 |   96864.0234375 |  24.0 |  65.0 |
           7.0 |              1.0 |   7480.47216796875 |   0.026465998962521553 |   96864.0234375 |  24.0 |  66.0 |
           7.0 |              1.0 |     7424.166015625 |    0.11082000285387039 |   96864.0234375 |  24.0 |  69.0 |
           7.0 |              1.0 |   7352.56298828125 |    0.02840999886393547 |   96864.0234375 |  24.0 |  75.0 |
           7.0 |              1.0 |     6304.240234375 |   0.029093999415636063 |   96864.0234375 |  24.0 |  88.0 |
           7.0 |              1.0 |   6272.10400390625 |   0.009137999266386032 |   96864.0234375 |  24.0 |  89.0 |
           7.0 |              1.0 |   6250.81298828125 |   0.013559999875724316 |   96864.0234375 |  24.0 |  93.0 |
           7.0 |              1.0 |    6219.5048828125 |   0.004568399861454964 |   96864.0234375 |  24.0 | 102.0 |
           7.0 |              1.0 |       52790.609375 |    0.01063000038266182 |   97770.1484375 |  25.0 |  28.0 |
           7.0 |              1.0 |          15682.875 |     0.4235999882221222 |   97770.1484375 |  25.0 |  32.0 |
           7.0 |              1.0 |   15496.1572265625 |     0.2117999941110611 |   97770.1484375 |  25.0 |  33.0 |
           7.0 |              1.0 |   14604.5927734375 |    0.07666599750518799 |   97770.1484375 |  25.0 |  34.0 |
           7.0 |              1.0 |     14522.78515625 |    0.15333400666713715 |   97770.1484375 |  25.0 |  35.0 |
           7.0 |              1.0 |   13602.2783203125 |      1.424399971961975 |   97770.1484375 |  25.0 |  49.0 |
           7.0 |              1.0 |     8120.587890625 |   0.027219999581575394 |   97770.1484375 |  25.0 |  65.0 |
           7.0 |              1.0 |      8024.55078125 |  0.0013083999510854483 |   97770.1484375 |  25.0 |  66.0 |
           7.0 |              1.0 |    7877.5419921875 |   0.025040000677108765 |   97770.1484375 |  25.0 |  75.0 |
           7.0 |              1.0 |    6686.2998046875 |   0.006155999843031168 |   97770.1484375 |  25.0 |  88.0 |
           7.0 |              1.0 |    6650.1630859375 |  0.0026660000439733267 |   97770.1484375 |  25.0 |  89.0 |
           7.0 |              1.0 |   6591.06201171875 |  0.0023219999857246876 |   97770.1484375 |  25.0 | 102.0 |
           7.0 |              1.0 |      53817.6484375 |   0.019133999943733215 |      97805.8125 |  26.0 |  27.0 |
           7.0 |              1.0 |     53803.74609375 |   0.002125999890267849 |      97805.8125 |  26.0 |  28.0 |
           7.0 |              1.0 |    15771.099609375 |     0.2117999941110611 |      97805.8125 |  26.0 |  32.0 |
           7.0 |              1.0 |    15582.287109375 |      1.059000015258789 |      97805.8125 |  26.0 |  33.0 |
           7.0 |              1.0 |   14681.0732421875 |     0.3833320140838623 |      97805.8125 |  26.0 |  34.0 |
           7.0 |              1.0 |    14598.408203125 |    0.07666800171136856 |      97805.8125 |  26.0 |  35.0 |
           7.0 |              1.0 |   13668.5966796875 |    0.28488001227378845 |      97805.8125 |  26.0 |  49.0 |
           7.0 |              1.0 |   13624.2080078125 |      2.563920021057129 |      97805.8125 |  26.0 |  50.0 |
           7.0 |              1.0 |   8144.17919921875 |    0.05443999916315079 |      97805.8125 |  26.0 |  65.0 |
           7.0 |              1.0 |       8047.5859375 |  0.0026167999021708965 |      97805.8125 |  26.0 |  66.0 |
           7.0 |              1.0 |   7899.73876953125 |    0.05008000135421753 |      97805.8125 |  26.0 |  75.0 |
           7.0 |              1.0 |      6702.28515625 |   0.012311999686062336 |      97805.8125 |  26.0 |  88.0 |
           7.0 |              1.0 |   6665.97509765625 |   0.005332000087946653 |      97805.8125 |  26.0 |  89.0 |
           7.0 |              1.0 |   6606.59423828125 |   0.004643999971449375 |      97805.8125 |  26.0 | 102.0 |
           7.0 |              1.0 |   13295.3681640625 |  0.0028663799166679382 |   99663.4296875 |  27.0 |  59.0 |
           7.0 |              1.0 |     13172.18359375 |    0.04012979939579964 |   99663.4296875 |  27.0 |  60.0 |
           7.0 |              1.0 |     12551.73046875 |   0.009654000401496887 |   99663.4296875 |  27.0 |  63.0 |
           7.0 |              1.0 |        9336.390625 |   0.002022000029683113 |   99663.4296875 |  27.0 |  70.0 |
           7.0 |              1.0 |    9225.1513671875 |   0.010458000004291534 |   99663.4296875 |  27.0 |  77.0 |
           7.0 |              1.0 |      9195.48828125 |     0.8021999597549438 |   99663.4296875 |  27.0 |  78.0 |
           7.0 |              1.0 |    9047.4169921875 |      2.266200065612793 |   99663.4296875 |  27.0 |  79.0 |
           7.0 |              1.0 |         8659.34375 |    0.18306000530719757 |   99663.4296875 |  27.0 |  81.0 |
           7.0 |              1.0 |   8180.27001953125 |     0.6402000188827515 |   99663.4296875 |  27.0 |  85.0 |
           7.0 |              1.0 |   7904.34521484375 |     0.6462000012397766 |   99663.4296875 |  27.0 |  86.0 |
           7.0 |              1.0 |    7515.0341796875 |   0.002305799862369895 |   99663.4296875 |  27.0 | 104.0 |
           7.0 |              1.0 |    13296.216796875 |    0.02579759992659092 |     99663.90625 |  28.0 |  59.0 |
           7.0 |              1.0 |   13173.0166015625 |  0.0028663999401032925 |     99663.90625 |  28.0 |  60.0 |
           7.0 |              1.0 |   12615.5458984375 |   0.005363199859857559 |     99663.90625 |  28.0 |  62.0 |
           7.0 |              1.0 |   12552.4873046875 |   0.001072679995559156 |     99663.90625 |  28.0 |  63.0 |
           7.0 |              1.0 |    9336.8095703125 |   0.001348000019788742 |     99663.90625 |  28.0 |  70.0 |
           7.0 |              1.0 |      9225.55859375 |   0.006972000002861023 |     99663.90625 |  28.0 |  77.0 |
           7.0 |              1.0 |    9195.8935546875 |     0.5347999930381775 |     99663.90625 |  28.0 |  78.0 |
           7.0 |              1.0 |    9047.8095703125 |     1.5108000040054321 |     99663.90625 |  28.0 |  79.0 |
           7.0 |              1.0 |    8659.7041015625 |    0.12204000353813171 |     99663.90625 |  28.0 |  81.0 |
           7.0 |              1.0 |     8180.591796875 |      0.426800012588501 |     99663.90625 |  28.0 |  85.0 |
           7.0 |              1.0 |   7904.64501953125 |     0.4307999908924103 |     99663.90625 |  28.0 |  86.0 |
           7.0 |              1.0 |   7515.30517578125 |   0.001537199947051704 |     99663.90625 |  28.0 | 104.0 |
           7.0 |              1.0 |       31871.640625 |     0.7623999714851379 |        103622.0 |  29.0 |  52.0 |
           7.0 |              1.0 |    31673.626953125 |     0.7623999714851379 |        103622.0 |  29.0 |  53.0 |
           7.0 |              1.0 |    29767.255859375 |     0.1750659942626953 |        103622.0 |  29.0 |  56.0 |
           7.0 |              1.0 |    29630.064453125 |     0.8753399848937988 |        103622.0 |  29.0 |  57.0 |
           7.0 |              1.0 |    26145.982421875 |     0.2874000072479248 |        103622.0 |  29.0 |  61.0 |
           7.0 |              1.0 |     14751.79296875 |    0.02329999953508377 |        103622.0 |  29.0 |  71.0 |
           7.0 |              1.0 |    13169.966796875 |   0.005247999913990498 |        103622.0 |  29.0 |  82.0 |
           7.0 |              1.0 |   13014.0634765625 |   0.010978000238537788 |        103622.0 |  29.0 |  83.0 |
           7.0 |              1.0 |     12687.87890625 |   0.007797999773174524 |        103622.0 |  29.0 |  84.0 |
           7.0 |              1.0 |    10799.751953125 |    0.00546000013127923 |        103622.0 |  29.0 |  94.0 |
           7.0 |              1.0 |       32336.890625 |    0.15248000621795654 |  103667.1328125 |  30.0 |  52.0 |
           7.0 |              1.0 |      32133.0703125 |     0.9758800268173218 |  103667.1328125 |  30.0 |  53.0 |
           7.0 |              1.0 |    31764.298828125 |      1.921239972114563 |  103667.1328125 |  30.0 |  54.0 |
           7.0 |              1.0 |       30172.703125 |     0.8753200173377991 |  103667.1328125 |  30.0 |  56.0 |
           7.0 |              1.0 |     30031.76171875 |     0.2801080048084259 |  103667.1328125 |  30.0 |  57.0 |
           7.0 |              1.0 |     29666.02734375 |      0.945360004901886 |  103667.1328125 |  30.0 |  58.0 |
           7.0 |              1.0 |       26458.265625 |     0.5748000144958496 |  103667.1328125 |  30.0 |  61.0 |
           7.0 |              1.0 |   14850.6884765625 |    0.04659999907016754 |  103667.1328125 |  30.0 |  71.0 |
           7.0 |              1.0 |       13248.734375 |   0.010495999827980995 |  103667.1328125 |  30.0 |  82.0 |
           7.0 |              1.0 |   13090.9697265625 |   0.021956000477075577 |  103667.1328125 |  30.0 |  83.0 |
           7.0 |              1.0 |   12760.9677734375 |   0.015595999546349049 |  103667.1328125 |  30.0 |  84.0 |
           7.0 |              1.0 |    10852.662109375 |    0.01092000026255846 |  103667.1328125 |  30.0 |  94.0 |
           7.0 |              1.0 |     32854.53515625 |    0.09148799628019333 |   103735.453125 |  31.0 |  53.0 |
           7.0 |              1.0 |    32469.115234375 |     0.8233799934387207 |   103735.453125 |  31.0 |  54.0 |
           7.0 |              1.0 |    31907.650390625 |      3.659520149230957 |   103735.453125 |  31.0 |  55.0 |
           7.0 |              1.0 |     30661.02734375 |     0.9453600645065308 |   103735.453125 |  31.0 |  57.0 |
           7.0 |              1.0 |     30279.90234375 |     2.2058398723602295 |   103735.453125 |  31.0 |  58.0 |
           7.0 |              1.0 |     26945.47265625 |     0.8622000217437744 |   103735.453125 |  31.0 |  61.0 |
           7.0 |              1.0 |   15002.9501953125 |    0.06989999860525131 |   103735.453125 |  31.0 |  71.0 |
           7.0 |              1.0 |     13369.78515625 |   0.015744000673294067 |   103735.453125 |  31.0 |  82.0 |
           7.0 |              1.0 |   13209.1416015625 |   0.032934002578258514 |   103735.453125 |  31.0 |  83.0 |
           7.0 |              1.0 |    12873.232421875 |    0.02339399978518486 |   103735.453125 |  31.0 |  84.0 |
           7.0 |              1.0 |   10933.7529296875 |   0.016380000859498978 |   103735.453125 |  31.0 |  94.0 |
           7.0 |              1.0 |       42851.140625 |     0.1412000060081482 |  104144.7890625 |  32.0 |  51.0 |
           7.0 |              1.0 |     32907.41796875 |      1.378000020980835 |  104144.7890625 |  32.0 |  59.0 |
           7.0 |              1.0 |    29030.783203125 |     0.7480000257492065 |  104144.7890625 |  32.0 |  62.0 |
           7.0 |              1.0 |    28699.013671875 |    0.37400001287460327 |  104144.7890625 |  32.0 |  63.0 |
           7.0 |              1.0 |   16056.0556640625 |    0.12800000607967377 |  104144.7890625 |  32.0 |  70.0 |
           7.0 |              1.0 |   15643.8193359375 |    0.03773999959230423 |  104144.7890625 |  32.0 |  78.0 |
           7.0 |              1.0 |   14455.0029296875 |   0.004000000189989805 |  104144.7890625 |  32.0 |  80.0 |
           7.0 |              1.0 |    14153.041015625 |   0.005534000229090452 |  104144.7890625 |  32.0 |  81.0 |
           7.0 |              1.0 |   12916.6728515625 |    0.08643999695777893 |  104144.7890625 |  32.0 |  85.0 |
           7.0 |              1.0 |     12241.90234375 |    0.04055999964475632 |  104144.7890625 |  32.0 |  86.0 |
           7.0 |              1.0 |   11486.5791015625 |   0.025180000811815262 |  104144.7890625 |  32.0 |  92.0 |
           7.0 |              1.0 |       44309.953125 |     0.2824000120162964 |  104221.6015625 |  33.0 |  51.0 |
           7.0 |              1.0 |            33761.0 |    0.27559998631477356 |  104221.6015625 |  33.0 |  59.0 |
           7.0 |              1.0 |      32977.8671875 |     2.4804000854492188 |  104221.6015625 |  33.0 |  60.0 |
           7.0 |              1.0 |    29693.076171875 |    0.37400001287460327 |  104221.6015625 |  33.0 |  62.0 |
           7.0 |              1.0 |    29346.087890625 |     1.8700000047683716 |  104221.6015625 |  33.0 |  63.0 |
           7.0 |              1.0 |     16256.59765625 |    0.25600001215934753 |  104221.6015625 |  33.0 |  70.0 |
           7.0 |              1.0 |    15834.134765625 |    0.07547999918460846 |  104221.6015625 |  33.0 |  78.0 |
           7.0 |              1.0 |    14617.341796875 |    0.00800000037997961 |  104221.6015625 |  33.0 |  80.0 |
           7.0 |              1.0 |      14308.6328125 |   0.011068000458180904 |  104221.6015625 |  33.0 |  81.0 |
           7.0 |              1.0 |    13046.142578125 |    0.17287999391555786 |  104221.6015625 |  33.0 |  85.0 |
           7.0 |              1.0 |     12358.13671875 |    0.08111999928951263 |  104221.6015625 |  33.0 |  86.0 |
           7.0 |              1.0 |    11588.853515625 |   0.050360001623630524 |  104221.6015625 |  33.0 |  92.0 |
           7.0 |              1.0 |     53680.26953125 |     0.5708000063896179 |     104615.4375 |  34.0 |  51.0 |
           7.0 |              1.0 |     38940.05078125 |    0.03627999871969223 |     104615.4375 |  34.0 |  59.0 |
           7.0 |              1.0 |     37901.91015625 |    0.32651999592781067 |     104615.4375 |  34.0 |  60.0 |
           7.0 |              1.0 |       33626.546875 |  0.0026386799290776253 |     104615.4375 |  34.0 |  62.0 |
           7.0 |              1.0 |     33182.22265625 |   0.013193200342357159 |     104615.4375 |  34.0 |  63.0 |
           7.0 |              1.0 |     17368.94921875 |      3.558799982070923 |     104615.4375 |  34.0 |  70.0 |
           7.0 |              1.0 |     16887.55078125 |   0.011367999948561192 |     104615.4375 |  34.0 |  78.0 |
           7.0 |              1.0 |     15163.37109375 |   0.006947999820113182 |     104615.4375 |  34.0 |  81.0 |
           7.0 |              1.0 |   13752.9775390625 |   0.018479999154806137 |     104615.4375 |  34.0 |  85.0 |
           7.0 |              1.0 |    12143.244140625 |     0.6039999723434448 |     104615.4375 |  34.0 |  92.0 |
           7.0 |              1.0 |       54815.203125 |    0.28540000319480896 |        104654.0 |  35.0 |  51.0 |
           7.0 |              1.0 |     39533.82421875 |    0.18140000104904175 |        104654.0 |  35.0 |  59.0 |
           7.0 |              1.0 |     34068.41015625 |   0.005277399905025959 |        104654.0 |  35.0 |  62.0 |
           7.0 |              1.0 |      33612.4140625 |   0.002638600068166852 |        104654.0 |  35.0 |  63.0 |
           7.0 |              1.0 |        17486.09375 |     1.7793999910354614 |        104654.0 |  35.0 |  70.0 |
           7.0 |              1.0 |    16998.271484375 |   0.005683999974280596 |        104654.0 |  35.0 |  78.0 |
           7.0 |              1.0 |   15252.5771484375 |   0.003473999910056591 |        104654.0 |  35.0 |  81.0 |
           7.0 |              1.0 |   13826.3212890625 |   0.009239999577403069 |        104654.0 |  35.0 |  85.0 |
           7.0 |              1.0 |     12200.38671875 |     0.3019999861717224 |        104654.0 |  35.0 |  92.0 |
           7.0 |              1.0 |     47728.11328125 |     0.4824399948120117 |  104664.1015625 |  36.0 |  52.0 |
           7.0 |              1.0 |     47285.42578125 |     0.1929759979248047 |  104664.1015625 |  36.0 |  53.0 |
           7.0 |              1.0 |      46491.1640625 |   0.013783999718725681 |  104664.1015625 |  36.0 |  54.0 |
           7.0 |              1.0 |    17432.380859375 |    0.00938399974256754 |  104664.1015625 |  36.0 |  71.0 |
           7.0 |              1.0 |    17370.986328125 |     3.5483999252319336 |  104664.1015625 |  36.0 |  73.0 |
           7.0 |              1.0 |     17144.83984375 |     0.3011600077152252 |  104664.1015625 |  36.0 |  76.0 |
           7.0 |              1.0 |     15265.66796875 |   0.011611999943852425 |  104664.1015625 |  36.0 |  82.0 |
           7.0 |              1.0 |   12169.7666015625 |  0.0015928000211715698 |  104664.1015625 |  36.0 |  94.0 |
           7.0 |              1.0 |   12139.3369140625 |     0.5968000292778015 |  104664.1015625 |  36.0 |  95.0 |
           7.0 |              1.0 |    12046.083984375 |   0.052480001002550125 |  104664.1015625 |  36.0 | 103.0 |
           7.0 |              1.0 |          47712.625 |      0.771899938583374 |    104683.03125 |  37.0 |  53.0 |
           7.0 |              1.0 |      46904.0703125 |     0.2520480155944824 |    104683.03125 |  37.0 |  54.0 |
           7.0 |              1.0 |        45741.34375 |   0.009846000000834465 |    104683.03125 |  37.0 |  55.0 |
           7.0 |              1.0 |     17490.11328125 |   0.014076000079512596 |    104683.03125 |  37.0 |  71.0 |
           7.0 |              1.0 |         17428.3125 |        5.3225998878479 |    104683.03125 |  37.0 |  73.0 |
           7.0 |              1.0 |      17200.6796875 |      0.451740026473999 |    104683.03125 |  37.0 |  76.0 |
           7.0 |              1.0 |   15309.9228515625 |    0.01741800084710121 |    104683.03125 |  37.0 |  82.0 |
           7.0 |              1.0 |   12197.8759765625 |  0.0023892000317573547 |    104683.03125 |  37.0 |  94.0 |
           7.0 |              1.0 |      12167.3046875 |     0.8952000141143799 |    104683.03125 |  37.0 |  95.0 |
           7.0 |              1.0 |    12073.623046875 |    0.07872000336647034 |    104683.03125 |  37.0 | 103.0 |
           7.0 |              1.0 |      47661.8984375 |     1.1815199851989746 |   104716.921875 |  38.0 |  54.0 |
           7.0 |              1.0 |     46461.77734375 |     0.1969120055437088 |   104716.921875 |  38.0 |  55.0 |
           7.0 |              1.0 |    17594.431640625 |    0.01876799948513508 |   104716.921875 |  38.0 |  71.0 |
           7.0 |              1.0 |       17531.890625 |      7.096799850463867 |   104716.921875 |  38.0 |  73.0 |
           7.0 |              1.0 |    17301.564453125 |     0.6023200154304504 |   104716.921875 |  38.0 |  76.0 |
           7.0 |              1.0 |    15389.794921875 |    0.02322399988770485 |   104716.921875 |  38.0 |  82.0 |
           7.0 |              1.0 |      12248.5234375 |  0.0031856000423431396 |   104716.921875 |  38.0 |  94.0 |
           7.0 |              1.0 |     12217.69921875 |      1.193600058555603 |   104716.921875 |  38.0 |  95.0 |
           7.0 |              1.0 |      12123.2421875 |    0.10496000200510025 |   104716.921875 |  38.0 | 103.0 |
           7.0 |              1.0 |      47540.4140625 |      1.722999930381775 |  104765.7421875 |  39.0 |  55.0 |
           7.0 |              1.0 |    17746.912109375 |    0.02345999889075756 |  104765.7421875 |  39.0 |  71.0 |
           7.0 |              1.0 |     17683.28515625 |      8.871000289916992 |  104765.7421875 |  39.0 |  73.0 |
           7.0 |              1.0 |     17448.98828125 |     0.7529000043869019 |  104765.7421875 |  39.0 |  76.0 |
           7.0 |              1.0 |   15506.3310546875 |   0.029029998928308487 |  104765.7421875 |  39.0 |  82.0 |
           7.0 |              1.0 |      12322.2265625 |  0.0039820000529289246 |  104765.7421875 |  39.0 |  94.0 |
           7.0 |              1.0 |        12291.03125 |     1.4920001029968262 |  104765.7421875 |  39.0 |  95.0 |
           7.0 |              1.0 |     12195.44140625 |    0.13120000064373016 |  104765.7421875 |  39.0 | 103.0 |
           7.0 |              1.0 |      42138.8515625 |     0.9682199954986572 |   104810.328125 |  40.0 |  59.0 |
           7.0 |              1.0 |      40925.8046875 |    0.06916199624538422 |   104810.328125 |  40.0 |  60.0 |
           7.0 |              1.0 |     17977.66796875 |   0.014435999095439911 |   104810.328125 |  40.0 |  70.0 |
           7.0 |              1.0 |        17752.90625 |      5.468400001525879 |   104810.328125 |  40.0 |  74.0 |
           7.0 |              1.0 |    17569.716796875 |     0.4641599655151367 |   104810.328125 |  40.0 |  77.0 |
           7.0 |              1.0 |    17462.435546875 |    0.00145800004247576 |   104810.328125 |  40.0 |  78.0 |
           7.0 |              1.0 |    14131.861328125 |    0.05412600189447403 |   104810.328125 |  40.0 |  85.0 |
           7.0 |              1.0 |    12437.673828125 |    0.00241800001822412 |   104810.328125 |  40.0 |  92.0 |
           7.0 |              1.0 |   12327.6748046875 |     0.8790000677108765 |   104810.328125 |  40.0 |  97.0 |
           7.0 |              1.0 |   12257.4130859375 |    0.07745999842882156 |   104810.328125 |  40.0 | 104.0 |
           7.0 |              1.0 |      51182.5078125 |  0.0033587999641895294 |   104825.078125 |  41.0 |  53.0 |
           7.0 |              1.0 |     50253.21484375 |   0.030229199677705765 |   104825.078125 |  41.0 |  54.0 |
           7.0 |              1.0 |          48920.875 |    0.13435199856758118 |   104825.078125 |  41.0 |  55.0 |
           7.0 |              1.0 |      46050.2265625 |    0.06800399720668793 |   104825.078125 |  41.0 |  57.0 |
           7.0 |              1.0 |      45195.8359375 |    0.15867599844932556 |   104825.078125 |  41.0 |  58.0 |
           7.0 |              1.0 |     38149.43359375 |     0.8142000436782837 |   104825.078125 |  41.0 |  61.0 |
           7.0 |              1.0 |    17935.845703125 |      5.884799957275391 |   104825.078125 |  41.0 |  71.0 |
           7.0 |              1.0 |   15430.7060546875 |   0.012839999981224537 |   104825.078125 |  41.0 |  83.0 |
           7.0 |              1.0 |      14974.2578125 |   0.024119999259710312 |   104825.078125 |  41.0 |  84.0 |
           7.0 |              1.0 |       12413.015625 |     0.9306000471115112 |   104825.078125 |  41.0 |  94.0 |
           7.0 |              1.0 |      52626.6484375 |   0.005597999785095453 |  104859.0703125 |  42.0 |  52.0 |
           7.0 |              1.0 |     52088.94140625 |    0.03582720085978508 |  104859.0703125 |  42.0 |  53.0 |
           7.0 |              1.0 |     51126.75390625 |    0.07053600251674652 |  104859.0703125 |  42.0 |  54.0 |
           7.0 |              1.0 |       47125.609375 |    0.06296800076961517 |  104859.0703125 |  42.0 |  56.0 |
           7.0 |              1.0 |     46782.69140625 |   0.020149199292063713 |  104859.0703125 |  42.0 |  57.0 |
           7.0 |              1.0 |      45901.1640625 |    0.06800399720668793 |  104859.0703125 |  42.0 |  58.0 |
           7.0 |              1.0 |     38650.75390625 |     0.5428000092506409 |  104859.0703125 |  42.0 |  61.0 |
           7.0 |              1.0 |       18045.890625 |     3.9231998920440674 |  104859.0703125 |  42.0 |  71.0 |
           7.0 |              1.0 |    15512.087890625 |   0.008559999987483025 |  104859.0703125 |  42.0 |  83.0 |
           7.0 |              1.0 |   15050.8837890625 |    0.01607999950647354 |  104859.0703125 |  42.0 |  84.0 |
           7.0 |              1.0 |   12465.6259765625 |     0.6204000115394592 |  104859.0703125 |  42.0 |  94.0 |
           7.0 |              1.0 |     42150.75390625 |     1.3832000494003296 |  104881.3203125 |  43.0 |  60.0 |
           7.0 |              1.0 |    18210.134765625 |   0.019247999414801598 |  104881.3203125 |  43.0 |  70.0 |
           7.0 |              1.0 |    17979.560546875 |      7.291200160980225 |  104881.3203125 |  43.0 |  74.0 |
           7.0 |              1.0 |         17791.6875 |     0.6188799738883972 |  104881.3203125 |  43.0 |  77.0 |
           7.0 |              1.0 |         17681.6875 |  0.0019440000178292394 |  104881.3203125 |  43.0 |  78.0 |
           7.0 |              1.0 |    14275.111328125 |    0.07216800004243851 |  104881.3203125 |  43.0 |  85.0 |
           7.0 |              1.0 |    12548.501953125 |  0.0032240001019090414 |  104881.3203125 |  43.0 |  92.0 |
           7.0 |              1.0 |   12436.5419921875 |     1.1720000505447388 |  104881.3203125 |  43.0 |  97.0 |
           7.0 |              1.0 |    12365.037109375 |    0.10328000038862228 |  104881.3203125 |  43.0 | 104.0 |
           7.0 |              1.0 |       53385.421875 |   0.027990000322461128 |  104886.0703125 |  44.0 |  52.0 |
           7.0 |              1.0 |     52832.17578125 |   0.027990000322461128 |  104886.0703125 |  44.0 |  53.0 |
           7.0 |              1.0 |     47733.12890625 |   0.012593399733304977 |  104886.0703125 |  44.0 |  56.0 |
           7.0 |              1.0 |        47381.34375 |     0.0629659965634346 |  104886.0703125 |  44.0 |  57.0 |
           7.0 |              1.0 |        39058.46875 |    0.27140000462532043 |  104886.0703125 |  44.0 |  61.0 |
           7.0 |              1.0 |      18134.2734375 |     1.9615999460220337 |  104886.0703125 |  44.0 |  71.0 |
           7.0 |              1.0 |     15577.34765625 |   0.004279999993741512 |  104886.0703125 |  44.0 |  83.0 |
           7.0 |              1.0 |   15112.3134765625 |    0.00803999975323677 |  104886.0703125 |  44.0 |  84.0 |
           7.0 |              1.0 |   12507.7353515625 |     0.3102000057697296 |  104886.0703125 |  44.0 |  94.0 |
           7.0 |              1.0 |     56342.03515625 |     0.0415400005877018 |    104984.34375 |  45.0 |  52.0 |
           7.0 |              1.0 |      55726.1640625 |     0.0415400005877018 |    104984.34375 |  45.0 |  53.0 |
           7.0 |              1.0 |        50083.03125 |     0.2193399965763092 |    104984.34375 |  45.0 |  56.0 |
           7.0 |              1.0 |      49695.8984375 |   0.043866001069545746 |    104984.34375 |  45.0 |  57.0 |
           7.0 |              1.0 |       18463.390625 |    0.22519999742507935 |    104984.34375 |  45.0 |  71.0 |
           7.0 |              1.0 |     18141.14453125 |     1.7699999809265137 |    104984.34375 |  45.0 |  76.0 |
           7.0 |              1.0 |     16050.54296875 |  0.0007835999713279307 |    104984.34375 |  45.0 |  82.0 |
           7.0 |              1.0 |       15819.578125 |   0.004275999963283539 |    104984.34375 |  45.0 |  83.0 |
           7.0 |              1.0 |    12663.427734375 |   0.034060001373291016 |    104984.34375 |  45.0 |  94.0 |
           7.0 |              1.0 |   12529.5615234375 |    0.28200000524520874 |    104984.34375 |  45.0 | 103.0 |
           7.0 |              1.0 |      56722.4453125 |     0.0415400005877018 |  104996.2421875 |  46.0 |  52.0 |
           7.0 |              1.0 |     56098.27734375 |    0.06646399945020676 |  104996.2421875 |  46.0 |  53.0 |
           7.0 |              1.0 |      54983.8515625 |    0.05815599858760834 |  104996.2421875 |  46.0 |  54.0 |
           7.0 |              1.0 |       50383.390625 |     0.2193319946527481 |  104996.2421875 |  46.0 |  56.0 |
           7.0 |              1.0 |      49991.6171875 |    0.28074800968170166 |  104996.2421875 |  46.0 |  57.0 |
           7.0 |              1.0 |     48986.31640625 |   0.026319999247789383 |  104996.2421875 |  46.0 |  58.0 |
           7.0 |              1.0 |     18504.05859375 |     0.4503999948501587 |  104996.2421875 |  46.0 |  71.0 |
           7.0 |              1.0 |    18180.404296875 |     3.5399999618530273 |  104996.2421875 |  46.0 |  76.0 |
           7.0 |              1.0 |   16081.2666015625 |  0.0015671999426558614 |  104996.2421875 |  46.0 |  82.0 |
           7.0 |              1.0 |   15849.4228515625 |   0.008551999926567078 |  104996.2421875 |  46.0 |  83.0 |
           7.0 |              1.0 |    12682.544921875 |    0.06812000274658203 |  104996.2421875 |  46.0 |  94.0 |
           7.0 |              1.0 |     12548.27734375 |     0.5640000104904175 |  104996.2421875 |  46.0 | 103.0 |
           7.0 |              1.0 |     56487.51953125 |   0.058156199753284454 |  105008.5234375 |  47.0 |  53.0 |
           7.0 |              1.0 |     55357.73046875 |    0.14361000061035156 |  105008.5234375 |  47.0 |  54.0 |
           7.0 |              1.0 |     53745.31640625 |    0.04747439920902252 |  105008.5234375 |  47.0 |  55.0 |
           7.0 |              1.0 |     50300.49609375 |     0.5527200102806091 |  105008.5234375 |  47.0 |  57.0 |
           7.0 |              1.0 |     49282.85546875 |    0.23688000440597534 |  105008.5234375 |  47.0 |  58.0 |
           7.0 |              1.0 |    18546.212890625 |      0.675599992275238 |  105008.5234375 |  47.0 |  71.0 |
           7.0 |              1.0 |        18221.09375 |      5.309999942779541 |  105008.5234375 |  47.0 |  76.0 |
           7.0 |              1.0 |   16113.0947265625 |   0.002350799972191453 |  105008.5234375 |  47.0 |  82.0 |
           7.0 |              1.0 |     15880.33984375 |   0.012827999889850616 |  105008.5234375 |  47.0 |  83.0 |
           7.0 |              1.0 |    12702.333984375 |    0.10218000411987305 |  105008.5234375 |  47.0 |  94.0 |
           7.0 |              1.0 |      12567.6484375 |     0.8460000157356262 |  105008.5234375 |  47.0 | 103.0 |
           7.0 |              1.0 |      55636.5390625 |    0.04747439920902252 |  105017.5703125 |  48.0 |  54.0 |
           7.0 |              1.0 |     54008.08203125 |    0.28484800457954407 |  105017.5703125 |  48.0 |  55.0 |
           7.0 |              1.0 |      49503.7109375 |     1.0528000593185425 |  105017.5703125 |  48.0 |  58.0 |
           7.0 |              1.0 |    18577.400390625 |     0.9007999897003174 |  105017.5703125 |  48.0 |  71.0 |
           7.0 |              1.0 |     18251.19921875 |      7.079999923706055 |  105017.5703125 |  48.0 |  76.0 |
           7.0 |              1.0 |      16136.6328125 |  0.0031343998853117228 |  105017.5703125 |  48.0 |  82.0 |
           7.0 |              1.0 |   15903.2021484375 |   0.017103999853134155 |  105017.5703125 |  48.0 |  83.0 |
           7.0 |              1.0 |     12716.95703125 |    0.13624000549316406 |  105017.5703125 |  48.0 |  94.0 |
           7.0 |              1.0 |   12581.9619140625 |      1.128000020980835 |  105017.5703125 |  48.0 | 103.0 |
           7.0 |              1.0 |     48461.29296875 |    0.16149599850177765 |  105119.8515625 |  49.0 |  59.0 |
           7.0 |              1.0 |     46863.83203125 |    0.01794400066137314 |  105119.8515625 |  49.0 |  60.0 |
           7.0 |              1.0 |     40497.41796875 |    0.46167999505996704 |  105119.8515625 |  49.0 |  62.0 |
           7.0 |              1.0 |       39854.703125 |    0.09233199805021286 |  105119.8515625 |  49.0 |  63.0 |
           7.0 |              1.0 |    19037.275390625 |     0.4607999920845032 |  105119.8515625 |  49.0 |  70.0 |
           7.0 |              1.0 |      18580.4296875 |     3.6308000087738037 |  105119.8515625 |  49.0 |  77.0 |
           7.0 |              1.0 |    17873.251953125 |   0.004220000002533197 |  105119.8515625 |  49.0 |  79.0 |
           7.0 |              1.0 |    16419.576171875 |   0.010688000358641148 |  105119.8515625 |  49.0 |  81.0 |
           7.0 |              1.0 |    14778.462890625 |  0.0035735999699681997 |  105119.8515625 |  49.0 |  85.0 |
           7.0 |              1.0 |     13901.75390625 |   0.005051999818533659 |  105119.8515625 |  49.0 |  86.0 |
           7.0 |              1.0 |   12935.8017578125 |    0.06592000275850296 |  105119.8515625 |  49.0 |  92.0 |
           7.0 |              1.0 |     12740.92578125 |     0.5508000254631042 |  105119.8515625 |  49.0 | 104.0 |
           7.0 |              1.0 |     49027.63671875 |   0.017944199964404106 |  105143.6796875 |  50.0 |  59.0 |
           7.0 |              1.0 |     47393.24609375 |    0.25121399760246277 |  105143.6796875 |  50.0 |  60.0 |
           7.0 |              1.0 |       40236.953125 |      0.831000030040741 |  105143.6796875 |  50.0 |  63.0 |
           7.0 |              1.0 |     19124.05859375 |     0.6912000179290771 |  105143.6796875 |  50.0 |  70.0 |
           7.0 |              1.0 |    18663.087890625 |      5.446199893951416 |  105143.6796875 |  50.0 |  77.0 |
           7.0 |              1.0 |     17949.72265625 |    0.00633000023663044 |  105143.6796875 |  50.0 |  79.0 |
           7.0 |              1.0 |    16484.091796875 |    0.01603200100362301 |  105143.6796875 |  50.0 |  81.0 |
           7.0 |              1.0 |   14830.7060546875 |   0.005360399838536978 |  105143.6796875 |  50.0 |  85.0 |
           7.0 |              1.0 |     13947.97265625 |   0.007577999494969845 |  105143.6796875 |  50.0 |  86.0 |
           7.0 |              1.0 |   12975.8115234375 |    0.09888000786304474 |  105143.6796875 |  50.0 |  92.0 |
           7.0 |              1.0 |     12779.73828125 |      0.826200008392334 |  105143.6796875 |  50.0 | 104.0 |
           7.0 |              1.0 |        26654.65625 |     2.6019999980926514 |     106477.8125 |  51.0 |  66.0 |
           7.0 |              1.0 |      16010.5859375 |  0.0008580000139772892 |     106477.8125 |  51.0 |  88.0 |
           7.0 |              1.0 |    15804.931640625 |    0.28760001063346863 |     106477.8125 |  51.0 |  89.0 |
           7.0 |              1.0 |        31986.21875 |      0.515999972820282 |  106758.7265625 |  52.0 |  64.0 |
           7.0 |              1.0 |     28616.31640625 |       2.01200008392334 |  106758.7265625 |  52.0 |  67.0 |
           7.0 |              1.0 |       28104.484375 |    0.06334000080823898 |  106758.7265625 |  52.0 |  68.0 |
           7.0 |              1.0 |      27460.1171875 |     0.3463999927043915 |  106758.7265625 |  52.0 |  72.0 |
           7.0 |              1.0 |    17003.810546875 |   0.056279998272657394 |  106758.7265625 |  52.0 |  87.0 |
           7.0 |              1.0 |    16528.990234375 |     0.1624000072479248 |  106758.7265625 |  52.0 |  90.0 |
           7.0 |              1.0 |     16448.55859375 |    0.00723800016567111 |  106758.7265625 |  52.0 |  91.0 |
           7.0 |              1.0 |   16252.6279296875 |     0.0333000011742115 |  106758.7265625 |  52.0 |  96.0 |
           7.0 |              1.0 |    32188.173828125 |      1.031999945640564 |    106778.34375 |  53.0 |  64.0 |
           7.0 |              1.0 |      28777.8515625 |       4.02400016784668 |    106778.34375 |  53.0 |  67.0 |
           7.0 |              1.0 |     28260.27734375 |    0.12668000161647797 |    106778.34375 |  53.0 |  68.0 |
           7.0 |              1.0 |    27608.830078125 |      0.692799985408783 |    106778.34375 |  53.0 |  72.0 |
           7.0 |              1.0 |     17060.71484375 |    0.11255999654531479 |    106778.34375 |  53.0 |  87.0 |
           7.0 |              1.0 |    16582.755859375 |     0.3248000144958496 |    106778.34375 |  53.0 |  90.0 |
           7.0 |              1.0 |    16501.802734375 |    0.01447600033134222 |    106778.34375 |  53.0 |  91.0 |
           7.0 |              1.0 |    16304.607421875 |      0.066600002348423 |    106778.34375 |  53.0 |  96.0 |
           7.0 |              1.0 |    32566.912109375 |     1.5479998588562012 |  106814.4609375 |  54.0 |  64.0 |
           7.0 |              1.0 |      29080.2109375 |     6.0360002517700195 |  106814.4609375 |  54.0 |  67.0 |
           7.0 |              1.0 |    28551.802734375 |    0.19001999497413635 |  106814.4609375 |  54.0 |  68.0 |
           7.0 |              1.0 |     27887.00390625 |      1.039199948310852 |  106814.4609375 |  54.0 |  72.0 |
           7.0 |              1.0 |    17166.529296875 |    0.16883999109268188 |  106814.4609375 |  54.0 |  87.0 |
           7.0 |              1.0 |     16682.70703125 |     0.4872000217437744 |  106814.4609375 |  54.0 |  90.0 |
           7.0 |              1.0 |     16600.77734375 |   0.021714000031352043 |  106814.4609375 |  54.0 |  91.0 |
           7.0 |              1.0 |    16401.224609375 |     0.0999000072479248 |  106814.4609375 |  54.0 |  96.0 |
           7.0 |              1.0 |        33152.03125 |      2.063999891281128 |   106868.640625 |  55.0 |  64.0 |
           7.0 |              1.0 |      29545.8515625 |       8.04800033569336 |   106868.640625 |  55.0 |  67.0 |
           7.0 |              1.0 |       29000.546875 |    0.25336000323295593 |   106868.640625 |  55.0 |  68.0 |
           7.0 |              1.0 |         28314.9375 |      1.385599970817566 |   106868.640625 |  55.0 |  72.0 |
           7.0 |              1.0 |    17327.736328125 |    0.22511999309062958 |   106868.640625 |  55.0 |  87.0 |
           7.0 |              1.0 |      16834.9140625 |     0.6496000289916992 |   106868.640625 |  55.0 |  90.0 |
           7.0 |              1.0 |    16751.486328125 |    0.02895200066268444 |   106868.640625 |  55.0 |  91.0 |
           7.0 |              1.0 |     16548.31640625 |      0.133200004696846 |   106868.640625 |  55.0 |  96.0 |
           7.0 |              1.0 |        34428.90625 |     0.7875999808311462 |  106980.4765625 |  56.0 |  64.0 |
           7.0 |              1.0 |      29972.9609375 |     0.4456000030040741 |  106980.4765625 |  56.0 |  68.0 |
           7.0 |              1.0 |     29241.18359375 |     1.8049999475479126 |  106980.4765625 |  56.0 |  72.0 |
           7.0 |              1.0 |    17670.267578125 |    0.06667999923229218 |  106980.4765625 |  56.0 |  87.0 |
           7.0 |              1.0 |    17071.404296875 |   0.030579999089241028 |  106980.4765625 |  56.0 |  91.0 |
           7.0 |              1.0 |    16860.447265625 |    0.14815999567508698 |  106980.4765625 |  56.0 |  96.0 |
           7.0 |              1.0 |      34614.2734375 |     1.5751999616622925 |    106996.03125 |  57.0 |  64.0 |
           7.0 |              1.0 |      30113.3515625 |     0.8912000060081482 |    106996.03125 |  57.0 |  68.0 |
           7.0 |              1.0 |     29374.78515625 |      3.609999895095825 |    106996.03125 |  57.0 |  72.0 |
           7.0 |              1.0 |        17718.96875 |    0.13335999846458435 |    106996.03125 |  57.0 |  87.0 |
           7.0 |              1.0 |     17116.85546875 |   0.061159998178482056 |    106996.03125 |  57.0 |  91.0 |
           7.0 |              1.0 |        16904.78125 |    0.29631999135017395 |    106996.03125 |  57.0 |  96.0 |
           7.0 |              1.0 |        35113.21875 |      2.362799882888794 |  107037.0703125 |  58.0 |  64.0 |
           7.0 |              1.0 |    30490.267578125 |        1.3367999792099 |  107037.0703125 |  58.0 |  68.0 |
           7.0 |              1.0 |     29733.33203125 |      5.414999961853027 |  107037.0703125 |  58.0 |  72.0 |
           7.0 |              1.0 |    17848.798828125 |    0.20003999769687653 |  107037.0703125 |  58.0 |  87.0 |
           7.0 |              1.0 |     17237.98046875 |    0.09173999726772308 |  107037.0703125 |  58.0 |  91.0 |
           7.0 |              1.0 |      17022.9140625 |     0.4444800019264221 |  107037.0703125 |  58.0 |  96.0 |
           7.0 |              1.0 |         34492.9375 |     0.8140000104904175 |  107182.7890625 |  59.0 |  65.0 |
           7.0 |              1.0 |     32824.32421875 |      0.370279997587204 |  107182.7890625 |  59.0 |  66.0 |
           7.0 |              1.0 |    31767.146484375 |     3.9976000785827637 |  107182.7890625 |  59.0 |  69.0 |
           7.0 |              1.0 |    30496.376953125 |     0.6908000111579895 |  107182.7890625 |  59.0 |  75.0 |
           7.0 |              1.0 |       18048.265625 |    0.08179999887943268 |  107182.7890625 |  59.0 |  88.0 |
           7.0 |              1.0 |    17787.361328125 |   0.039080001413822174 |  107182.7890625 |  59.0 |  89.0 |
           7.0 |              1.0 |    17617.185546875 |    0.23928000032901764 |  107182.7890625 |  59.0 |  93.0 |
           7.0 |              1.0 |     17420.00390625 |  0.0008839999791234732 |  107182.7890625 |  59.0 |  98.0 |
           7.0 |              1.0 |    17370.748046875 |   0.050119999796152115 |  107182.7890625 |  59.0 | 102.0 |
           7.0 |              1.0 |     35350.61328125 |     1.2209999561309814 |   107253.109375 |  60.0 |  65.0 |
           7.0 |              1.0 |     33600.09765625 |     0.5554199814796448 |   107253.109375 |  60.0 |  66.0 |
           7.0 |              1.0 |     32493.19921875 |      5.996399879455566 |   107253.109375 |  60.0 |  69.0 |
           7.0 |              1.0 |       31164.890625 |     1.0362000465393066 |   107253.109375 |  60.0 |  75.0 |
           7.0 |              1.0 |      18280.3359375 |    0.12269999831914902 |   107253.109375 |  60.0 |  88.0 |
           7.0 |              1.0 |      18012.7265625 |    0.05862000212073326 |   107253.109375 |  60.0 |  89.0 |
           7.0 |              1.0 |    17838.232421875 |    0.35892000794410706 |   107253.109375 |  60.0 |  93.0 |
           7.0 |              1.0 |    17636.099609375 |  0.0013259999686852098 |   107253.109375 |  60.0 |  98.0 |
           7.0 |              1.0 |      17585.6171875 |    0.07518000155687332 |   107253.109375 |  60.0 | 102.0 |
           7.0 |              1.0 |      40996.1640625 |     0.6988000273704529 |  107445.6328125 |  61.0 |  64.0 |
           7.0 |              1.0 |          34830.375 |      5.760000228881836 |  107445.6328125 |  61.0 |  68.0 |
           7.0 |              1.0 |     19253.20703125 |    0.08083999902009964 |  107445.6328125 |  61.0 |  87.0 |
           7.0 |              1.0 |     18544.39453125 |    0.29631999135017395 |  107445.6328125 |  61.0 |  91.0 |
           7.0 |              1.0 |          40106.625 |     1.1150000095367432 |    107588.46875 |  62.0 |  65.0 |
           7.0 |              1.0 |         37868.3125 |     0.1677599996328354 |    107588.46875 |  62.0 |  66.0 |
           7.0 |              1.0 |     34803.33984375 |     1.8766000270843506 |    107588.46875 |  62.0 |  75.0 |
           7.0 |              1.0 |    19474.548828125 |    0.05770000070333481 |    107588.46875 |  62.0 |  88.0 |
           7.0 |              1.0 |    18688.048828125 |    0.08829999715089798 |    107588.46875 |  62.0 | 102.0 |
           7.0 |              1.0 |      40757.5546875 |     2.2300000190734863 |    107628.28125 |  63.0 |  65.0 |
           7.0 |              1.0 |     38448.08984375 |     0.3355199992656708 |    107628.28125 |  63.0 |  66.0 |
           7.0 |              1.0 |      35292.4609375 |      3.753200054168701 |    107628.28125 |  63.0 |  75.0 |
           7.0 |              1.0 |    19626.751953125 |    0.11540000140666962 |    107628.28125 |  63.0 |  88.0 |
           7.0 |              1.0 |      18828.1640625 |    0.17659999430179596 |    107628.28125 |  63.0 | 102.0 |
           7.0 |              1.0 |           194200.0 |       0.06649199873209 |  109884.2265625 |  64.0 |  71.0 |
           7.0 |              1.0 |       75239.140625 |     11.810400009155273 |  109884.2265625 |  64.0 |  82.0 |
           7.0 |              1.0 |      70419.6796875 |      8.588399887084961 |  109884.2265625 |  64.0 |  83.0 |
           7.0 |              1.0 |      61819.9921875 |     1.9332000017166138 |  109884.2265625 |  64.0 |  84.0 |
           7.0 |              1.0 |      33383.0859375 |    0.14664000272750854 |  109884.2265625 |  64.0 |  94.0 |
           7.0 |              1.0 |           344600.0 |    0.13410000503063202 |   110081.140625 |  65.0 |  70.0 |
           7.0 |              1.0 |           220100.0 |      1.543799877166748 |   110081.140625 |  65.0 |  78.0 |
           7.0 |              1.0 |           102000.0 |     0.2898000180721283 |   110081.140625 |  65.0 |  80.0 |
           7.0 |              1.0 |      88680.6640625 |     3.7049999237060547 |   110081.140625 |  65.0 |  81.0 |
           7.0 |              1.0 |     55433.82421875 |      3.163800001144409 |   110081.140625 |  65.0 |  85.0 |
           7.0 |              1.0 |      44829.2734375 |     0.7121999859809875 |   110081.140625 |  65.0 |  86.0 |
           7.0 |              1.0 |     36129.38671875 |     0.5918999910354614 |   110081.140625 |  65.0 |  92.0 |
           7.0 |              1.0 |           700100.0 |     0.3059999942779541 |  110228.4765625 |  66.0 |  70.0 |
           7.0 |              1.0 |           325800.0 |     0.3950999975204468 |  110228.4765625 |  66.0 |  78.0 |
           7.0 |              1.0 |           120100.0 |     1.7627999782562256 |  110228.4765625 |  66.0 |  80.0 |
           7.0 |              1.0 |     60365.48046875 |     0.9210000038146973 |  110228.4765625 |  66.0 |  85.0 |
           7.0 |              1.0 |     48000.57421875 |   0.008688000030815601 |  110228.4765625 |  66.0 |  86.0 |
           7.0 |              1.0 |     38161.33984375 |      4.000800132751465 |  110228.4765625 |  66.0 |  92.0 |
           7.0 |              1.0 |           681500.0 |   0.003057599999010563 |  110252.2890625 |  67.0 |  71.0 |
           7.0 |              1.0 |           598800.0 |     1.5551199913024902 |  110252.2890625 |  67.0 |  73.0 |
           7.0 |              1.0 |           411600.0 |    0.17939600348472595 |  110252.2890625 |  67.0 |  76.0 |
           7.0 |              1.0 |           104100.0 |      9.609600067138672 |  110252.2890625 |  67.0 |  82.0 |
           7.0 |              1.0 |     38060.94140625 |    0.05135200172662735 |  110252.2890625 |  67.0 |  94.0 |
           7.0 |              1.0 |          37764.875 |       20.3700008392334 |  110252.2890625 |  67.0 |  95.0 |
           7.0 |              1.0 |       36876.765625 |     1.6920400857925415 |  110252.2890625 |  67.0 | 103.0 |
           7.0 |              1.0 |          1203000.0 |     0.2306399941444397 |  110315.9140625 |  68.0 |  71.0 |
           7.0 |              1.0 |           111400.0 |       0.65447998046875 |  110315.9140625 |  68.0 |  82.0 |
           7.0 |              1.0 |           101200.0 |     0.8393999934196472 |  110315.9140625 |  68.0 |  83.0 |
           7.0 |              1.0 |      84331.5859375 |     3.1895999908447266 |  110315.9140625 |  68.0 |  84.0 |
           7.0 |              1.0 |     39005.75390625 |     10.040400505065918 |  110315.9140625 |  68.0 |  94.0 |
           7.0 |              1.0 |           893900.0 |    0.35951998829841614 |  110329.8359375 |  69.0 |  74.0 |
           7.0 |              1.0 |           586200.0 |    0.05251399800181389 |  110329.8359375 |  69.0 |  77.0 |
           7.0 |              1.0 |           486500.0 |     1.5064001083374023 |  110329.8359375 |  69.0 |  78.0 |
           7.0 |              1.0 |      64300.7890625 |     2.6796000003814697 |  110329.8359375 |  69.0 |  85.0 |
           7.0 |              1.0 |     39697.22265625 |   0.028294000774621964 |  110329.8359375 |  69.0 |  92.0 |
           7.0 |              1.0 |     38597.98046875 |       10.8597993850708 |  110329.8359375 |  69.0 |  97.0 |
           7.0 |              1.0 |     37917.45703125 |      0.904259979724884 |  110329.8359375 |  69.0 | 104.0 |
           7.0 |              1.0 |          1114000.0 |   0.033629998564720154 |   110371.265625 |  70.0 |  75.0 |
           7.0 |              1.0 |     42528.79296875 |   0.036010000854730606 |   110371.265625 |  70.0 |  88.0 |
           7.0 |              1.0 |       41107.953125 |    0.09415999799966812 |   110371.265625 |  70.0 |  89.0 |
           7.0 |              1.0 |     39197.59765625 |     13.319999694824219 |   110371.265625 |  70.0 |  98.0 |
           7.0 |              1.0 |     38949.08984375 |   0.010939999483525753 |   110371.265625 |  70.0 | 102.0 |
           7.0 |              1.0 |        251900000.0 |   0.004813999868929386 |   110398.984375 |  71.0 |  72.0 |
           7.0 |              1.0 |        44647.15625 |   0.014089999720454216 |   110398.984375 |  71.0 |  87.0 |
           7.0 |              1.0 |      41012.0234375 |    0.16990000009536743 |   110398.984375 |  71.0 |  91.0 |
           7.0 |              1.0 |     39815.24609375 |   0.030159998685121536 |   110398.984375 |  71.0 |  96.0 |
           7.0 |              1.0 |       39628.203125 |     26.700000762939453 |   110398.984375 |  71.0 |  99.0 |
           7.0 |              1.0 |          1044000.0 |     0.4729999899864197 |  110399.3828125 |  72.0 |  76.0 |
           7.0 |              1.0 |           122900.0 |     1.6740000247955322 |  110399.3828125 |  72.0 |  82.0 |
           7.0 |              1.0 |           110500.0 |      5.210000038146973 |  110399.3828125 |  72.0 |  83.0 |
           7.0 |              1.0 |     40318.83203125 |     1.9660000801086426 |  110399.3828125 |  72.0 |  94.0 |
           7.0 |              1.0 |     38992.44140625 |     15.019999504089355 |  110399.3828125 |  72.0 | 103.0 |
           7.0 |              1.0 |      41868.1328125 |     0.5187600255012512 |       110419.25 |  73.0 |  90.0 |
           7.0 |              1.0 |     39949.17578125 |    0.03646799921989441 |       110419.25 |  73.0 |  99.0 |
           7.0 |              1.0 |       39829.765625 |      2.333159923553467 |       110419.25 |  73.0 | 100.0 |
           7.0 |              1.0 |     41382.12890625 |     0.2010599970817566 |   110441.671875 |  74.0 |  93.0 |
           7.0 |              1.0 |      40310.3359375 |   0.015350399538874626 |   110441.671875 |  74.0 |  98.0 |
           7.0 |              1.0 |       40188.703125 |     1.1669399738311768 |   110441.671875 |  74.0 | 101.0 |
           7.0 |              1.0 |          2537000.0 |    0.04395999759435654 |  110460.9765625 |  75.0 |  77.0 |
           7.0 |              1.0 |          1344000.0 |    0.22430001199245453 |  110460.9765625 |  75.0 |  78.0 |
           7.0 |              1.0 |           133700.0 |      2.117000102996826 |  110460.9765625 |  75.0 |  81.0 |
           7.0 |              1.0 |        70223.78125 |      0.516700029373169 |  110460.9765625 |  75.0 |  85.0 |
           7.0 |              1.0 |     54032.10546875 |      0.358599990606308 |  110460.9765625 |  75.0 |  86.0 |
           7.0 |              1.0 |      41877.8671875 |     1.0429999828338623 |  110460.9765625 |  75.0 |  92.0 |
           7.0 |              1.0 |     39902.06640625 |       8.01099967956543 |  110460.9765625 |  75.0 | 104.0 |
           7.0 |              1.0 |     43242.90234375 |    0.05588800087571144 |  110495.1640625 |  76.0 |  90.0 |
           7.0 |              1.0 |     41401.12890625 |     0.2861599922180176 |  110495.1640625 |  76.0 |  96.0 |
           7.0 |              1.0 |      41198.9296875 |      2.381959915161133 |  110495.1640625 |  76.0 |  99.0 |
           7.0 |              1.0 |      41071.9453125 |      35.47599792480469 |  110495.1640625 |  76.0 | 100.0 |
           7.0 |              1.0 |         42412.9375 |    0.02244199998676777 |   110500.390625 |  77.0 |  93.0 |
           7.0 |              1.0 |     41287.80859375 |     1.1970000267028809 |   110500.390625 |  77.0 |  98.0 |
           7.0 |              1.0 |        41160.21875 |     17.737998962402344 |   110500.390625 |  77.0 | 101.0 |
           7.0 |              1.0 |     41012.18359375 |    0.10560199618339539 |   110500.390625 |  77.0 | 102.0 |
           7.0 |              1.0 |       45719.984375 |     0.7088000178337097 |    110535.34375 |  78.0 |  88.0 |
           7.0 |              1.0 |      44082.0234375 |     0.3977000117301941 |    110535.34375 |  78.0 |  89.0 |
           7.0 |              1.0 |        43051.40625 |      4.359999656677246 |    110535.34375 |  78.0 |  93.0 |
           7.0 |              1.0 |     41892.61328125 |   0.011370000429451466 |    110535.34375 |  78.0 |  98.0 |
           7.0 |              1.0 |      41608.8828125 |     0.6809999942779541 |    110535.34375 |  78.0 | 102.0 |
           7.0 |              1.0 |      57379.5859375 |      3.177999973297119 |   111060.921875 |  80.0 |  89.0 |
           7.0 |              1.0 |       66054.109375 |     3.4637999534606934 |  111208.4765625 |  81.0 |  88.0 |
           7.0 |              1.0 |       62688.796875 |     0.3658199906349182 |  111208.4765625 |  81.0 |  89.0 |
           7.0 |              1.0 |      57802.9296875 |      5.134200096130371 |  111208.4765625 |  81.0 | 102.0 |
           7.0 |              1.0 |      70146.3984375 |      7.495999813079834 |  111212.9609375 |  82.0 |  87.0 |
           7.0 |              1.0 |     62714.34765625 |                   24.0 |  111212.9609375 |  82.0 |  90.0 |
           7.0 |              1.0 |     61571.99609375 |     0.8092000484466553 |  111212.9609375 |  82.0 |  91.0 |
           7.0 |              1.0 |      58913.4140625 |      4.104000091552734 |  111212.9609375 |  82.0 |  96.0 |
           7.0 |              1.0 |     58504.82421875 |   0.013370000757277012 |  111212.9609375 |  82.0 |  99.0 |
           7.0 |              1.0 |      74927.2578125 |      6.657599449157715 |   111303.890625 |  83.0 |  87.0 |
           7.0 |              1.0 |     65225.06640625 |      3.039600133895874 |   111303.890625 |  83.0 |  91.0 |
           7.0 |              1.0 |        62249.28125 |      12.86400032043457 |   111303.890625 |  83.0 |  96.0 |
           7.0 |              1.0 |      87944.1171875 |     1.0052000284194946 |  111501.3828125 |  84.0 |  87.0 |
           7.0 |              1.0 |       74872.109375 |      7.111999988555908 |  111501.3828125 |  84.0 |  91.0 |
           7.0 |              1.0 |           119400.0 |     2.4010000228881836 |  111884.6015625 |  85.0 |  88.0 |
           7.0 |              1.0 |           108800.0 |     1.2389999628067017 |  111884.6015625 |  85.0 |  89.0 |
           7.0 |              1.0 |           102800.0 |      8.376999855041504 |  111884.6015625 |  85.0 |  93.0 |
           7.0 |              1.0 |      96392.2734375 |   0.025629999116063118 |  111884.6015625 |  85.0 |  98.0 |
           7.0 |              1.0 |      94903.2265625 |     1.5870000123977661 |  111884.6015625 |  85.0 | 102.0 |
           7.0 |              1.0 |           243400.0 |     0.6245999932289124 |    112311.21875 |  86.0 |  88.0 |
           7.0 |              1.0 |           203200.0 |   0.020867999643087387 |    112311.21875 |  86.0 |  89.0 |
           7.0 |              1.0 |           159500.0 |     1.4562000036239624 |    112311.21875 |  86.0 | 102.0 |
           7.0 |              1.0 |           415200.0 |    0.11010000109672546 |    112638.15625 |  87.0 |  94.0 |
           7.0 |              1.0 |           791900.0 |    0.27587997913360596 |  112721.9765625 |  88.0 |  92.0 |
           7.0 |              1.0 |          2222000.0 |     0.5698800086975098 |  112803.2265625 |  89.0 |  92.0 |
           7.0 |              1.0 |          1391000.0 |  0.0061879996210336685 |  112807.0546875 |  90.0 |  94.0 |
           7.0 |              1.0 |          1081000.0 |      3.063199996948242 |  112807.0546875 |  90.0 |  95.0 |
           7.0 |              1.0 |           639900.0 |    0.34775999188423157 |  112807.0546875 |  90.0 | 103.0 |
           7.0 |              1.0 |          2363000.0 |    0.45792001485824585 |  112836.6328125 |  91.0 |  94.0 |
           7.0 |              1.0 |         10750000.0 |  0.0010089999996125698 |    112848.21875 |  92.0 |  93.0 |
           7.0 |              1.0 |          1360000.0 |    0.10570000112056732 |    112848.21875 |  92.0 |  98.0 |
           7.0 |              1.0 |          1113000.0 |   0.060530003160238266 |    112848.21875 |  92.0 | 102.0 |
           7.0 |              1.0 |          1601000.0 |     0.6917400360107422 |   112857.515625 |  93.0 |  97.0 |
           7.0 |              1.0 |           917900.0 |    0.09949799627065659 |   112857.515625 |  93.0 | 104.0 |
           7.0 |              1.0 |          3229000.0 |   0.022339999675750732 |     112878.9375 |  94.0 |  96.0 |
           7.0 |              1.0 |          2335000.0 |    0.21320000290870667 |     112878.9375 |  94.0 |  99.0 |
           7.0 |              1.0 |          3363000.0 |   0.020160000771284103 |    112899.53125 |  95.0 | 100.0 |
           7.0 |              1.0 |          1873000.0 |     0.9780000448226929 |  112909.8984375 |  96.0 | 103.0 |
           7.0 |              1.0 |         10730000.0 |   0.009849599562585354 |     112919.9375 |  97.0 | 101.0 |
           7.0 |              1.0 |          2238000.0 |   0.013259399682283401 |       112921.75 |  98.0 | 104.0 |
           7.0 |              1.0 |          2407000.0 |    0.02388959936797619 |       112921.75 |  99.0 | 103.0 |
           7.0 |              1.0 |          2938000.0 |                    0.0 |             0.0 | 100.0 | 103.0 |
           7.0 |              1.0 |          2690000.0 |                    0.0 |             0.0 | 101.0 | 104.0 |
           7.0 |              1.0 |          3520000.0 |                    0.0 |             0.0 | 102.0 | 104.0 |
%CMFGEN