 Atomic Number | Ionization State | Wavelength (Ang.) |  g_i*f_ik | E_i(cm^-1) |    i |    j |
          18.0 |             18.0 |            3.7363 |       0.0 |        0.0 |  1.0 |  2.0 |
          18.0 |             18.0 |             3.737 |    0.2762 |        0.0 |  1.0 |  3.0 |
          18.0 |             18.0 |             3.731 |    0.5474 |        0.0 |  1.0 |  4.0 |
          18.0 |             18.0 |            3.1514 |    0.0522 |        0.0 |  1.0 |  5.0 |
          18.0 |             18.0 |           20.1288 |      0.29 | 26764198.0 |  2.0 |  5.0 |
          18.0 |             18.0 |           20.1079 |   0.02711 | 26759432.0 |  3.0 |  6.0 |
          18.0 |             18.0 |           20.2834 |   0.05726 | 26802466.0 |  4.0 |  6.0 |
          18.0 |             18.0 |            3.1502 | 0.0001197 |        0.0 |  1.0 |  7.0 |
          18.0 |             18.0 |           20.0631 |     1.377 | 26759432.0 |  3.0 |  7.0 |
          18.0 |             18.0 |           20.2378 |    0.2778 | 26802466.0 |  4.0 |  7.0 |
          18.0 |             18.0 |           20.0822 |    0.5681 | 26764198.0 |  2.0 |  8.0 |
          18.0 |             18.0 |           20.2377 | 9.988e-05 | 26802466.0 |  4.0 |  8.0 |
          18.0 |             18.0 |            3.1499 | 0.0001779 |        0.0 |  1.0 |  9.0 |
          18.0 |             18.0 |           20.0478 | 0.0006422 | 26759432.0 |  3.0 |  9.0 |
          18.0 |             18.0 |           20.2223 |     2.497 | 26802466.0 |  4.0 |  9.0 |
          18.0 |             18.0 |            2.9878 |    0.0191 |        0.0 |  1.0 | 10.0 |
          18.0 |             18.0 |           14.9127 |   0.06846 | 26764198.0 |  2.0 | 10.0 |
          18.0 |             18.0 |           14.9983 | 2.351e-05 | 26802466.0 |  4.0 | 10.0 |
          18.0 |             18.0 |            57.561 |    0.3237 | 31732606.0 |  6.0 | 10.0 |
          18.0 |             18.0 |            57.931 |   0.03876 | 31743708.0 |  7.0 | 10.0 |
          18.0 |             18.0 |            57.932 | 8.796e-05 | 31743728.0 |  8.0 | 10.0 |
          18.0 |             18.0 |           14.9017 |  0.006056 | 26759432.0 |  3.0 | 11.0 |
          18.0 |             18.0 |           14.9979 |   0.01268 | 26802466.0 |  4.0 | 11.0 |
          18.0 |             18.0 |            57.543 |   0.06422 | 31732214.0 |  5.0 | 11.0 |
          18.0 |             18.0 |            57.926 | 1.426e-05 | 31743708.0 |  7.0 | 11.0 |
          18.0 |             18.0 |            58.054 | 2.153e-05 | 31747512.0 |  9.0 | 11.0 |
          18.0 |             18.0 |            2.9873 |       0.0 |        0.0 |  1.0 | 12.0 |
          18.0 |             18.0 |           14.9019 |  2.36e-05 | 26764198.0 |  2.0 | 12.0 |
          18.0 |             18.0 |           14.8913 |     0.243 | 26759432.0 |  3.0 | 12.0 |
          18.0 |             18.0 |           14.9874 |   0.04852 | 26802466.0 |  4.0 | 12.0 |
          18.0 |             18.0 |            57.388 |     1.217 | 31732214.0 |  5.0 | 12.0 |
          18.0 |             18.0 |            57.401 | 8.643e-05 | 31732606.0 |  6.0 | 12.0 |
          18.0 |             18.0 |             57.77 |    0.2474 | 31743728.0 |  8.0 | 12.0 |
          18.0 |             18.0 |            57.769 |  0.007391 | 31743708.0 |  7.0 | 13.0 |
          18.0 |             18.0 |            57.896 |   0.06729 | 31747512.0 |  9.0 | 13.0 |
          18.0 |             18.0 |            2.9872 | 8.814e-05 |        0.0 |  1.0 | 14.0 |
          18.0 |             18.0 |           14.8878 | 3.709e-05 | 26759432.0 |  3.0 | 14.0 |
          18.0 |             18.0 |           14.9838 |    0.4377 | 26802466.0 |  4.0 | 14.0 |
          18.0 |             18.0 |            57.335 | 0.0003858 | 31732214.0 |  5.0 | 14.0 |
          18.0 |             18.0 |            57.716 |     2.215 | 31743728.0 |  8.0 | 14.0 |
          18.0 |             18.0 |            57.842 | 9.744e-05 | 31747512.0 |  9.0 | 14.0 |
          18.0 |             18.0 |           14.8984 | 0.0003265 | 26764198.0 |  2.0 | 15.0 |
          18.0 |             18.0 |            57.348 | 0.0004657 | 31732606.0 |  6.0 | 15.0 |
          18.0 |             18.0 |            57.843 |    0.2904 | 31747512.0 |  9.0 | 15.0 |
          18.0 |             18.0 |            14.982 | 0.0005641 | 26802466.0 |  4.0 | 16.0 |
          18.0 |             18.0 |             57.69 | 0.0007921 | 31743728.0 |  8.0 | 16.0 |
          18.0 |             18.0 |            57.816 |     5.808 | 31747512.0 |  9.0 | 16.0 |
          18.0 |             18.0 |            2.9177 |  0.009162 |        0.0 |  1.0 | 17.0 |
          18.0 |             18.0 |           13.3168 |   0.02787 | 26764198.0 |  2.0 | 17.0 |
          18.0 |             18.0 |            39.356 |   0.08063 | 31732606.0 |  6.0 | 17.0 |
          18.0 |             18.0 |           39.5287 |  0.007755 | 31743708.0 |  7.0 | 17.0 |
          18.0 |             18.0 |           124.462 |    0.3624 | 33470058.0 | 11.0 | 17.0 |
          18.0 |             18.0 |           125.192 |   0.09747 | 33474740.0 | 12.0 | 17.0 |
          18.0 |             18.0 |           13.3082 |  0.002422 | 26759432.0 |  3.0 | 18.0 |
          18.0 |             18.0 |           13.3848 |  0.005072 | 26802466.0 |  4.0 | 18.0 |
          18.0 |             18.0 |           39.3486 |   0.01484 | 31732214.0 |  5.0 | 18.0 |
          18.0 |             18.0 |           39.5277 |   0.03088 | 31743728.0 |  8.0 | 18.0 |
          18.0 |             18.0 |           124.424 |    0.1059 | 33469894.0 | 10.0 | 18.0 |
          18.0 |             18.0 |           125.178 | 7.304e-05 | 33474740.0 | 12.0 | 18.0 |
          18.0 |             18.0 |            125.18 |    0.2206 | 33474750.0 | 13.0 | 18.0 |
          18.0 |             18.0 |            2.9175 | 3.191e-05 |        0.0 |  1.0 | 19.0 |
          18.0 |             18.0 |            13.304 |   0.08873 | 26759432.0 |  3.0 | 19.0 |
          18.0 |             18.0 |           13.3806 |   0.01764 | 26802466.0 |  4.0 | 19.0 |
          18.0 |             18.0 |           39.3115 |    0.2766 | 31732214.0 |  5.0 | 19.0 |
          18.0 |             18.0 |           39.4903 |    0.0556 | 31743728.0 |  8.0 | 19.0 |
          18.0 |             18.0 |           124.054 |     1.197 | 33469894.0 | 10.0 | 19.0 |
          18.0 |             18.0 |           124.079 | 0.0001716 | 33470058.0 | 11.0 | 19.0 |
          18.0 |             18.0 |           124.806 |    0.2438 | 33474750.0 | 13.0 | 19.0 |
          18.0 |             18.0 |           125.054 |    0.0507 | 33476344.0 | 15.0 | 19.0 |
          18.0 |             18.0 |           13.3124 |   0.05535 | 26764198.0 |  2.0 | 20.0 |
          18.0 |             18.0 |           39.3175 |     0.159 | 31732606.0 |  6.0 | 20.0 |
          18.0 |             18.0 |           39.4899 |  0.001478 | 31743708.0 |  7.0 | 20.0 |
          18.0 |             18.0 |           39.5493 |   0.01353 | 31747512.0 |  9.0 | 20.0 |
          18.0 |             18.0 |           124.078 |    0.7065 | 33470058.0 | 11.0 | 20.0 |
          18.0 |             18.0 |           124.803 |   0.01865 | 33474740.0 | 12.0 | 20.0 |
          18.0 |             18.0 |           13.3109 | 0.0001745 | 26764198.0 |  2.0 | 21.0 |
          18.0 |             18.0 |           13.3791 | 5.022e-05 | 26802466.0 |  4.0 | 21.0 |
          18.0 |             18.0 |           39.4771 |    0.6267 | 31743708.0 |  7.0 | 21.0 |
          18.0 |             18.0 |           39.5365 |   0.04464 | 31747512.0 |  9.0 | 21.0 |
          18.0 |             18.0 |           123.927 | 0.0003511 | 33469894.0 | 10.0 | 21.0 |
          18.0 |             18.0 |           124.676 |     3.547 | 33474740.0 | 12.0 | 21.0 |
          18.0 |             18.0 |           124.926 |    0.2544 | 33476348.0 | 14.0 | 21.0 |
          18.0 |             18.0 |            2.9174 | 4.748e-05 |        0.0 |  1.0 | 22.0 |
          18.0 |             18.0 |           13.3025 |       0.0 | 26759432.0 |  3.0 | 22.0 |
          18.0 |             18.0 |           39.2988 | 5.341e-05 | 31732214.0 |  5.0 | 22.0 |
          18.0 |             18.0 |           39.4774 |    0.5001 | 31743728.0 |  8.0 | 22.0 |
          18.0 |             18.0 |           123.952 | 0.0002573 | 33470058.0 | 11.0 | 22.0 |
          18.0 |             18.0 |           124.677 |      2.18 | 33474750.0 | 13.0 | 22.0 |
          18.0 |             18.0 |           125.051 |   0.07176 | 33477144.0 | 16.0 | 22.0 |
          18.0 |             18.0 |           39.4708 | 0.0006646 | 31743708.0 |  7.0 | 23.0 |
          18.0 |             18.0 |           39.5301 |    0.8947 | 31747512.0 |  9.0 | 23.0 |
          18.0 |             18.0 |           124.614 | 0.0005757 | 33474750.0 | 13.0 | 23.0 |
          18.0 |             18.0 |           124.863 |     5.079 | 33476348.0 | 14.0 | 23.0 |
          18.0 |             18.0 |           13.3784 | 0.0003008 | 26802466.0 |  4.0 | 24.0 |
          18.0 |             18.0 |           124.612 | 0.0005984 | 33474740.0 | 12.0 | 24.0 |
          18.0 |             18.0 |           124.862 |     8.068 | 33476344.0 | 15.0 | 24.0 |
          18.0 |             18.0 |           124.987 |     0.299 | 33477144.0 | 16.0 | 24.0 |
%CHIANTI