 Atomic Number | Ionization State | Wavelength (Ang.) |  g_i*f_ik | E_i(cm^-1) |    i |    j |
          10.0 |              9.0 |           13.6987 |       0.0 |        0.0 |  1.0 |  2.0 |
          10.0 |              9.0 |          1277.702 |   0.02451 |        0.0 |  2.0 |  3.0 |
          10.0 |              9.0 |           13.5529 | 0.0003454 |        0.0 |  1.0 |  4.0 |
          10.0 |              9.0 |          1272.807 |   0.07436 |        0.0 |  2.0 |  4.0 |
          10.0 |              9.0 |             13.55 |       0.0 |        0.0 |  1.0 |  5.0 |
          10.0 |              9.0 |          1248.284 |    0.1271 |        0.0 |  2.0 |  5.0 |
          10.0 |              9.0 |           13.4471 |    0.7356 |        0.0 |  1.0 |  7.0 |
          10.0 |              9.0 |            80.335 |   0.01736 |        0.0 |  3.0 |  8.0 |
          10.0 |              9.0 |            80.354 |   0.05202 |        0.0 |  4.0 |  8.0 |
          10.0 |              9.0 |            80.454 |   0.08659 |        0.0 |  5.0 |  8.0 |
          10.0 |              9.0 |            84.286 | 2.303e-05 |        0.0 |  7.0 |  8.0 |
          10.0 |              9.0 |            74.379 |    0.1192 |        0.0 |  2.0 |  9.0 |
          10.0 |              9.0 |            11.568 | 8.139e-05 |        0.0 |  1.0 | 10.0 |
          10.0 |              9.0 |            74.374 |    0.3575 |        0.0 |  2.0 | 10.0 |
          10.0 |              9.0 |            79.251 | 0.0002009 |        0.0 |  6.0 | 10.0 |
          10.0 |              9.0 |            74.348 |    0.5965 |        0.0 |  2.0 | 11.0 |
          10.0 |              9.0 |            78.966 | 2.813e-05 |        0.0 |  4.0 | 12.0 |
          10.0 |              9.0 |             82.76 |   0.05745 |        0.0 |  7.0 | 12.0 |
          10.0 |              9.0 |            78.199 |    0.6717 |        0.0 |  3.0 | 13.0 |
          10.0 |              9.0 |            78.217 |    0.5032 |        0.0 |  4.0 | 13.0 |
          10.0 |              9.0 |            78.312 |   0.03351 |        0.0 |  5.0 | 13.0 |
          10.0 |              9.0 |            81.938 |  0.000226 |        0.0 |  7.0 | 13.0 |
          10.0 |              9.0 |             78.21 |     1.473 |        0.0 |  4.0 | 14.0 |
          10.0 |              9.0 |            78.304 |    0.4855 |        0.0 |  5.0 | 14.0 |
          10.0 |              9.0 |             81.93 |   0.05878 |        0.0 |  7.0 | 14.0 |
          10.0 |              9.0 |              78.3 |     2.815 |        0.0 |  5.0 | 15.0 |
          10.0 |              9.0 |            78.002 |   0.03803 |        0.0 |  4.0 | 16.0 |
          10.0 |              9.0 |            78.096 |   0.01713 |        0.0 |  5.0 | 16.0 |
          10.0 |              9.0 |            81.701 |     2.053 |        0.0 |  7.0 | 16.0 |
          10.0 |              9.0 |           11.5466 |    0.1551 |        0.0 |  1.0 | 17.0 |
          10.0 |              9.0 |            78.256 |    0.3899 |        0.0 |  6.0 | 17.0 |
          10.0 |              9.0 |            58.928 |  0.003306 |        0.0 |  3.0 | 18.0 |
          10.0 |              9.0 |            58.938 |  0.009906 |        0.0 |  4.0 | 18.0 |
          10.0 |              9.0 |            58.992 |   0.01649 |        0.0 |  5.0 | 18.0 |
          10.0 |              9.0 |           232.126 |   0.04183 |        0.0 |  9.0 | 18.0 |
          10.0 |              9.0 |            232.18 |    0.1253 |        0.0 | 10.0 | 18.0 |
          10.0 |              9.0 |           232.428 |    0.2087 |        0.0 | 11.0 | 18.0 |
          10.0 |              9.0 |            56.052 |   0.02898 |        0.0 |  2.0 | 19.0 |
          10.0 |              9.0 |            216.92 |    0.1303 |        0.0 |  8.0 | 19.0 |
          10.0 |              9.0 |           234.192 |   0.02257 |        0.0 | 13.0 | 19.0 |
          10.0 |              9.0 |           11.0083 | 3.268e-05 |        0.0 |  1.0 | 20.0 |
          10.0 |              9.0 |            56.051 |   0.08691 |        0.0 |  2.0 | 20.0 |
          10.0 |              9.0 |            58.777 | 5.487e-05 |        0.0 |  6.0 | 20.0 |
          10.0 |              9.0 |           216.901 |    0.3908 |        0.0 |  8.0 | 20.0 |
          10.0 |              9.0 |           227.707 |   0.00023 |        0.0 | 12.0 | 20.0 |
          10.0 |              9.0 |            234.17 |   0.01693 |        0.0 | 13.0 | 20.0 |
          10.0 |              9.0 |           234.236 |   0.04947 |        0.0 | 14.0 | 20.0 |
          10.0 |              9.0 |           236.122 |  0.001325 |        0.0 | 16.0 | 20.0 |
          10.0 |              9.0 |            56.045 |    0.1449 |        0.0 |  2.0 | 21.0 |
          10.0 |              9.0 |           216.812 |    0.6521 |        0.0 |  8.0 | 21.0 |
          10.0 |              9.0 |           234.066 |   0.00113 |        0.0 | 13.0 | 21.0 |
          10.0 |              9.0 |           234.132 |   0.01637 |        0.0 | 14.0 | 21.0 |
          10.0 |              9.0 |           236.016 |  0.000576 |        0.0 | 16.0 | 21.0 |
          10.0 |              9.0 |            58.632 | 6.712e-06 |        0.0 |  4.0 | 22.0 |
          10.0 |              9.0 |            60.698 |    0.0138 |        0.0 |  7.0 | 22.0 |
          10.0 |              9.0 |             227.5 | 6.769e-05 |        0.0 | 10.0 | 22.0 |
          10.0 |              9.0 |           236.111 |    0.1255 |        0.0 | 17.0 | 22.0 |
          10.0 |              9.0 |            58.408 |    0.1221 |        0.0 |  3.0 | 23.0 |
          10.0 |              9.0 |            58.418 |   0.09145 |        0.0 |  4.0 | 23.0 |
          10.0 |              9.0 |            58.471 |  0.006092 |        0.0 |  5.0 | 23.0 |
          10.0 |              9.0 |            60.469 |  4.18e-05 |        0.0 |  7.0 | 23.0 |
          10.0 |              9.0 |           224.266 |    0.5774 |        0.0 |  9.0 | 23.0 |
          10.0 |              9.0 |           224.316 |    0.4326 |        0.0 | 10.0 | 23.0 |
          10.0 |              9.0 |           224.548 |   0.02882 |        0.0 | 11.0 | 23.0 |
          10.0 |              9.0 |            58.417 |    0.2705 |        0.0 |  4.0 | 24.0 |
          10.0 |              9.0 |             58.47 |   0.08942 |        0.0 |  5.0 | 24.0 |
          10.0 |              9.0 |            60.468 |  0.006012 |        0.0 |  7.0 | 24.0 |
          10.0 |              9.0 |           224.296 |      1.28 |        0.0 | 10.0 | 24.0 |
          10.0 |              9.0 |           224.527 |    0.4229 |        0.0 | 11.0 | 24.0 |
          10.0 |              9.0 |           232.661 |   0.03137 |        0.0 | 17.0 | 24.0 |
          10.0 |              9.0 |            58.468 |    0.5118 |        0.0 |  5.0 | 25.0 |
          10.0 |              9.0 |           224.502 |     2.421 |        0.0 | 11.0 | 25.0 |
          10.0 |              9.0 |           231.032 |     3.048 |        0.0 | 13.0 | 26.0 |
          10.0 |              9.0 |           231.076 |    0.5451 |        0.0 | 14.0 | 26.0 |
          10.0 |              9.0 |           231.173 |   0.01612 |        0.0 | 15.0 | 26.0 |
          10.0 |              9.0 |           231.457 |   0.01918 |        0.0 | 16.0 | 26.0 |
          10.0 |              9.0 |           231.118 |     3.552 |        0.0 | 14.0 | 27.0 |
          10.0 |              9.0 |           231.155 |    0.3404 |        0.0 | 15.0 | 27.0 |
          10.0 |              9.0 |           232.954 |     1.191 |        0.0 | 16.0 | 27.0 |
          10.0 |              9.0 |           228.686 |    0.9828 |        0.0 | 14.0 | 29.0 |
          10.0 |              9.0 |           228.723 |    0.2237 |        0.0 | 15.0 | 29.0 |
          10.0 |              9.0 |           230.484 |     3.876 |        0.0 | 16.0 | 29.0 |
          10.0 |              9.0 |            58.389 |  0.004062 |        0.0 |  4.0 | 30.0 |
          10.0 |              9.0 |            58.453 |  0.001973 |        0.0 |  5.0 | 30.0 |
          10.0 |              9.0 |            60.538 |     0.358 |        0.0 |  7.0 | 30.0 |
          10.0 |              9.0 |           224.674 |   0.01841 |        0.0 | 10.0 | 30.0 |
          10.0 |              9.0 |           224.958 |  0.009338 |        0.0 | 11.0 | 30.0 |
          10.0 |              9.0 |           233.653 |     1.868 |        0.0 | 17.0 | 30.0 |
          10.0 |              9.0 |           11.0003 |   0.05915 |        0.0 |  1.0 | 31.0 |
          10.0 |              9.0 |             58.55 |   0.09993 |        0.0 |  6.0 | 31.0 |
          10.0 |              9.0 |           224.341 |    0.4261 |        0.0 | 12.0 | 31.0 |
          10.0 |              9.0 |           232.504 |   0.04988 |        0.0 | 16.0 | 31.0 |
          10.0 |              9.0 |            52.521 |  0.001103 |        0.0 |  3.0 | 32.0 |
          10.0 |              9.0 |            52.529 |  0.003305 |        0.0 |  4.0 | 32.0 |
          10.0 |              9.0 |            52.572 |  0.005503 |        0.0 |  5.0 | 32.0 |
          10.0 |              9.0 |           156.789 |  0.008653 |        0.0 |  9.0 | 32.0 |
          10.0 |              9.0 |           156.814 |   0.02593 |        0.0 | 10.0 | 32.0 |
          10.0 |              9.0 |           156.927 |    0.0432 |        0.0 | 11.0 | 32.0 |
          10.0 |              9.0 |           504.541 |   0.06795 |        0.0 | 19.0 | 32.0 |
          10.0 |              9.0 |           504.643 |    0.2036 |        0.0 | 20.0 | 32.0 |
          10.0 |              9.0 |           505.127 |    0.3391 |        0.0 | 21.0 | 32.0 |
          10.0 |              9.0 |            50.335 |   0.01148 |        0.0 |  2.0 | 33.0 |
          10.0 |              9.0 |           150.684 |   0.03377 |        0.0 |  8.0 | 33.0 |
          10.0 |              9.0 |           158.821 |  0.004366 |        0.0 | 13.0 | 33.0 |
          10.0 |              9.0 |           472.947 |    0.1448 |        0.0 | 18.0 | 33.0 |
          10.0 |              9.0 |           509.321 |   0.05582 |        0.0 | 23.0 | 33.0 |
          10.0 |              9.0 |           10.7681 | 1.647e-05 |        0.0 |  1.0 | 34.0 |
          10.0 |              9.0 |            50.334 |   0.03442 |        0.0 |  2.0 | 34.0 |
          10.0 |              9.0 |            52.522 | 2.436e-05 |        0.0 |  6.0 | 34.0 |
          10.0 |              9.0 |            150.68 |    0.1013 |        0.0 |  8.0 | 34.0 |
          10.0 |              9.0 |           155.817 | 6.432e-05 |        0.0 | 12.0 | 34.0 |
          10.0 |              9.0 |           158.816 |  0.003273 |        0.0 | 13.0 | 34.0 |
          10.0 |              9.0 |           158.846 |   0.00957 |        0.0 | 14.0 | 34.0 |
          10.0 |              9.0 |           159.711 | 0.0002526 |        0.0 | 16.0 | 34.0 |
          10.0 |              9.0 |           472.903 |    0.4344 |        0.0 | 18.0 | 34.0 |
          10.0 |              9.0 |           509.269 |   0.04185 |        0.0 | 23.0 | 34.0 |
          10.0 |              9.0 |           509.372 |    0.1237 |        0.0 | 24.0 | 34.0 |
          10.0 |              9.0 |           506.925 |  0.001903 |        0.0 | 30.0 | 34.0 |
          10.0 |              9.0 |            50.332 |   0.05739 |        0.0 |  2.0 | 35.0 |
          10.0 |              9.0 |           150.657 |    0.1689 |        0.0 |  8.0 | 35.0 |
          10.0 |              9.0 |           158.791 | 0.0002184 |        0.0 | 13.0 | 35.0 |
          10.0 |              9.0 |           158.839 |   0.01834 |        0.0 | 15.0 | 35.0 |
          10.0 |              9.0 |           159.686 | 0.0001114 |        0.0 | 16.0 | 35.0 |
          10.0 |              9.0 |           472.679 |    0.7248 |        0.0 | 18.0 | 35.0 |
          10.0 |              9.0 |           509.009 |  0.002794 |        0.0 | 23.0 | 35.0 |
          10.0 |              9.0 |           509.113 |   0.04099 |        0.0 | 24.0 | 35.0 |
          10.0 |              9.0 |           509.243 |    0.2345 |        0.0 | 25.0 | 35.0 |
          10.0 |              9.0 |            52.407 | 3.015e-06 |        0.0 |  4.0 | 36.0 |
          10.0 |              9.0 |            54.051 |  0.006226 |        0.0 |  7.0 | 36.0 |
          10.0 |              9.0 |           155.727 |  1.58e-05 |        0.0 | 10.0 | 36.0 |
          10.0 |              9.0 |           159.714 |   0.02949 |        0.0 | 17.0 | 36.0 |
          10.0 |              9.0 |           493.559 |  0.000114 |        0.0 | 20.0 | 36.0 |
          10.0 |              9.0 |           510.152 |    0.2016 |        0.0 | 31.0 | 36.0 |
          10.0 |              9.0 |            52.348 |   0.04454 |        0.0 |  3.0 | 37.0 |
          10.0 |              9.0 |            52.356 |   0.03337 |        0.0 |  4.0 | 37.0 |
          10.0 |              9.0 |            52.399 |  0.002224 |        0.0 |  5.0 | 37.0 |
          10.0 |              9.0 |            53.997 | 1.532e-05 |        0.0 |  7.0 | 37.0 |
          10.0 |              9.0 |           155.255 |    0.1347 |        0.0 |  9.0 | 37.0 |
          10.0 |              9.0 |            155.28 |     0.101 |        0.0 | 10.0 | 37.0 |
          10.0 |              9.0 |            155.39 |  0.006728 |        0.0 | 11.0 | 37.0 |
          10.0 |              9.0 |           488.998 |    0.5599 |        0.0 | 19.0 | 37.0 |
          10.0 |              9.0 |           489.093 |    0.4195 |        0.0 | 20.0 | 37.0 |
          10.0 |              9.0 |           489.548 |   0.02795 |        0.0 | 21.0 | 37.0 |
          10.0 |              9.0 |           500.405 |   0.03785 |        0.0 | 26.0 | 37.0 |
          10.0 |              9.0 |           159.243 |  0.005685 |        0.0 | 17.0 | 38.0 |
          10.0 |              9.0 |           500.358 |  0.006883 |        0.0 | 26.0 | 38.0 |
          10.0 |              9.0 |           503.271 |   0.04138 |        0.0 | 27.0 | 38.0 |
          10.0 |              9.0 |           515.198 |    0.0148 |        0.0 | 29.0 | 38.0 |
          10.0 |              9.0 |           505.382 |   0.02534 |        0.0 | 31.0 | 38.0 |
          10.0 |              9.0 |            158.01 |    0.4701 |        0.0 | 13.0 | 40.0 |
          10.0 |              9.0 |           158.031 |   0.08407 |        0.0 | 14.0 | 40.0 |
          10.0 |              9.0 |           158.076 |  0.002486 |        0.0 | 15.0 | 40.0 |
          10.0 |              9.0 |           158.209 |  0.002961 |        0.0 | 16.0 | 40.0 |
          10.0 |              9.0 |           499.039 |     2.662 |        0.0 | 23.0 | 40.0 |
          10.0 |              9.0 |           499.132 |    0.4822 |        0.0 | 24.0 | 40.0 |
          10.0 |              9.0 |           499.318 |   0.01408 |        0.0 | 25.0 | 40.0 |
          10.0 |              9.0 |           500.068 |   0.01062 |        0.0 | 30.0 | 40.0 |
          10.0 |              9.0 |           158.058 |    0.5579 |        0.0 | 14.0 | 41.0 |
          10.0 |              9.0 |           158.075 |   0.05406 |        0.0 | 15.0 | 41.0 |
          10.0 |              9.0 |           158.914 |    0.1711 |        0.0 | 16.0 | 41.0 |
          10.0 |              9.0 |           501.354 |     3.024 |        0.0 | 24.0 | 41.0 |
          10.0 |              9.0 |           501.479 |    0.3061 |        0.0 | 25.0 | 41.0 |
          10.0 |              9.0 |           500.065 |     1.112 |        0.0 | 30.0 | 41.0 |
          10.0 |              9.0 |           499.848 |     6.728 |        0.0 | 26.0 | 43.0 |
          10.0 |              9.0 |            499.85 |    0.3553 |        0.0 | 27.0 | 43.0 |
          10.0 |              9.0 |           499.985 |  0.009342 |        0.0 | 28.0 | 43.0 |
          10.0 |              9.0 |            499.99 |    0.2333 |        0.0 | 29.0 | 43.0 |
          10.0 |              9.0 |           156.917 |    0.1414 |        0.0 | 14.0 | 45.0 |
          10.0 |              9.0 |           156.934 |   0.03296 |        0.0 | 15.0 | 45.0 |
          10.0 |              9.0 |           157.761 |    0.6082 |        0.0 | 16.0 | 45.0 |
          10.0 |              9.0 |           490.052 |    0.9298 |        0.0 | 24.0 | 45.0 |
          10.0 |              9.0 |           490.172 |    0.1866 |        0.0 | 25.0 | 45.0 |
          10.0 |              9.0 |           499.993 |     3.328 |        0.0 | 30.0 | 45.0 |
          10.0 |              9.0 |            52.283 |  0.001201 |        0.0 |  4.0 | 46.0 |
          10.0 |              9.0 |            52.335 | 0.0006062 |        0.0 |  5.0 | 46.0 |
          10.0 |              9.0 |              54.0 |    0.1315 |        0.0 |  7.0 | 46.0 |
          10.0 |              9.0 |           155.015 |   0.00351 |        0.0 | 10.0 | 46.0 |
          10.0 |              9.0 |            155.15 |  0.001835 |        0.0 | 11.0 | 46.0 |
          10.0 |              9.0 |           159.237 |     0.418 |        0.0 | 17.0 | 46.0 |
          10.0 |              9.0 |           486.834 |   0.01415 |        0.0 | 20.0 | 46.0 |
          10.0 |              9.0 |           487.396 |  0.007627 |        0.0 | 21.0 | 46.0 |
          10.0 |              9.0 |           499.838 |   0.01704 |        0.0 | 27.0 | 46.0 |
          10.0 |              9.0 |           499.978 |   0.04484 |        0.0 | 29.0 | 46.0 |
          10.0 |              9.0 |           504.083 |     1.856 |        0.0 | 31.0 | 46.0 |
          10.0 |              9.0 |           499.943 |     11.51 |        0.0 | 28.0 | 47.0 |
          10.0 |              9.0 |           499.808 |  0.009128 |        0.0 | 27.0 | 48.0 |
          10.0 |              9.0 |           499.948 |     9.147 |        0.0 | 29.0 | 48.0 |
          10.0 |              9.0 |           10.7643 |   0.02914 |        0.0 |  1.0 | 49.0 |
          10.0 |              9.0 |             52.43 |   0.04324 |        0.0 |  6.0 | 49.0 |
          10.0 |              9.0 |            155.01 |    0.1147 |        0.0 | 12.0 | 49.0 |
          10.0 |              9.0 |           158.864 |   0.01024 |        0.0 | 16.0 | 49.0 |
          10.0 |              9.0 |           485.578 |    0.4731 |        0.0 | 22.0 | 49.0 |
          10.0 |              9.0 |           497.953 |    0.1288 |        0.0 | 30.0 | 49.0 |
%CHIANTI