 Atomic Number | Ionization State |  Wavelength (Ang.) |               g_i*f_ik |     E_i(cm^-1) |    i |    j |
           1.0 |              1.0 | 1215.6700439453125 |     0.8324000239372253 |            0.0 |  1.0 |  2.0 |
           1.0 |              1.0 |  1025.719970703125 |     0.1581999957561493 |            0.0 |  1.0 |  3.0 |
           1.0 |              1.0 |  972.5399780273438 |     0.0579800009727478 |            0.0 |  1.0 |  4.0 |
           1.0 |              1.0 |   949.739990234375 |   0.027879999950528145 |            0.0 |  1.0 |  5.0 |
           1.0 |              1.0 |  937.7999877929688 |   0.015598000027239323 |            0.0 |  1.0 |  6.0 |
           1.0 |              1.0 |             930.75 |   0.009627999737858772 |            0.0 |  1.0 |  7.0 |
           1.0 |              1.0 |    926.22998046875 |   0.006366000045090914 |            0.0 |  1.0 |  8.0 |
           1.0 |              1.0 |  923.1500244140625 |    0.00443200021982193 |            0.0 |  1.0 |  9.0 |
           1.0 |              1.0 |  920.9600219726562 |  0.0032099999953061342 |            0.0 |  1.0 | 10.0 |
           1.0 |              1.0 |  919.3499755859375 |  0.0024019998963922262 |            0.0 |  1.0 | 11.0 |
           1.0 |              1.0 |  918.1300048828125 |  0.0018427999457344413 |            0.0 |  1.0 | 12.0 |
           1.0 |              1.0 |  917.1799926757812 |  0.0014453999465331435 |            0.0 |  1.0 | 13.0 |
           1.0 |              1.0 |  916.4299926757812 |   0.001154799945652485 |            0.0 |  1.0 | 14.0 |
           1.0 |              1.0 |  915.8200073242188 |  0.0009371999767608941 |            0.0 |  1.0 | 15.0 |
           1.0 |              1.0 |  915.3300170898438 |  0.0007711999933235347 |            0.0 |  1.0 | 16.0 |
           1.0 |              1.0 |  914.9199829101562 |  0.0006422000005841255 |            0.0 |  1.0 | 17.0 |
           1.0 |              1.0 |  914.5800170898438 |  0.0005403999821282923 |            0.0 |  1.0 | 18.0 |
           1.0 |              1.0 |  914.2899780273438 |  0.0004592000041157007 |            0.0 |  1.0 | 19.0 |
           1.0 |              1.0 |  914.0399780273438 | 0.00039339999784715474 |            0.0 |  1.0 | 20.0 |
           1.0 |              1.0 |  913.8300170898438 |  0.0003395999956410378 |            0.0 |  1.0 | 21.0 |
           1.0 |              1.0 |  913.6400146484375 | 0.00029520000680349767 |            0.0 |  1.0 | 22.0 |
           1.0 |              1.0 |    913.47998046875 |  0.0002581999870017171 |            0.0 |  1.0 | 23.0 |
           1.0 |              1.0 |  913.3400268554688 |  0.0002271999983349815 |            0.0 |  1.0 | 24.0 |
           1.0 |              1.0 |  913.2100219726562 | 0.00020080000103916973 |            0.0 |  1.0 | 25.0 |
           1.0 |              1.0 |  913.0999755859375 |  0.0001785200001904741 |            0.0 |  1.0 | 26.0 |
           1.0 |              1.0 |   913.010009765625 | 0.00015936000272631645 |            0.0 |  1.0 | 27.0 |
           1.0 |              1.0 |  912.9199829101562 |  0.0001428399991709739 |            0.0 |  1.0 | 28.0 |
           1.0 |              1.0 |  912.8400268554688 | 0.00012854000669904053 |            0.0 |  1.0 | 29.0 |
           1.0 |              1.0 |    912.77001953125 | 0.00011608000204432756 |            0.0 |  1.0 | 30.0 |
           1.0 |              1.0 |    6562.7900390625 |     5.1255998611450195 |    82259.09375 |  2.0 |  3.0 |
           1.0 |              1.0 |   4861.31982421875 |     0.9544000029563904 |    82259.09375 |  2.0 |  4.0 |
           1.0 |              1.0 |    4340.4599609375 |    0.35736000537872314 |    82259.09375 |  2.0 |  5.0 |
           1.0 |              1.0 |   4101.72998046875 |    0.17671999335289001 |    82259.09375 |  2.0 |  6.0 |
           1.0 |              1.0 |  3970.070068359375 |    0.10159999877214432 |    82259.09375 |  2.0 |  7.0 |
           1.0 |              1.0 |  3889.050048828125 |    0.06428799778223038 |    82259.09375 |  2.0 |  8.0 |
           1.0 |              1.0 |    3835.3798828125 |   0.043432001024484634 |    82259.09375 |  2.0 |  9.0 |
           1.0 |              1.0 |   3797.89990234375 |    0.03080799989402294 |    82259.09375 |  2.0 | 10.0 |
           1.0 |              1.0 |    3770.6298828125 |   0.022679999470710754 |    82259.09375 |  2.0 | 11.0 |
           1.0 |              1.0 |   3750.14990234375 |   0.017208000645041466 |    82259.09375 |  2.0 | 12.0 |
           1.0 |              1.0 |    3734.3701171875 |   0.013376000337302685 |    82259.09375 |  2.0 | 13.0 |
           1.0 |              1.0 |   3721.93994140625 |   0.010607999749481678 |    82259.09375 |  2.0 | 14.0 |
           1.0 |              1.0 |  3711.969970703125 |   0.008559999987483025 |    82259.09375 |  2.0 | 15.0 |
           1.0 |              1.0 |   3703.85009765625 |   0.007011199835687876 |    82259.09375 |  2.0 | 16.0 |
           1.0 |              1.0 |   3697.14990234375 |   0.005816000048071146 |    82259.09375 |  2.0 | 17.0 |
           1.0 |              1.0 |  3691.550048828125 |  0.0048791998997330666 |    82259.09375 |  2.0 | 18.0 |
           1.0 |              1.0 |     3686.830078125 |  0.0041335998103022575 |    82259.09375 |  2.0 | 19.0 |
           1.0 |              1.0 |   3682.81005859375 |   0.003532799892127514 |    82259.09375 |  2.0 | 20.0 |
           1.0 |              1.0 |   3679.35009765625 |  0.0030431998893618584 |    82259.09375 |  2.0 | 21.0 |
           1.0 |              1.0 |  3676.360107421875 |  0.0026400000788271427 |    82259.09375 |  2.0 | 22.0 |
           1.0 |              1.0 |  3673.760009765625 |    0.00230560009367764 |    82259.09375 |  2.0 | 23.0 |
           1.0 |              1.0 |   3671.47998046875 |  0.0020256000570952892 |    82259.09375 |  2.0 | 24.0 |
           1.0 |              1.0 |    3669.4599609375 |  0.0017896000063046813 |    82259.09375 |  2.0 | 25.0 |
           1.0 |              1.0 |  3667.679931640625 |  0.0015879999846220016 |    82259.09375 |  2.0 | 26.0 |
           1.0 |              1.0 |  3666.090087890625 |  0.0014167999615892768 |    82259.09375 |  2.0 | 27.0 |
           1.0 |              1.0 |  3664.679931640625 |  0.0012687999987974763 |    82259.09375 |  2.0 | 28.0 |
           1.0 |              1.0 |   3663.39990234375 |  0.0011407999554648995 |    82259.09375 |  2.0 | 29.0 |
           1.0 |              1.0 |  3662.260009765625 |  0.0010296000400558114 |    82259.09375 |  2.0 | 30.0 |
           1.0 |              1.0 |            18751.0 |     15.157800674438477 |   97492.296875 |  3.0 |  4.0 |
           1.0 |              1.0 |      12818.0703125 |     2.7107999324798584 |   97492.296875 |  3.0 |  5.0 |
           1.0 |              1.0 |     10938.08984375 |      1.005120038986206 |   97492.296875 |  3.0 |  6.0 |
           1.0 |              1.0 |   10049.3701171875 |    0.49823999404907227 |   97492.296875 |  3.0 |  7.0 |
           1.0 |              1.0 |    9545.9697265625 |     0.2887199819087982 |   97492.296875 |  3.0 |  8.0 |
           1.0 |              1.0 |      9229.01953125 |    0.18413999676704407 |   97492.296875 |  3.0 |  9.0 |
           1.0 |              1.0 |      9014.91015625 |    0.12564000487327576 |   97492.296875 |  3.0 | 10.0 |
           1.0 |              1.0 |    8862.7900390625 |    0.08992800116539001 |   97492.296875 |  3.0 | 11.0 |
           1.0 |              1.0 |      8750.48046875 |    0.06679800152778625 |   97492.296875 |  3.0 | 12.0 |
           1.0 |              1.0 |      8665.01953125 |    0.05110199749469757 |   97492.296875 |  3.0 | 13.0 |
           1.0 |              1.0 |    8598.3896484375 |   0.040031999349594116 |   97492.296875 |  3.0 | 14.0 |
           1.0 |              1.0 |    8545.3896484375 |   0.031968001276254654 |   97492.296875 |  3.0 | 15.0 |
           1.0 |              1.0 |     8502.490234375 |   0.025974001735448837 |   97492.296875 |  3.0 | 16.0 |
           1.0 |              1.0 |     8467.259765625 |   0.021383998915553093 |   97492.296875 |  3.0 | 17.0 |
           1.0 |              1.0 |    8437.9599609375 |   0.017848799005150795 |   97492.296875 |  3.0 | 18.0 |
           1.0 |              1.0 |       8413.3203125 |   0.015049800276756287 |   97492.296875 |  3.0 | 19.0 |
           1.0 |              1.0 |     8392.400390625 |   0.012812400236725807 |   97492.296875 |  3.0 | 20.0 |
           1.0 |              1.0 |      8374.48046875 |   0.010996200144290924 |   97492.296875 |  3.0 | 21.0 |
           1.0 |              1.0 |     8359.009765625 |   0.009511199779808521 |   97492.296875 |  3.0 | 22.0 |
           1.0 |              1.0 |    8345.5595703125 |   0.008283600211143494 |   97492.296875 |  3.0 | 23.0 |
           1.0 |              1.0 |    8333.7900390625 |   0.007261199876666069 |   97492.296875 |  3.0 | 24.0 |
           1.0 |              1.0 |       8323.4296875 |   0.006399000063538551 |   97492.296875 |  3.0 | 25.0 |
           1.0 |              1.0 |     8314.259765625 |   0.005670000333338976 |   97492.296875 |  3.0 | 26.0 |
           1.0 |              1.0 |    8306.1201171875 |  0.0050490000285208225 |   97492.296875 |  3.0 | 27.0 |
           1.0 |              1.0 |      8298.83984375 |   0.004514399915933609 |   97492.296875 |  3.0 | 28.0 |
           1.0 |              1.0 |    8292.3095703125 |  0.0040536001324653625 |   97492.296875 |  3.0 | 29.0 |
           1.0 |              1.0 |    8286.4404296875 |  0.0036540001165121794 |   97492.296875 |  3.0 | 30.0 |
           1.0 |              1.0 |     40511.55859375 |     33.215999603271484 |  102823.890625 |  4.0 |  5.0 |
           1.0 |              1.0 |            26251.5 |      5.737599849700928 |  102823.890625 |  4.0 |  6.0 |
           1.0 |              1.0 |    21655.279296875 |      2.095679998397827 |  102823.890625 |  4.0 |  7.0 |
           1.0 |              1.0 |    19445.560546875 |     1.0335999727249146 |  102823.890625 |  4.0 |  8.0 |
           1.0 |              1.0 |    18174.119140625 |     0.5983999967575073 |  102823.890625 |  4.0 |  9.0 |
           1.0 |              1.0 |       17362.109375 |     0.3827199935913086 |  102823.890625 |  4.0 | 10.0 |
           1.0 |              1.0 |    16806.529296875 |     0.2619839906692505 |  102823.890625 |  4.0 | 11.0 |
           1.0 |              1.0 |     16407.19921875 |    0.18835200369358063 |  102823.890625 |  4.0 | 12.0 |
           1.0 |              1.0 |      16109.3203125 |    0.14057600498199463 |  102823.890625 |  4.0 | 13.0 |
           1.0 |              1.0 |   15880.5498046875 |     0.1080000028014183 |  102823.890625 |  4.0 | 14.0 |
           1.0 |              1.0 |    15700.669921875 |    0.08499199897050858 |  102823.890625 |  4.0 | 15.0 |
           1.0 |              1.0 |   15556.4599609375 |     0.0681919977068901 |  102823.890625 |  4.0 | 16.0 |
           1.0 |              1.0 |      15438.9296875 |    0.05564799904823303 |  102823.890625 |  4.0 | 17.0 |
           1.0 |              1.0 |   15341.7998046875 |    0.04604800045490265 |  102823.890625 |  4.0 | 18.0 |
           1.0 |              1.0 |   15260.5498046875 |    0.03852799907326698 |  102823.890625 |  4.0 | 19.0 |
           1.0 |              1.0 |    15191.849609375 |   0.032607998698949814 |  102823.890625 |  4.0 | 20.0 |
           1.0 |              1.0 |     15133.23046875 |    0.02784319967031479 |  102823.890625 |  4.0 | 21.0 |
           1.0 |              1.0 |   15082.7802734375 |   0.023974400013685226 |  102823.890625 |  4.0 | 22.0 |
           1.0 |              1.0 |   15039.0498046875 |   0.020800000056624413 |  102823.890625 |  4.0 | 23.0 |
           1.0 |              1.0 |   15000.8701171875 |   0.018166400492191315 |  102823.890625 |  4.0 | 24.0 |
           1.0 |              1.0 |     14967.33984375 |   0.015964800491929054 |  102823.890625 |  4.0 | 25.0 |
           1.0 |              1.0 |    14937.740234375 |   0.014108800329267979 |  102823.890625 |  4.0 | 26.0 |
           1.0 |              1.0 |   14911.4501953125 |   0.012534400448203087 |  102823.890625 |  4.0 | 27.0 |
           1.0 |              1.0 |     14888.01953125 |    0.01118400041013956 |  102823.890625 |  4.0 | 28.0 |
           1.0 |              1.0 |     14867.01953125 |   0.010025599971413612 |  102823.890625 |  4.0 | 29.0 |
           1.0 |              1.0 |    14848.150390625 |   0.009020799770951271 |  102823.890625 |  4.0 | 30.0 |
           1.0 |              1.0 |        74578.21875 |      61.54999542236328 | 105291.6484375 |  5.0 |  6.0 |
           1.0 |              1.0 |       46525.078125 |     10.345000267028809 | 105291.6484375 |  5.0 |  7.0 |
           1.0 |              1.0 |     37395.37109375 |     3.7239999771118164 | 105291.6484375 |  5.0 |  8.0 |
           1.0 |              1.0 |      32960.9296875 |     1.8224999904632568 | 105291.6484375 |  5.0 |  9.0 |
           1.0 |              1.0 |    30383.740234375 |     1.0520000457763672 | 105291.6484375 |  5.0 | 10.0 |
           1.0 |              1.0 |    28722.130859375 |      0.671999990940094 | 105291.6484375 |  5.0 | 11.0 |
           1.0 |              1.0 |     27575.16015625 |     0.4604499936103821 | 105291.6484375 |  5.0 | 12.0 |
           1.0 |              1.0 |    26744.029296875 |     0.3315500020980835 | 105291.6484375 |  5.0 | 13.0 |
           1.0 |              1.0 |       26119.359375 |     0.2479499876499176 | 105291.6484375 |  5.0 | 14.0 |
           1.0 |              1.0 |      25636.2890625 |     0.1910499930381775 | 105291.6484375 |  5.0 | 15.0 |
           1.0 |              1.0 |    25254.029296875 |    0.15069998800754547 | 105291.6484375 |  5.0 | 16.0 |
           1.0 |              1.0 |           24945.75 |    0.12125000357627869 | 105291.6484375 |  5.0 | 17.0 |
           1.0 |              1.0 |    24693.150390625 |    0.09919999539852142 | 105291.6484375 |  5.0 | 18.0 |
           1.0 |              1.0 |    24483.330078125 |    0.08229999989271164 | 105291.6484375 |  5.0 | 19.0 |
           1.0 |              1.0 |            24307.0 |    0.06909999996423721 | 105291.6484375 |  5.0 | 20.0 |
           1.0 |              1.0 |     24157.26953125 |    0.05859999731183052 | 105291.6484375 |  5.0 | 21.0 |
           1.0 |              1.0 |     24028.98046875 |    0.05014999955892563 | 105291.6484375 |  5.0 | 22.0 |
           1.0 |              1.0 |     23918.16015625 |    0.04332499951124191 | 105291.6484375 |  5.0 | 23.0 |
           1.0 |              1.0 |    23821.740234375 |   0.037689998745918274 | 105291.6484375 |  5.0 | 24.0 |
           1.0 |              1.0 |    23737.310546875 |     0.0330049991607666 | 105291.6484375 |  5.0 | 25.0 |
           1.0 |              1.0 |    23662.919921875 |   0.029075000435113907 | 105291.6484375 |  5.0 | 26.0 |
           1.0 |              1.0 |      23597.0390625 |   0.025755001232028008 | 105291.6484375 |  5.0 | 27.0 |
           1.0 |              1.0 |    23538.400390625 |   0.022929999977350235 | 105291.6484375 |  5.0 | 28.0 |
           1.0 |              1.0 |    23485.970703125 |    0.02050499990582466 | 105291.6484375 |  5.0 | 29.0 |
           1.0 |              1.0 |       23438.890625 |   0.018415000289678574 | 105291.6484375 |  5.0 | 30.0 |
           1.0 |              1.0 |        75004.46875 |     16.847999572753906 |   106632.15625 |  6.0 |  8.0 |
           1.0 |              1.0 |        59066.03125 |      5.986800193786621 |   106632.15625 |  6.0 |  9.0 |
           1.0 |              1.0 |      51272.6015625 |      2.907360076904297 |   106632.15625 |  6.0 | 10.0 |
           1.0 |              1.0 |       46712.359375 |     1.6704000234603882 |   106632.15625 |  6.0 | 11.0 |
           1.0 |              1.0 |     43752.62890625 |     1.0648800134658813 |   106632.15625 |  6.0 | 12.0 |
           1.0 |              1.0 |       41696.578125 |     0.7286399602890015 |   106632.15625 |  6.0 | 13.0 |
           1.0 |              1.0 |     40197.73046875 |     0.5248079895973206 |   106632.15625 |  6.0 | 14.0 |
           1.0 |              1.0 |      39064.8515625 |     0.3927599787712097 |   106632.15625 |  6.0 | 15.0 |
           1.0 |              1.0 |     38184.12109375 |    0.30290400981903076 |   106632.15625 |  6.0 | 16.0 |
           1.0 |              1.0 |     37483.73046875 |    0.23932799696922302 |   106632.15625 |  6.0 | 17.0 |
           1.0 |              1.0 |        36916.28125 |    0.19288799166679382 |   106632.15625 |  6.0 | 18.0 |
           1.0 |              1.0 |     36449.30859375 |    0.15811198949813843 |   106632.15625 |  6.0 | 19.0 |
           1.0 |              1.0 |       36059.859375 |      0.131400004029274 |   106632.15625 |  6.0 | 20.0 |
           1.0 |              1.0 |      35731.3203125 |    0.11044800281524658 |   106632.15625 |  6.0 | 21.0 |
           1.0 |              1.0 |      35451.3515625 |    0.09388799965381622 |   106632.15625 |  6.0 | 22.0 |
           1.0 |              1.0 |       35210.671875 |    0.08056800067424774 |   106632.15625 |  6.0 | 23.0 |
           1.0 |              1.0 |       35002.109375 |    0.06968879699707031 |   106632.15625 |  6.0 | 24.0 |
           1.0 |              1.0 |     34820.12109375 |   0.060731999576091766 |   106632.15625 |  6.0 | 25.0 |
           1.0 |              1.0 |      34660.2890625 |     0.0532727986574173 |   106632.15625 |  6.0 | 26.0 |
           1.0 |              1.0 |     34519.12890625 |    0.04700880125164986 |   106632.15625 |  6.0 | 27.0 |
           1.0 |              1.0 |        34393.78125 |   0.041709598153829575 |   106632.15625 |  6.0 | 28.0 |
           1.0 |              1.0 |      34281.9609375 |    0.03718799725174904 |   106632.15625 |  6.0 | 29.0 |
           1.0 |              1.0 |           34181.75 |    0.03330719843506813 |   106632.15625 |  6.0 | 30.0 |
           1.0 |              1.0 |           113100.0 |     25.568199157714844 | 107440.4453125 |  7.0 |  9.0 |
           1.0 |              1.0 |      87576.7734375 |      8.979740142822266 | 107440.4453125 |  7.0 | 10.0 |
           1.0 |              1.0 |        75060.59375 |     4.3276801109313965 | 107440.4453125 |  7.0 | 11.0 |
           1.0 |              1.0 |      67701.4609375 |     2.4745001792907715 | 107440.4453125 |  7.0 | 12.0 |
           1.0 |              1.0 |        62902.03125 |     1.5728999376296997 | 107440.4453125 |  7.0 | 13.0 |
           1.0 |              1.0 |        59552.21875 |     1.0750600099563599 | 107440.4453125 |  7.0 | 14.0 |
           1.0 |              1.0 |      57099.0703125 |     0.7733180522918701 | 107440.4453125 |  7.0 | 15.0 |
           1.0 |              1.0 |     55236.83984375 |     0.5786899924278259 | 107440.4453125 |  7.0 | 16.0 |
           1.0 |              1.0 |      53783.1015625 |    0.44648802280426025 | 107440.4453125 |  7.0 | 17.0 |
           1.0 |              1.0 |     52622.51171875 |    0.35299599170684814 | 107440.4453125 |  7.0 | 18.0 |
           1.0 |              1.0 |     51678.73046875 |     0.2846899926662445 | 107440.4453125 |  7.0 | 19.0 |
           1.0 |              1.0 |     50899.33984375 |    0.23353399336338043 | 107440.4453125 |  7.0 | 20.0 |
           1.0 |              1.0 |     50247.19140625 |    0.19423599541187286 | 107440.4453125 |  7.0 | 21.0 |
           1.0 |              1.0 |     49695.30859375 |    0.16356199979782104 | 107440.4453125 |  7.0 | 22.0 |
           1.0 |              1.0 |       49223.640625 |     0.1392579972743988 | 107440.4453125 |  7.0 | 23.0 |
           1.0 |              1.0 |     48817.01171875 |    0.11965800076723099 | 107440.4453125 |  7.0 | 24.0 |
           1.0 |              1.0 |     48463.73046875 |    0.10358600318431854 | 107440.4453125 |  7.0 | 25.0 |
           1.0 |              1.0 |       48154.671875 |    0.09042459726333618 | 107440.4453125 |  7.0 | 26.0 |
           1.0 |              1.0 |     47882.62109375 |    0.07941920310258865 | 107440.4453125 |  7.0 | 27.0 |
           1.0 |              1.0 |        47641.78125 |    0.07017780095338821 | 107440.4453125 |  7.0 | 28.0 |
           1.0 |              1.0 |     47427.48828125 |    0.06233780086040497 | 107440.4453125 |  7.0 | 29.0 |
           1.0 |              1.0 |      47235.8984375 |    0.05565420165657997 | 107440.4453125 |  7.0 | 30.0 |
           1.0 |              1.0 |           162000.0 |     36.812801361083984 |  107965.046875 |  8.0 | 10.0 |
           1.0 |              1.0 |           123800.0 |     12.800000190734863 |  107965.046875 |  8.0 | 11.0 |
           1.0 |              1.0 |           105000.0 |      6.127359867095947 |  107965.046875 |  8.0 | 12.0 |
           1.0 |              1.0 |      93894.6015625 |      3.486720085144043 |  107965.046875 |  8.0 | 13.0 |
           1.0 |              1.0 |      86621.4296875 |      2.209280014038086 |  107965.046875 |  8.0 | 14.0 |
           1.0 |              1.0 |       81526.703125 |       1.50655996799469 |  107965.046875 |  8.0 | 15.0 |
           1.0 |              1.0 |      77782.5078125 |      1.082368016242981 |  107965.046875 |  8.0 | 16.0 |
           1.0 |              1.0 |      74930.4921875 |     0.8093439936637878 |  107965.046875 |  8.0 | 17.0 |
           1.0 |              1.0 |      72696.7421875 |     0.6242560148239136 |  107965.046875 |  8.0 | 18.0 |
           1.0 |              1.0 |       70907.796875 |     0.4935680031776428 |  107965.046875 |  8.0 | 19.0 |
           1.0 |              1.0 |      69448.6796875 |     0.3983359932899475 |  107965.046875 |  8.0 | 20.0 |
           1.0 |              1.0 |      68240.2421875 |    0.32678401470184326 |  107965.046875 |  8.0 | 21.0 |
           1.0 |              1.0 |      67226.3203125 |    0.27212798595428467 |  107965.046875 |  8.0 | 22.0 |
           1.0 |              1.0 |         66366.0625 |    0.22937600314617157 |  107965.046875 |  8.0 | 23.0 |
           1.0 |              1.0 |            65629.0 |     0.1953279972076416 |  107965.046875 |  8.0 | 24.0 |
           1.0 |              1.0 |       64992.078125 |    0.16793599724769592 |  107965.046875 |  8.0 | 25.0 |
           1.0 |              1.0 |     64437.48046875 |     0.1456640064716339 |  107965.046875 |  8.0 | 26.0 |
           1.0 |              1.0 |     63951.26953125 |    0.12721920013427734 |  107965.046875 |  8.0 | 27.0 |
           1.0 |              1.0 |      63522.3984375 |    0.11184640228748322 |  107965.046875 |  8.0 | 28.0 |
           1.0 |              1.0 |     63141.98828125 |    0.09891840070486069 |  107965.046875 |  8.0 | 29.0 |
           1.0 |              1.0 |     62802.87890625 |     0.0879615992307663 |  107965.046875 |  8.0 | 30.0 |
           1.0 |              1.0 |           223300.0 |      50.91659927368164 |   108324.71875 |  9.0 | 11.0 |
           1.0 |              1.0 |           168800.0 |     17.544599533081055 |   108324.71875 |  9.0 | 12.0 |
           1.0 |              1.0 |           141800.0 |      8.346240043640137 |   108324.71875 |  9.0 | 13.0 |
           1.0 |              1.0 |           125800.0 |     4.7271599769592285 |   108324.71875 |  9.0 | 14.0 |
           1.0 |              1.0 |           115400.0 |     2.9856600761413574 |   108324.71875 |  9.0 | 15.0 |
           1.0 |              1.0 |           108000.0 |      2.031479835510254 |   108324.71875 |  9.0 | 16.0 |
           1.0 |              1.0 |           102600.0 |     1.4571900367736816 |   108324.71875 |  9.0 | 17.0 |
           1.0 |              1.0 |      98443.5234375 |     1.0884779691696167 |   108324.71875 |  9.0 | 18.0 |
           1.0 |              1.0 |      95191.3671875 |     0.8391599655151367 |   108324.71875 |  9.0 | 19.0 |
           1.0 |              1.0 |      92580.1171875 |     0.6632279753684998 |   108324.71875 |  9.0 | 20.0 |
           1.0 |              1.0 |      90444.9921875 |     0.5350859761238098 |   108324.71875 |  9.0 | 21.0 |
           1.0 |              1.0 |      88672.4609375 |    0.43918198347091675 |   108324.71875 |  9.0 | 22.0 |
           1.0 |              1.0 |      87181.8515625 |     0.3657959997653961 |   108324.71875 |  9.0 | 23.0 |
           1.0 |              1.0 |      85914.3515625 |     0.3084479868412018 |   108324.71875 |  9.0 | 24.0 |
           1.0 |              1.0 |       84826.109375 |    0.26292601227760315 |   108324.71875 |  9.0 | 25.0 |
           1.0 |              1.0 |         83883.8125 |    0.22615200281143188 |   108324.71875 |  9.0 | 26.0 |
           1.0 |              1.0 |      83061.7265625 |    0.19634400308132172 |   108324.71875 |  9.0 | 27.0 |
           1.0 |              1.0 |      82339.6796875 |    0.17155800759792328 |   108324.71875 |  9.0 | 28.0 |
           1.0 |              1.0 |      81701.6484375 |    0.15093539655208588 |   108324.71875 |  9.0 | 29.0 |
           1.0 |              1.0 |        81134.78125 |    0.13358519971370697 |   108324.71875 |  9.0 | 30.0 |
           1.0 |              1.0 |           298300.0 |      68.15999603271484 |  108581.984375 | 10.0 | 12.0 |
           1.0 |              1.0 |           186100.0 |     11.026000022888184 |  108581.984375 | 10.0 | 14.0 |
           1.0 |              1.0 |           164100.0 |     6.2179999351501465 |  108581.984375 | 10.0 | 15.0 |
           1.0 |              1.0 |           149600.0 |     3.9159998893737793 |  108581.984375 | 10.0 | 16.0 |
           1.0 |              1.0 |           139400.0 |     2.6559998989105225 |  108581.984375 | 10.0 | 17.0 |
           1.0 |              1.0 |           131800.0 |     1.9029998779296875 |  108581.984375 | 10.0 | 18.0 |
           1.0 |              1.0 |           126100.0 |     1.4197999238967896 |  108581.984375 | 10.0 | 19.0 |
           1.0 |              1.0 |           121500.0 |     1.0936000347137451 |  108581.984375 | 10.0 | 20.0 |
           1.0 |              1.0 |           117900.0 |     0.8637999892234802 |  108581.984375 | 10.0 | 21.0 |
           1.0 |              1.0 |           114900.0 |     0.6967999935150146 |  108581.984375 | 10.0 | 22.0 |
           1.0 |              1.0 |           112400.0 |     0.5719999670982361 |  108581.984375 | 10.0 | 23.0 |
           1.0 |              1.0 |           110300.0 |     0.4763999879360199 |  108581.984375 | 10.0 | 24.0 |
           1.0 |              1.0 |           108500.0 |     0.4017999768257141 |  108581.984375 | 10.0 | 25.0 |
           1.0 |              1.0 |           107000.0 |     0.3425999879837036 |  108581.984375 | 10.0 | 26.0 |
           1.0 |              1.0 |           105600.0 |     0.2948000133037567 |  108581.984375 | 10.0 | 27.0 |
           1.0 |              1.0 |           104500.0 |    0.25599998235702515 |  108581.984375 | 10.0 | 28.0 |
           1.0 |              1.0 |           103500.0 |    0.22380000352859497 |  108581.984375 | 10.0 | 29.0 |
           1.0 |              1.0 |           102500.0 |     0.1970200091600418 |  108581.984375 | 10.0 | 30.0 |
           1.0 |              1.0 |           388300.0 |      88.88660430908203 | 108772.3359375 | 11.0 | 13.0 |
           1.0 |              1.0 |           288200.0 |      30.20159912109375 | 108772.3359375 | 11.0 | 14.0 |
           1.0 |              1.0 |           238600.0 |     14.210240364074707 | 108772.3359375 | 11.0 | 15.0 |
           1.0 |              1.0 |           209100.0 |      7.981159687042236 | 108772.3359375 | 11.0 | 16.0 |
           1.0 |              1.0 |           189700.0 |      5.009399890899658 | 108772.3359375 | 11.0 | 17.0 |
           1.0 |              1.0 |           176000.0 |     3.3928399085998535 | 108772.3359375 | 11.0 | 18.0 |
           1.0 |              1.0 |           165900.0 |      2.424839973449707 | 108772.3359375 | 11.0 | 19.0 |
           1.0 |              1.0 |           158100.0 |     1.8072559833526611 | 108772.3359375 | 11.0 | 20.0 |
           1.0 |              1.0 |           152000.0 |     1.3902900218963623 | 108772.3359375 | 11.0 | 21.0 |
           1.0 |              1.0 |           147100.0 |     1.0977120399475098 | 108772.3359375 | 11.0 | 22.0 |
           1.0 |              1.0 |           143000.0 |     0.8849939703941345 | 108772.3359375 | 11.0 | 23.0 |
           1.0 |              1.0 |           139600.0 |     0.7262420058250427 | 108772.3359375 | 11.0 | 24.0 |
           1.0 |              1.0 |           136800.0 |     0.6049999594688416 | 108772.3359375 | 11.0 | 25.0 |
           1.0 |              1.0 |           134300.0 |     0.5101360082626343 | 108772.3359375 | 11.0 | 26.0 |
           1.0 |              1.0 |           132200.0 |     0.4351159930229187 | 108772.3359375 | 11.0 | 27.0 |
           1.0 |              1.0 |           130400.0 |    0.37461599707603455 | 108772.3359375 | 11.0 | 28.0 |
           1.0 |              1.0 |           128800.0 |    0.32524800300598145 | 108772.3359375 | 11.0 | 29.0 |
           1.0 |              1.0 |           127400.0 |     0.2843500077724457 | 108772.3359375 | 11.0 | 30.0 |
           1.0 |              1.0 |           364600.0 |      38.30400085449219 | 108917.1171875 | 12.0 | 15.0 |
           1.0 |              1.0 |           300000.0 |       17.9366397857666 | 108917.1171875 | 12.0 | 16.0 |
           1.0 |              1.0 |           261600.0 |     10.039680480957031 | 108917.1171875 | 12.0 | 17.0 |
           1.0 |              1.0 |           236300.0 |     6.2841596603393555 | 108917.1171875 | 12.0 | 18.0 |
           1.0 |              1.0 |           218400.0 |      4.245120048522949 | 108917.1171875 | 12.0 | 19.0 |
           1.0 |              1.0 |           205100.0 |     3.0297598838806152 | 108917.1171875 | 12.0 | 20.0 |
           1.0 |              1.0 |           194900.0 |     2.2536001205444336 | 108917.1171875 | 12.0 | 21.0 |
           1.0 |              1.0 |           186800.0 |      1.732319951057434 | 108917.1171875 | 12.0 | 22.0 |
           1.0 |              1.0 |           180400.0 |     1.3668479919433594 | 108917.1171875 | 12.0 | 23.0 |
           1.0 |              1.0 |           175000.0 |     1.1013120412826538 | 108917.1171875 | 12.0 | 24.0 |
           1.0 |              1.0 |           170600.0 |     0.9034559726715088 | 108917.1171875 | 12.0 | 25.0 |
           1.0 |              1.0 |           166800.0 |     0.7522560358047485 | 108917.1171875 | 12.0 | 26.0 |
           1.0 |              1.0 |           163600.0 |     0.6344640254974365 | 108917.1171875 | 12.0 | 27.0 |
           1.0 |              1.0 |           160800.0 |     0.5408639907836914 | 108917.1171875 | 12.0 | 28.0 |
           1.0 |              1.0 |           158400.0 |    0.46569597721099854 | 108917.1171875 | 12.0 | 29.0 |
           1.0 |              1.0 |           156300.0 |    0.40435200929641724 | 108917.1171875 | 12.0 | 30.0 |
           1.0 |              1.0 |           453300.0 |      47.72560119628906 |   109029.78125 | 13.0 | 16.0 |
           1.0 |              1.0 |           371000.0 |      22.25391960144043 |   109029.78125 | 13.0 | 17.0 |
           1.0 |              1.0 |           322000.0 |     12.411359786987305 |   109029.78125 | 13.0 | 18.0 |
           1.0 |              1.0 |           289600.0 |      7.746959686279297 |   109029.78125 | 13.0 | 19.0 |
           1.0 |              1.0 |           266700.0 |      5.222099781036377 |   109029.78125 | 13.0 | 20.0 |
           1.0 |              1.0 |           249800.0 |     3.7179999351501465 |   109029.78125 | 13.0 | 21.0 |
           1.0 |              1.0 |           236700.0 |     2.7641642093658447 |   109029.78125 | 13.0 | 22.0 |
           1.0 |              1.0 |           226400.0 |     2.1223020553588867 |   109029.78125 | 13.0 | 23.0 |
           1.0 |              1.0 |           218000.0 |     1.6730999946594238 |   109029.78125 | 13.0 | 24.0 |
           1.0 |              1.0 |           211100.0 |      1.347267985343933 |   109029.78125 | 13.0 | 25.0 |
           1.0 |              1.0 |           205400.0 |      1.104583978652954 |   109029.78125 | 13.0 | 26.0 |
           1.0 |              1.0 |           200500.0 |     0.9193599820137024 |   109029.78125 | 13.0 | 27.0 |
           1.0 |              1.0 |           196400.0 |     0.7750340104103088 |   109029.78125 | 13.0 | 28.0 |
           1.0 |              1.0 |           192800.0 |      0.660789966583252 |   109029.78125 | 13.0 | 29.0 |
           1.0 |              1.0 |           555200.0 |     58.564796447753906 |    109119.1875 | 14.0 | 17.0 |
           1.0 |              1.0 |           452200.0 |      27.19696044921875 |    109119.1875 | 14.0 | 18.0 |
           1.0 |              1.0 |           390900.0 |     15.123359680175781 |    109119.1875 | 14.0 | 19.0 |
           1.0 |              1.0 |           350300.0 |      9.415840148925781 |    109119.1875 | 14.0 | 20.0 |
           1.0 |              1.0 |           321600.0 |     6.3308000564575195 |    109119.1875 | 14.0 | 21.0 |
           1.0 |              1.0 |           300200.0 |      4.504080295562744 |    109119.1875 | 14.0 | 22.0 |
           1.0 |              1.0 |           283800.0 |     3.3417999744415283 |    109119.1875 | 14.0 | 23.0 |
           1.0 |              1.0 |           270800.0 |     2.5632879734039307 |    109119.1875 | 14.0 | 24.0 |
           1.0 |              1.0 |           260300.0 |     2.0184080600738525 |    109119.1875 | 14.0 | 25.0 |
           1.0 |              1.0 |           251600.0 |     1.6244479417800903 |    109119.1875 | 14.0 | 26.0 |
           1.0 |              1.0 |           244400.0 |      1.331231951713562 |    109119.1875 | 14.0 | 27.0 |
           1.0 |              1.0 |           238200.0 |     1.1074000597000122 |    109119.1875 | 14.0 | 28.0 |
           1.0 |              1.0 |           232900.0 |      0.933351993560791 |    109119.1875 | 14.0 | 29.0 |
           1.0 |              1.0 |           228400.0 |     0.7957600355148315 |    109119.1875 | 14.0 | 30.0 |
           1.0 |              1.0 |           671200.0 |                 70.875 | 109191.3046875 | 15.0 | 18.0 |
           1.0 |              1.0 |           544400.0 |      32.81399917602539 | 109191.3046875 | 15.0 | 19.0 |
           1.0 |              1.0 |           468800.0 |     18.193498611450195 | 109191.3046875 | 15.0 | 20.0 |
           1.0 |              1.0 |           418700.0 |     11.295000076293945 | 109191.3046875 | 15.0 | 21.0 |
           1.0 |              1.0 |           383300.0 |      7.582499980926514 | 109191.3046875 | 15.0 | 22.0 |
           1.0 |              1.0 |           356900.0 |      5.386500358581543 | 109191.3046875 | 15.0 | 23.0 |
           1.0 |              1.0 |           336600.0 |     3.9905998706817627 | 109191.3046875 | 15.0 | 24.0 |
           1.0 |              1.0 |           320500.0 |      3.057300090789795 | 109191.3046875 | 15.0 | 25.0 |
           1.0 |              1.0 |           307400.0 |      2.405700206756592 | 109191.3046875 | 15.0 | 26.0 |
           1.0 |              1.0 |           296600.0 |     1.9345499277114868 | 109191.3046875 | 15.0 | 27.0 |
           1.0 |              1.0 |           287600.0 |     1.5844500064849854 | 109191.3046875 | 15.0 | 28.0 |
           1.0 |              1.0 |           280000.0 |     1.3176000118255615 | 109191.3046875 | 15.0 | 29.0 |
           1.0 |              1.0 |           273500.0 |     1.1101499795913696 | 109191.3046875 | 15.0 | 30.0 |
           1.0 |              1.0 |           802300.0 |       84.8384017944336 | 109250.3359375 | 16.0 | 19.0 |
           1.0 |              1.0 |           648200.0 |      39.13727951049805 | 109250.3359375 | 16.0 | 20.0 |
           1.0 |              1.0 |           556300.0 |     21.800960540771484 | 109250.3359375 | 16.0 | 21.0 |
           1.0 |              1.0 |           495400.0 |     13.409279823303223 | 109250.3359375 | 16.0 | 22.0 |
           1.0 |              1.0 |           420000.0 |      6.369279861450195 | 109250.3359375 | 16.0 | 24.0 |
           1.0 |              1.0 |           395200.0 |       4.71398401260376 | 109250.3359375 | 16.0 | 25.0 |
           1.0 |              1.0 |           375600.0 |     3.6075520515441895 | 109250.3359375 | 16.0 | 26.0 |
           1.0 |              1.0 |           359600.0 |      2.835968017578125 | 109250.3359375 | 16.0 | 27.0 |
           1.0 |              1.0 |           346500.0 |       2.27891206741333 | 109250.3359375 | 16.0 | 28.0 |
           1.0 |              1.0 |           335500.0 |     1.8652160167694092 | 109250.3359375 | 16.0 | 29.0 |
           1.0 |              1.0 |           326100.0 |     1.5503360033035278 | 109250.3359375 | 16.0 | 30.0 |
           1.0 |              1.0 |           764300.0 |      46.41918182373047 | 109299.2578125 | 17.0 | 21.0 |
           1.0 |              1.0 |           653800.0 |     25.657421112060547 | 109299.2578125 | 17.0 | 22.0 |
           1.0 |              1.0 |           580600.0 |     15.762060165405273 | 109299.2578125 | 17.0 | 23.0 |
           1.0 |              1.0 |           528700.0 |     10.542719841003418 | 109299.2578125 | 17.0 | 24.0 |
           1.0 |              1.0 |           490000.0 |      7.461979866027832 | 109299.2578125 | 17.0 | 25.0 |
           1.0 |              1.0 |           460100.0 |       5.51643180847168 | 109299.2578125 | 17.0 | 26.0 |
           1.0 |              1.0 |           436500.0 |      4.217088222503662 | 109299.2578125 | 17.0 | 27.0 |
           1.0 |              1.0 |           417200.0 |     3.3119399547576904 | 109299.2578125 | 17.0 | 28.0 |
           1.0 |              1.0 |           401300.0 |     2.6593778133392334 | 109299.2578125 | 17.0 | 29.0 |
           1.0 |              1.0 |           388000.0 |      2.175014019012451 | 109299.2578125 | 17.0 | 30.0 |
           1.0 |              1.0 |           893400.0 |      54.30240249633789 |      109340.25 | 18.0 | 22.0 |
           1.0 |              1.0 |           762100.0 |     29.937599182128906 |      109340.25 | 18.0 | 23.0 |
           1.0 |              1.0 |           675000.0 |     18.370800018310547 |      109340.25 | 18.0 | 24.0 |
           1.0 |              1.0 |           613200.0 |     12.266639709472656 |      109340.25 | 18.0 | 25.0 |
           1.0 |              1.0 |           567200.0 |       8.67024040222168 |      109340.25 | 18.0 | 26.0 |
           1.0 |              1.0 |           531600.0 |      6.400944232940674 |      109340.25 | 18.0 | 27.0 |
           1.0 |              1.0 |           503300.0 |      4.887864112854004 |      109340.25 | 18.0 | 28.0 |
           1.0 |              1.0 |           480400.0 |      3.835512161254883 |      109340.25 | 18.0 | 29.0 |
           1.0 |              1.0 |           461500.0 |     3.0773520469665527 |      109340.25 | 18.0 | 30.0 |
           1.0 |              1.0 |          1036000.0 |      63.02337646484375 | 109374.9453125 | 19.0 | 23.0 |
           1.0 |              1.0 |           881600.0 |       34.6632194519043 | 109374.9453125 | 19.0 | 24.0 |
           1.0 |              1.0 |           779000.0 |      21.40007972717285 | 109374.9453125 | 19.0 | 25.0 |
           1.0 |              1.0 |           706200.0 |      14.15842056274414 | 109374.9453125 | 19.0 | 26.0 |
           1.0 |              1.0 |           651900.0 |      9.999699592590332 | 109374.9453125 | 19.0 | 27.0 |
           1.0 |              1.0 |           609900.0 |      7.371620178222656 | 109374.9453125 | 19.0 | 28.0 |
           1.0 |              1.0 |           576500.0 |      5.623658180236816 | 109374.9453125 | 19.0 | 29.0 |
           1.0 |              1.0 |           549400.0 |       4.40925407409668 | 109374.9453125 | 19.0 | 30.0 |
           1.0 |              1.0 |          1193000.0 |       72.6240005493164 | 109404.5703125 | 20.0 | 24.0 |
           1.0 |              1.0 |          1013000.0 |       39.8640022277832 | 109404.5703125 | 20.0 | 25.0 |
           1.0 |              1.0 |           893000.0 |     24.559999465942383 | 109404.5703125 | 20.0 | 26.0 |
           1.0 |              1.0 |           807900.0 |     16.240001678466797 | 109404.5703125 | 20.0 | 27.0 |
           1.0 |              1.0 |           744400.0 |     11.447999954223633 | 109404.5703125 | 20.0 | 28.0 |
           1.0 |              1.0 |           695300.0 |      8.432000160217285 | 109404.5703125 | 20.0 | 29.0 |
           1.0 |              1.0 |           656300.0 |     6.4272003173828125 | 109404.5703125 | 20.0 | 30.0 |
           1.0 |              1.0 |          1365000.0 |      83.15496063232422 |    109430.0625 | 21.0 | 25.0 |
           1.0 |              1.0 |          1156000.0 |     45.546478271484375 |    109430.0625 | 21.0 | 26.0 |
           1.0 |              1.0 |          1018000.0 |      28.00349998474121 |    109430.0625 | 21.0 | 27.0 |
           1.0 |              1.0 |           918800.0 |      18.50436019897461 |    109430.0625 | 21.0 | 28.0 |
           1.0 |              1.0 |           845200.0 |      13.03596019744873 |    109430.0625 | 21.0 | 29.0 |
           1.0 |              1.0 |           788200.0 |      9.587340354919434 |    109430.0625 | 21.0 | 30.0 |
           1.0 |              1.0 |          1553000.0 |        94.641357421875 |   109452.15625 | 22.0 | 26.0 |
           1.0 |              1.0 |          1313000.0 |     51.739601135253906 |   109452.15625 | 22.0 | 27.0 |
           1.0 |              1.0 |          1153000.0 |      31.76007843017578 |   109452.15625 | 22.0 | 28.0 |
           1.0 |              1.0 |          1039000.0 |      21.12175941467285 |   109452.15625 | 22.0 | 29.0 |
           1.0 |              1.0 |           954500.0 |       14.7523193359375 |   109452.15625 | 22.0 | 30.0 |
           1.0 |              1.0 |          1483000.0 |      58.46508026123047 |    109471.4375 | 23.0 | 28.0 |
           1.0 |              1.0 |          1300000.0 |       35.8344612121582 |    109471.4375 | 23.0 | 29.0 |
           1.0 |              1.0 |          1170000.0 |      23.79442024230957 |    109471.4375 | 23.0 | 30.0 |
           1.0 |              1.0 |          1666000.0 |      65.74463653564453 | 109488.3515625 | 24.0 | 29.0 |
           1.0 |              1.0 |          1458000.0 |     40.239356994628906 | 109488.3515625 | 24.0 | 30.0 |
           1.0 |              1.0 |          1864000.0 |      73.61250305175781 |   109503.28125 | 25.0 | 30.0 |
           1.0 |              1.0 |          8475000.0 |                    0.0 |            0.0 | 26.0 | 27.0 |
           1.0 |              1.0 |          4473000.0 |                    0.0 |            0.0 | 26.0 | 28.0 |
           1.0 |              1.0 |          3141000.0 |                    0.0 |            0.0 | 26.0 | 29.0 |
           1.0 |              1.0 |          2476000.0 |                    0.0 |            0.0 | 26.0 | 30.0 |
           1.0 |              1.0 |          9472000.0 |                    0.0 |            0.0 | 27.0 | 28.0 |
           1.0 |              1.0 |          4990000.0 |                    0.0 |            0.0 | 27.0 | 29.0 |
           1.0 |              1.0 |          3497000.0 |                    0.0 |            0.0 | 27.0 | 30.0 |
           1.0 |              1.0 |         10540000.0 |                    0.0 |            0.0 | 28.0 | 29.0 |
           1.0 |              1.0 |          5545000.0 |                    0.0 |            0.0 | 28.0 | 30.0 |
           1.0 |              1.0 |         11690000.0 |                    0.0 |            0.0 | 29.0 | 30.0 |
%CMFGEN