 Atomic Number | Ionization State | Wavelength (Ang.) | g_i*f_ik | E_i(cm^-1) |    i |    j |
          11.0 |             11.0 |           10.0284 |      0.0 |        0.0 |  1.0 |  2.0 |
          11.0 |             11.0 |           10.0286 |   0.2772 |        0.0 |  1.0 |  3.0 |
          11.0 |             11.0 |           10.0232 |   0.5552 |        0.0 |  1.0 |  4.0 |
          11.0 |             11.0 |            54.097 |  0.02718 |  9971485.0 |  3.0 |  5.0 |
          11.0 |             11.0 |            54.254 |  0.05436 |  9976866.0 |  4.0 |  5.0 |
          11.0 |             11.0 |            8.4603 |  0.05268 |        0.0 |  1.0 |  6.0 |
          11.0 |             11.0 |            54.105 |   0.2896 |  9971714.0 |  2.0 |  6.0 |
          11.0 |             11.0 |            8.4591 |   0.1055 |        0.0 |  1.0 |  7.0 |
          11.0 |             11.0 |            54.059 |   0.5802 |  9971714.0 |  2.0 |  7.0 |
          11.0 |             11.0 |            54.052 |    1.392 |  9971485.0 |  3.0 |  8.0 |
          11.0 |             11.0 |             54.21 |   0.2783 |  9976866.0 |  4.0 |  8.0 |
          11.0 |             11.0 |            54.194 |    2.505 |  9976866.0 |  4.0 |  9.0 |
          11.0 |             11.0 |            40.076 |  0.00609 |  9971485.0 |  3.0 | 10.0 |
          11.0 |             11.0 |           40.1626 |  0.01218 |  9976866.0 |  4.0 | 10.0 |
          11.0 |             11.0 |           154.613 |   0.0645 | 11819964.0 |  6.0 | 10.0 |
          11.0 |             11.0 |           154.995 |    0.129 | 11821559.0 |  7.0 | 10.0 |
          11.0 |             11.0 |            8.0214 |  0.01931 |        0.0 |  1.0 | 11.0 |
          11.0 |             11.0 |           40.0802 |  0.06846 |  9971714.0 |  2.0 | 11.0 |
          11.0 |             11.0 |           154.636 |   0.3228 | 11820033.0 |  5.0 | 11.0 |
          11.0 |             11.0 |           155.001 |  0.03663 | 11821556.0 |  8.0 | 11.0 |
          11.0 |             11.0 |            8.0209 |  0.03867 |        0.0 |  1.0 | 12.0 |
          11.0 |             11.0 |           40.0694 |   0.1371 |  9971714.0 |  2.0 | 12.0 |
          11.0 |             11.0 |           154.475 |   0.6466 | 11820033.0 |  5.0 | 12.0 |
          11.0 |             11.0 |            154.84 | 0.007328 | 11821556.0 |  8.0 | 12.0 |
          11.0 |             11.0 |           154.967 |  0.06594 | 11822086.0 |  9.0 | 12.0 |
          11.0 |             11.0 |           40.0657 |   0.2436 |  9971485.0 |  3.0 | 13.0 |
          11.0 |             11.0 |           40.1523 |  0.04872 |  9976866.0 |  4.0 | 13.0 |
          11.0 |             11.0 |           154.459 |    1.237 | 11819964.0 |  6.0 | 13.0 |
          11.0 |             11.0 |           40.1487 |   0.4385 |  9976866.0 |  4.0 | 14.0 |
          11.0 |             11.0 |           154.787 |    2.226 | 11821559.0 |  7.0 | 14.0 |
          11.0 |             11.0 |           154.786 |    4.072 | 11821556.0 |  8.0 | 15.0 |
          11.0 |             11.0 |           154.913 |   0.2909 | 11822086.0 |  9.0 | 15.0 |
          11.0 |             11.0 |           154.887 |    5.817 | 11822086.0 |  9.0 | 16.0 |
          11.0 |             11.0 |           35.7846 | 0.002426 |  9971485.0 |  3.0 | 17.0 |
          11.0 |             11.0 |           35.8536 | 0.004852 |  9976866.0 |  4.0 | 17.0 |
          11.0 |             11.0 |           105.706 |  0.01486 | 11819964.0 |  6.0 | 17.0 |
          11.0 |             11.0 |           105.884 |  0.02971 | 11821559.0 |  7.0 | 17.0 |
          11.0 |             11.0 |           334.142 |   0.1058 | 12466713.0 | 11.0 | 17.0 |
          11.0 |             11.0 |           334.895 |   0.2116 | 12467386.0 | 12.0 | 17.0 |
          11.0 |             11.0 |            7.8333 | 0.009284 |        0.0 |  1.0 | 18.0 |
          11.0 |             11.0 |           35.7877 |  0.02793 |  9971714.0 |  2.0 | 18.0 |
          11.0 |             11.0 |           105.715 |  0.08059 | 11820033.0 |  5.0 | 18.0 |
          11.0 |             11.0 |           334.191 |   0.3624 | 12466742.0 | 10.0 | 18.0 |
          11.0 |             11.0 |           105.886 | 0.007366 | 11821556.0 |  8.0 | 18.0 |
          11.0 |             11.0 |           334.911 |  0.09273 | 12467385.0 | 13.0 | 18.0 |
          11.0 |             11.0 |            7.8331 |   0.0186 |        0.0 |  1.0 | 19.0 |
          11.0 |             11.0 |           35.7833 |  0.05593 |  9971714.0 |  2.0 | 19.0 |
          11.0 |             11.0 |           105.677 |   0.1614 | 11820033.0 |  5.0 | 19.0 |
          11.0 |             11.0 |           333.807 |    0.726 | 12466742.0 | 10.0 | 19.0 |
          11.0 |             11.0 |           105.847 | 0.001474 | 11821556.0 |  8.0 | 19.0 |
          11.0 |             11.0 |           105.906 |  0.01326 | 11822086.0 |  9.0 | 19.0 |
          11.0 |             11.0 |           334.525 |  0.01855 | 12467385.0 | 13.0 | 19.0 |
          11.0 |             11.0 |           334.775 |   0.1669 | 12467608.0 | 14.0 | 19.0 |
          11.0 |             11.0 |           35.7803 |  0.08874 |  9971485.0 |  3.0 | 20.0 |
          11.0 |             11.0 |           35.8494 |  0.01775 |  9976866.0 |  4.0 | 20.0 |
          11.0 |             11.0 |           105.669 |   0.2784 | 11819964.0 |  6.0 | 20.0 |
          11.0 |             11.0 |           333.775 |    1.219 | 12466713.0 | 11.0 | 20.0 |
          11.0 |             11.0 |           334.526 |   0.2437 | 12467386.0 | 12.0 | 20.0 |
          11.0 |             11.0 |           35.8479 |   0.1597 |  9976866.0 |  4.0 | 21.0 |
          11.0 |             11.0 |           105.835 |   0.5011 | 11821559.0 |  7.0 | 21.0 |
          11.0 |             11.0 |           334.399 |    2.193 | 12467386.0 | 12.0 | 21.0 |
          11.0 |             11.0 |           334.398 |    3.561 | 12467385.0 | 13.0 | 22.0 |
          11.0 |             11.0 |           334.647 |   0.2544 | 12467608.0 | 14.0 | 22.0 |
          11.0 |             11.0 |           334.584 |    5.088 | 12467608.0 | 14.0 | 23.0 |
          11.0 |             11.0 |            334.67 |    10.47 | 12467720.0 | 16.0 | 25.0 |
%CHIANTI