 Atomic Number | Ionization State |  Wavelength (Ang.) |               g_i*f_ik |     E_i(cm^-1) |    i |    j |
          14.0 |              3.0 |             1206.5 |     1.7000000476837158 |            0.0 |  1.0 |  3.0 |
          14.0 |              3.0 |  566.6129760742188 |   0.015599999576807022 |            0.0 |  1.0 | 12.0 |
          14.0 |              3.0 |  466.1310119628906 |   0.014100000262260437 |            0.0 |  1.0 | 21.0 |
          14.0 |              3.0 |  437.2550048828125 |  0.0048500001430511475 |            0.0 |  1.0 | 29.0 |
          14.0 |              3.0 |  426.6440124511719 |  0.0004180000105407089 |            0.0 |  1.0 | 35.0 |
          14.0 |              3.0 |  423.8169860839844 |  0.0018100000452250242 |            0.0 |  1.0 | 38.0 |
          14.0 |              3.0 | 408.37799072265625 |  0.0028699999675154686 |            0.0 |  1.0 | 48.0 |
          14.0 |              3.0 |    397.72900390625 |  0.0021699999924749136 |            0.0 |  1.0 | 63.0 |
          14.0 |              3.0 | 391.27801513671875 |  0.0015800000401213765 |            0.0 |  1.0 | 73.0 |
          14.0 |              3.0 |  386.8940124511719 |  0.0011699999449774623 |            0.0 |  1.0 | 83.0 |
          14.0 |              3.0 |   1298.93798828125 |     5.0900397300720215 | 52897.66015625 |  2.0 |  5.0 |
          14.0 |              3.0 | 1110.5150146484375 |      8.010000228881836 | 52897.66015625 |  2.0 |  6.0 |
          14.0 |              3.0 |    995.22900390625 |     1.0700100660324097 | 52897.66015625 |  2.0 |  7.0 |
          14.0 |              3.0 |  672.4910278320312 |    0.04349970072507858 | 52897.66015625 |  2.0 | 14.0 |
          14.0 |              3.0 |  652.4080200195312 |    0.15399900078773499 | 52897.66015625 |  2.0 | 18.0 |
          14.0 |              3.0 |  574.0960083007812 |  0.0011099700350314379 | 52897.66015625 |  2.0 | 27.0 |
          14.0 |              3.0 |  565.8489990234375 |    0.05799960345029831 | 52897.66015625 |  2.0 | 30.0 |
          14.0 |              3.0 |  533.6480102539062 |   0.019299600273370743 | 52897.66015625 |  2.0 | 39.0 |
          14.0 |              3.0 |  528.4089965820312 |   0.029899798333644867 | 52897.66015625 |  2.0 | 41.0 |
          14.0 |              3.0 |  520.8359985351562 |    0.07710029929876328 | 52897.66015625 |  2.0 | 49.0 |
          14.0 |              3.0 |  512.5570068359375 |     0.0200996994972229 | 52897.66015625 |  2.0 | 52.0 |
          14.0 |              3.0 | 510.52899169921875 |   0.011799899861216545 | 52897.66015625 |  2.0 | 53.0 |
          14.0 |              3.0 |  509.6619873046875 |  0.0015100199962034822 | 52897.66015625 |  2.0 | 54.0 |
          14.0 |              3.0 |  507.9530029296875 |   0.008070030249655247 | 52897.66015625 |  2.0 | 55.0 |
          14.0 |              3.0 | 497.24798583984375 | 0.00018500401347409934 | 52897.66015625 |  2.0 | 64.0 |
          14.0 |              3.0 | 496.42498779296875 |    0.00989999994635582 | 52897.66015625 |  2.0 | 65.0 |
          14.0 |              3.0 |  488.9549865722656 |  0.0005550030036829412 | 52897.66015625 |  2.0 | 75.0 |
          14.0 |              3.0 |  488.5060119628906 |   0.006920010317116976 | 52897.66015625 |  2.0 | 76.0 |
          14.0 |              3.0 |   483.677001953125 |   0.000654003000818193 | 52897.66015625 |  2.0 | 85.0 |
          14.0 |              3.0 |  482.9939880371094 |   0.004979969933629036 | 52897.66015625 |  2.0 | 88.0 |
          14.0 |              3.0 |    2542.5810546875 |    0.13500000536441803 |    82884.40625 |  3.0 |  4.0 |
          14.0 |              3.0 |  1417.237060546875 |     0.8199900388717651 |    82884.40625 |  3.0 |  8.0 |
          14.0 |              3.0 | 1312.5909423828125 |    0.12800100445747375 |    82884.40625 |  3.0 |  9.0 |
          14.0 |              3.0 | 1206.5550537109375 |      5.150099754333496 |    82884.40625 |  3.0 | 10.0 |
          14.0 |              3.0 |  823.4089965820312 |    0.27399900555610657 |    82884.40625 |  3.0 | 15.0 |
          14.0 |              3.0 |  800.0659790039062 |    0.03950100019574165 |    82884.40625 |  3.0 | 19.0 |
          14.0 |              3.0 |  690.7000122070312 |   0.024800101295113564 |    82884.40625 |  3.0 | 28.0 |
          14.0 |              3.0 |  678.0579833984375 |   0.013599900528788567 |    82884.40625 |  3.0 | 34.0 |
          14.0 |              3.0 |  634.2550048828125 |   0.004640100058168173 |    82884.40625 |  3.0 | 40.0 |
          14.0 |              3.0 |  626.3560180664062 |      0.006279899738729 |    82884.40625 |  3.0 | 45.0 |
          14.0 |              3.0 |  624.9970092773438 |   0.023399999365210533 |    82884.40625 |  3.0 | 46.0 |
          14.0 |              3.0 |  605.8729858398438 |  0.0003440100117586553 |    82884.40625 |  3.0 | 51.0 |
          14.0 |              3.0 |  598.9000244140625 |   0.003279899712651968 |    82884.40625 |  3.0 | 59.0 |
          14.0 |              3.0 |  596.1179809570312 |   0.001449989969842136 |    82884.40625 |  3.0 | 61.0 |
          14.0 |              3.0 |  583.1300048828125 |  0.0015399899566546082 |    82884.40625 |  3.0 | 66.0 |
          14.0 |              3.0 |  581.7930297851562 | 1.7499900195616647e-07 |    82884.40625 |  3.0 | 70.0 |
          14.0 |              3.0 |   573.343017578125 |  6.600000051548705e-05 |    82884.40625 |  3.0 | 74.0 |
          14.0 |              3.0 |  571.5460205078125 |  9.420000424142927e-06 |    82884.40625 |  3.0 | 79.0 |
          14.0 |              3.0 |  567.8779907226562 |   0.004250099882483482 |    82884.40625 |  3.0 | 84.0 |
          14.0 |              3.0 |   565.156005859375 |  5.780099854746368e-06 |    82884.40625 |  3.0 | 86.0 |
          14.0 |              3.0 | 1842.5479736328125 |    0.46799999475479126 | 122214.5234375 |  4.0 | 12.0 |
          14.0 |              3.0 | 1210.4549560546875 |      2.299999952316284 | 122214.5234375 |  4.0 | 16.0 |
          14.0 |              3.0 | 1207.5169677734375 |     2.6499998569488525 | 122214.5234375 |  4.0 | 17.0 |
          14.0 |              3.0 | 1083.2159423828125 |    0.19500000774860382 | 122214.5234375 |  4.0 | 21.0 |
          14.0 |              3.0 |  967.9439697265625 |       1.28000009059906 | 122214.5234375 |  4.0 | 25.0 |
          14.0 |              3.0 |  939.0969848632812 |     0.4449999928474426 | 122214.5234375 |  4.0 | 29.0 |
          14.0 |              3.0 |    891.47900390625 |   0.006000000052154064 | 122214.5234375 |  4.0 | 35.0 |
          14.0 |              3.0 |    883.39697265625 |     0.3720000088214874 | 122214.5234375 |  4.0 | 37.0 |
          14.0 |              3.0 |  879.2249755859375 |    0.04039999842643738 | 122214.5234375 |  4.0 | 38.0 |
          14.0 |              3.0 |  822.0040283203125 |   0.011500000022351742 | 122214.5234375 |  4.0 | 47.0 |
          14.0 |              3.0 |   815.281982421875 |  2.390000008745119e-05 | 122214.5234375 |  4.0 | 48.0 |
          14.0 |              3.0 |  780.3250122070312 |  0.0014600000577047467 | 122214.5234375 |  4.0 | 60.0 |
          14.0 |              3.0 |  773.9180297851562 |  0.0005339999916031957 | 122214.5234375 |  4.0 | 63.0 |
          14.0 |              3.0 |  753.9149780273438 |  0.0053100003860890865 | 122214.5234375 |  4.0 | 71.0 |
          14.0 |              3.0 |  749.8579711914062 |  0.0008299999753944576 | 122214.5234375 |  4.0 | 73.0 |
          14.0 |              3.0 |  736.3829956054688 |   0.006289999932050705 | 122214.5234375 |  4.0 | 81.0 |
          14.0 |              3.0 |  733.9229736328125 |  0.0008500000112690032 | 122214.5234375 |  4.0 | 83.0 |
          14.0 |              3.0 |  2202.991943359375 |  0.0017800199566408992 | 129883.6484375 |  5.0 | 11.0 |
          14.0 |              3.0 |      1174.95703125 |      0.746999979019165 | 129883.6484375 |  5.0 | 22.0 |
          14.0 |              3.0 | 1157.5050048828125 |     3.8099701404571533 | 129883.6484375 |  5.0 | 23.0 |
          14.0 |              3.0 | 1142.1429443359375 |     11.899799346923828 | 129883.6484375 |  5.0 | 24.0 |
          14.0 |              3.0 |  1034.137939453125 |     1.5599699020385742 | 129883.6484375 |  5.0 | 26.0 |
          14.0 |              3.0 |  956.5269775390625 |  0.0050000399351119995 | 129883.6484375 |  5.0 | 36.0 |
          14.0 |              3.0 |   869.176025390625 |  3.020040094270371e-05 | 129883.6484375 |  5.0 | 50.0 |
          14.0 |              3.0 |  823.8460083007812 | 1.4699699931952637e-05 | 129883.6484375 |  5.0 | 62.0 |
          14.0 |              3.0 |  796.1430053710938 | 4.5099899580236524e-05 | 129883.6484375 |  5.0 | 72.0 |
          14.0 |              3.0 |  777.9920043945312 |  5.990039790049195e-05 | 129883.6484375 |  5.0 | 82.0 |
          14.0 |              3.0 |  3093.052978515625 |                   2.25 |    142945.9375 |  6.0 | 11.0 |
          14.0 |              3.0 | 1782.7860107421875 |   0.008940000087022781 |    142945.9375 |  6.0 | 13.0 |
          14.0 |              3.0 |   1501.10595703125 |      14.89995002746582 |    142945.9375 |  6.0 | 20.0 |
          14.0 |              3.0 |   1387.97900390625 |    0.21900001168251038 |    142945.9375 |  6.0 | 22.0 |
          14.0 |              3.0 |   1363.68994140625 |     2.5099499225616455 |    142945.9375 |  6.0 | 23.0 |
          14.0 |              3.0 |      1342.41796875 |      4.219949722290039 |    142945.9375 |  6.0 | 24.0 |
          14.0 |              3.0 |   1195.64794921875 |    0.05849999934434891 |    142945.9375 |  6.0 | 26.0 |
          14.0 |              3.0 | 1145.1729736328125 |     3.6499500274658203 |    142945.9375 |  6.0 | 31.0 |
          14.0 |              3.0 |   1093.10400390625 |   0.057400498539209366 |    142945.9375 |  6.0 | 36.0 |
          14.0 |              3.0 |           1005.375 |      1.440000057220459 |    142945.9375 |  6.0 | 42.0 |
          14.0 |              3.0 |  980.4959716796875 |   0.022900499403476715 |    142945.9375 |  6.0 | 50.0 |
          14.0 |              3.0 |  936.0770263671875 |     0.7339949607849121 |    142945.9375 |  6.0 | 56.0 |
          14.0 |              3.0 |  923.1939697265625 |   0.012400049716234207 |    142945.9375 |  6.0 | 62.0 |
          14.0 |              3.0 |  895.9660034179688 |    0.43399500846862793 |    142945.9375 |  6.0 | 67.0 |
          14.0 |              3.0 |  888.5469970703125 |    0.00757994968444109 |    142945.9375 |  6.0 | 72.0 |
          14.0 |              3.0 |  870.4320068359375 |     0.2809950113296509 |    142945.9375 |  6.0 | 78.0 |
          14.0 |              3.0 |  865.9970092773438 |   0.005020050331950188 |    142945.9375 |  6.0 | 82.0 |
          14.0 |              3.0 |  854.8359985351562 |    0.19500000774860382 |    142945.9375 |  6.0 | 87.0 |
          14.0 |              3.0 |     4566.333984375 |     3.4401001930236816 |  153377.046875 |  7.0 | 11.0 |
          14.0 |              3.0 | 1622.9530029296875 |    0.03410099819302559 |  153377.046875 |  7.0 | 22.0 |
          14.0 |              3.0 |  1589.842041015625 |    0.05619899928569794 |  153377.046875 |  7.0 | 23.0 |
          14.0 |              3.0 | 1366.0169677734375 |     2.6499900817871094 |  153377.046875 |  7.0 | 26.0 |
          14.0 |              3.0 |  1233.782958984375 |   0.001719989930279553 |  153377.046875 |  7.0 | 36.0 |
          14.0 |              3.0 | 1092.2030029296875 |   0.002000009873881936 |  153377.046875 |  7.0 | 50.0 |
          14.0 |              3.0 | 1021.5700073242188 |  0.0023400001227855682 |  153377.046875 |  7.0 | 62.0 |
          14.0 |              3.0 |  979.3150024414062 |  0.0019700101111084223 |  153377.046875 |  7.0 | 72.0 |
          14.0 |              3.0 |  951.9940185546875 |  0.0015500099398195744 |  153377.046875 |  7.0 | 82.0 |
          14.0 |              3.0 |   4339.72021484375 |    0.07450000196695328 |  153444.234375 |  8.0 | 12.0 |
          14.0 |              3.0 | 1636.9840087890625 |    0.02889999933540821 |  153444.234375 |  8.0 | 21.0 |
          14.0 |              3.0 | 1328.8060302734375 |    0.18700000643730164 |  153444.234375 |  8.0 | 29.0 |
          14.0 |              3.0 | 1235.4310302734375 |      1.899999976158142 |  153444.234375 |  8.0 | 35.0 |
          14.0 |              3.0 |   1212.02001953125 |    0.03280000016093254 |  153444.234375 |  8.0 | 38.0 |
          14.0 |              3.0 | 1093.7659912109375 |   0.002520000096410513 |  153444.234375 |  8.0 | 48.0 |
          14.0 |              3.0 | 1020.5850219726562 |  0.0004440000047907233 |  153444.234375 |  8.0 | 63.0 |
          14.0 |              3.0 |   979.156005859375 | 0.00010699999984353781 |  153444.234375 |  8.0 | 73.0 |
          14.0 |              3.0 |  952.1599731445312 | 2.8200000087963417e-05 |  153444.234375 |  8.0 | 83.0 |
          14.0 |              3.0 |     5741.326171875 |      0.781000018119812 |  159069.609375 |  9.0 | 12.0 |
          14.0 |              3.0 | 1803.0179443359375 |    0.18400000035762787 |  159069.609375 |  9.0 | 21.0 |
          14.0 |              3.0 | 1436.1600341796875 |     0.7229999899864197 |  159069.609375 |  9.0 | 29.0 |
          14.0 |              3.0 | 1327.7030029296875 |    0.07360000163316727 |  159069.609375 |  9.0 | 35.0 |
          14.0 |              3.0 | 1300.7030029296875 |    0.10899999737739563 |  159069.609375 |  9.0 | 38.0 |
          14.0 |              3.0 | 1165.4759521484375 |  0.0042500002309679985 |  159069.609375 |  9.0 | 48.0 |
          14.0 |              3.0 |     1082.748046875 |  0.0003490000090096146 |  159069.609375 |  9.0 | 63.0 |
          14.0 |              3.0 | 1036.2330322265625 | 1.8400000044493936e-05 |  159069.609375 |  9.0 | 73.0 |
          14.0 |              3.0 | 1006.0460205078125 | 1.6899999764063978e-06 |  159069.609375 |  9.0 | 83.0 |
          14.0 |              3.0 |        9326.453125 |     0.3269999921321869 |       165765.0 | 10.0 | 12.0 |
          14.0 |              3.0 |     2559.962890625 |     1.1699999570846558 |       165765.0 | 10.0 | 16.0 |
          14.0 |              3.0 |   2546.85595703125 |     0.0722000002861023 |       165765.0 | 10.0 | 17.0 |
          14.0 |              3.0 |   2050.56005859375 |    0.04619999974966049 |       165765.0 | 10.0 | 21.0 |
          14.0 |              3.0 |  1673.322998046875 |      1.940000057220459 |       165765.0 | 10.0 | 25.0 |
          14.0 |              3.0 |  1588.947021484375 |    0.22699999809265137 |       165765.0 | 10.0 | 29.0 |
          14.0 |              3.0 | 1457.2449951171875 |     1.0199999809265137 |       165765.0 | 10.0 | 35.0 |
          14.0 |              3.0 |   1435.77197265625 |                   4.25 |       165765.0 | 10.0 | 37.0 |
          14.0 |              3.0 | 1424.7840576171875 |    0.03689999878406525 |       165765.0 | 10.0 | 38.0 |
          14.0 |              3.0 |   1280.35205078125 |     1.7699999809265137 |       165765.0 | 10.0 | 47.0 |
          14.0 |              3.0 | 1264.1190185546875 |   0.002369999885559082 |       165765.0 | 10.0 | 48.0 |
          14.0 |              3.0 | 1182.0159912109375 |     0.6779999732971191 |       165765.0 | 10.0 | 60.0 |
          14.0 |              3.0 |    1167.3759765625 |  0.0003349999897181988 |       165765.0 | 10.0 | 63.0 |
          14.0 |              3.0 | 1122.4549560546875 |    0.32600000500679016 |       165765.0 | 10.0 | 71.0 |
          14.0 |              3.0 | 1113.4859619140625 |  5.059999966761097e-05 |       165765.0 | 10.0 | 73.0 |
          14.0 |              3.0 |  1084.030029296875 |    0.18299999833106995 |       165765.0 | 10.0 | 81.0 |
          14.0 |              3.0 |    1078.7060546875 | 3.4300001061637886e-06 |       165765.0 | 10.0 | 83.0 |
          14.0 |              3.0 |  3799.097900390625 |      9.999899864196777 |  175276.453125 | 11.0 | 14.0 |
          14.0 |              3.0 |  3236.284912109375 |     2.0199599266052246 |  175276.453125 | 11.0 | 18.0 |
          14.0 |              3.0 | 1930.1949462890625 |    0.04640040174126625 |  175276.453125 | 11.0 | 27.0 |
          14.0 |              3.0 | 1840.0369873046875 |    0.31300199031829834 |  175276.453125 | 11.0 | 30.0 |
          14.0 |              3.0 | 1538.2110595703125 |     0.3210029900074005 |  175276.453125 | 11.0 | 39.0 |
          14.0 |              3.0 |  1495.468994140625 |    0.14100301265716553 |  175276.453125 | 11.0 | 41.0 |
          14.0 |              3.0 | 1436.3680419921875 |      3.999959945678711 |  175276.453125 | 11.0 | 49.0 |
          14.0 |              3.0 |  1375.112060546875 |      2.719979763031006 |  175276.453125 | 11.0 | 52.0 |
          14.0 |              3.0 | 1360.6109619140625 |     0.6299999952316284 |  175276.453125 | 11.0 | 53.0 |
          14.0 |              3.0 |  1354.468017578125 |    0.45000001788139343 |  175276.453125 | 11.0 | 54.0 |
          14.0 |              3.0 |  1342.467041015625 |   0.014799599535763264 |  175276.453125 | 11.0 | 55.0 |
          14.0 |              3.0 |  1270.196044921875 |    0.07440030574798584 |  175276.453125 | 11.0 | 64.0 |
          14.0 |              3.0 | 1264.8409423828125 |   0.017399700358510017 |  175276.453125 | 11.0 | 65.0 |
          14.0 |              3.0 |  1217.446044921875 |    0.02649960108101368 |  175276.453125 | 11.0 | 75.0 |
          14.0 |              3.0 |    1214.6669921875 |   0.014000399969518185 |  175276.453125 | 11.0 | 76.0 |
          14.0 |              3.0 | 1185.2469482421875 |   0.012599999085068703 |  175276.453125 | 11.0 | 85.0 |
          14.0 |              3.0 |  1181.155029296875 |    0.01029959972947836 |  175276.453125 | 11.0 | 88.0 |
          14.0 |              3.0 |  3591.489990234375 |      2.979990005493164 |    176487.1875 | 12.0 | 15.0 |
          14.0 |              3.0 |      3186.04296875 |     0.6150000095367432 |    176487.1875 | 12.0 | 19.0 |
          14.0 |              3.0 |  1953.968017578125 |   0.022199999541044235 |    176487.1875 | 12.0 | 28.0 |
          14.0 |              3.0 | 1856.0699462890625 |    0.10599900037050247 |    176487.1875 | 12.0 | 34.0 |
          14.0 |              3.0 | 1560.9739990234375 |   0.030501000583171844 |    176487.1875 | 12.0 | 40.0 |
          14.0 |              3.0 |  1513.987060546875 |    0.04479900002479553 |    176487.1875 | 12.0 | 45.0 |
          14.0 |              3.0 | 1506.0670166015625 |     1.2599999904632568 |    176487.1875 | 12.0 | 46.0 |
          14.0 |              3.0 |  1399.614990234375 |      0.642989993095398 |    176487.1875 | 12.0 | 51.0 |
          14.0 |              3.0 | 1362.9539794921875 |   0.028400100767612457 |    176487.1875 | 12.0 | 59.0 |
          14.0 |              3.0 | 1348.6290283203125 |      0.231999009847641 |    176487.1875 | 12.0 | 61.0 |
          14.0 |              3.0 |   1283.93603515625 |   0.027699898928403854 |    176487.1875 | 12.0 | 66.0 |
          14.0 |              3.0 | 1277.4730224609375 |     0.3059999942779541 |    176487.1875 | 12.0 | 70.0 |
          14.0 |              3.0 | 1237.4239501953125 |    0.09129899740219116 |    176487.1875 | 12.0 | 74.0 |
          14.0 |              3.0 |    1229.0849609375 |    0.08760000020265579 |    176487.1875 | 12.0 | 79.0 |
          14.0 |              3.0 | 1212.2469482421875 |    0.05289900302886963 |    176487.1875 | 12.0 | 84.0 |
          14.0 |              3.0 | 1199.9119873046875 |     0.0350010022521019 |    176487.1875 | 12.0 | 86.0 |
          14.0 |              3.0 |     39053.58984375 |    0.48799797892570496 |   199037.90625 | 13.0 | 14.0 |
          14.0 |              3.0 |  3565.469970703125 |   0.022900501266121864 |   199037.90625 | 13.0 | 27.0 |
          14.0 |              3.0 |     3198.583984375 |      5.180069923400879 |   199037.90625 | 13.0 | 32.0 |
          14.0 |              3.0 |    2424.2919921875 |    0.27600300312042236 |   199037.90625 | 13.0 | 39.0 |
          14.0 |              3.0 |   2302.22705078125 |     1.5799978971481323 |   199037.90625 | 13.0 | 43.0 |
          14.0 |              3.0 |  2180.615966796875 |     2.1300299167633057 |   199037.90625 | 13.0 | 49.0 |
          14.0 |              3.0 |   1997.27294921875 |    0.19099920988082886 |   199037.90625 | 13.0 | 54.0 |
          14.0 |              3.0 | 1969.2750244140625 |     0.7479990124702454 |   199037.90625 | 13.0 | 58.0 |
          14.0 |              3.0 | 1819.2869873046875 |    0.02699970081448555 |   199037.90625 | 13.0 | 64.0 |
          14.0 |              3.0 | 1800.2659912109375 |     0.4370100200176239 |   199037.90625 | 13.0 | 69.0 |
          14.0 |              3.0 | 1712.9830322265625 |   0.009060029871761799 |   199037.90625 | 13.0 | 75.0 |
          14.0 |              3.0 |   1700.22705078125 |    0.28700700402259827 |   199037.90625 | 13.0 | 80.0 |
          14.0 |              3.0 |    1649.9169921875 |  0.0042199501767754555 |   199037.90625 | 13.0 | 85.0 |
          14.0 |              3.0 |  1641.862060546875 |    0.20300069451332092 |   199037.90625 | 13.0 | 90.0 |
          14.0 |              3.0 |    12554.958984375 |      5.020050048828125 |       201598.5 | 14.0 | 20.0 |
          14.0 |              3.0 |   7465.67822265625 |     3.7900497913360596 |       201598.5 | 14.0 | 22.0 |
          14.0 |              3.0 |    6812.9638671875 |     1.0799999237060547 |       201598.5 | 14.0 | 23.0 |
          14.0 |              3.0 |    6313.1728515625 |   0.002350050024688244 |       201598.5 | 14.0 | 24.0 |
          14.0 |              3.0 |  4002.550048828125 |    0.09139949828386307 |       201598.5 | 14.0 | 26.0 |
          14.0 |              3.0 |  3487.906005859375 |      6.599999904632568 |       201598.5 | 14.0 | 31.0 |
          14.0 |              3.0 |  3045.989990234375 |    0.37399497628211975 |       201598.5 | 14.0 | 36.0 |
          14.0 |              3.0 |     2450.212890625 |      2.190000057220459 |       201598.5 | 14.0 | 42.0 |
          14.0 |              3.0 |   2307.51708984375 |    0.11500050127506256 |       201598.5 | 14.0 | 50.0 |
          14.0 |              3.0 |     2075.712890625 |     0.9600000381469727 |       201598.5 | 14.0 | 56.0 |
          14.0 |              3.0 |  2013.406982421875 |   0.055999498814344406 |       201598.5 | 14.0 | 62.0 |
          14.0 |              3.0 |  1888.260009765625 |     0.5029950141906738 |       201598.5 | 14.0 | 67.0 |
          14.0 |              3.0 | 1855.6070556640625 |    0.03310050070285797 |       201598.5 | 14.0 | 72.0 |
          14.0 |              3.0 | 1778.3179931640625 |     0.2939999997615814 |       201598.5 | 14.0 | 78.0 |
          14.0 |              3.0 |  1759.905029296875 |   0.021700499579310417 |       201598.5 | 14.0 | 82.0 |
          14.0 |              3.0 |     1714.416015625 |    0.18499499559402466 |       201598.5 | 14.0 | 87.0 |
          14.0 |              3.0 |           201100.0 |   0.004490000195801258 |  204330.796875 | 15.0 | 16.0 |
          14.0 |              3.0 |           143200.0 |  7.980000304996793e-07 |  204330.796875 | 15.0 | 17.0 |
          14.0 |              3.0 |    9802.5947265625 |     1.3300000429153442 |  204330.796875 | 15.0 | 21.0 |
          14.0 |              3.0 |   4717.97412109375 |      3.059999942779541 |  204330.796875 | 15.0 | 25.0 |
          14.0 |              3.0 |    4103.5810546875 |    0.18700000643730164 |  204330.796875 | 15.0 | 29.0 |
          14.0 |              3.0 |  3327.029052734375 |    0.00965999998152256 |  204330.796875 | 15.0 | 35.0 |
          14.0 |              3.0 |  3217.177978515625 |    0.20600000023841858 |  204330.796875 | 15.0 | 37.0 |
          14.0 |              3.0 |   3162.52490234375 |     0.2199999988079071 |  204330.796875 | 15.0 | 38.0 |
          14.0 |              3.0 |   2529.23095703125 |     0.6140000224113464 |  204330.796875 | 15.0 | 47.0 |
          14.0 |              3.0 |  2466.657958984375 |    0.05470000207424164 |  204330.796875 | 15.0 | 48.0 |
          14.0 |              3.0 |  2172.239990234375 |     0.3449999988079071 |  204330.796875 | 15.0 | 60.0 |
          14.0 |              3.0 |  2123.303955078125 |   0.024300001561641693 |  204330.796875 | 15.0 | 63.0 |
          14.0 |              3.0 | 1979.2330322265625 |    0.18299999833106995 |  204330.796875 | 15.0 | 71.0 |
          14.0 |              3.0 | 1951.5150146484375 |   0.013899999670684338 |  204330.796875 | 15.0 | 73.0 |
          14.0 |              3.0 |  1862.802001953125 |    0.10300000011920929 |  204330.796875 | 15.0 | 81.0 |
          14.0 |              3.0 |  1847.136962890625 |    0.00901000015437603 |  204330.796875 | 15.0 | 83.0 |
          14.0 |              3.0 |   4378.85302734375 |    0.05980030074715614 |    204828.0625 | 16.0 | 28.0 |
          14.0 |              3.0 |    3925.5791015625 |      7.270199775695801 |    204828.0625 | 16.0 | 33.0 |
          14.0 |              3.0 |      2799.41796875 |   0.004840009845793247 |    204828.0625 | 16.0 | 40.0 |
          14.0 |              3.0 |   2656.31005859375 |     1.2900300025939941 |    204828.0625 | 16.0 | 44.0 |
          14.0 |              3.0 |     2319.791015625 |    0.01910020038485527 |    204828.0625 | 16.0 | 51.0 |
          14.0 |              3.0 |  2222.721923828125 |      0.435001015663147 |    204828.0625 | 16.0 | 57.0 |
          14.0 |              3.0 |    2183.0009765625 |  0.0009639699710533023 |    204828.0625 | 16.0 | 61.0 |
          14.0 |              3.0 | 2009.7860107421875 |    0.19700099527835846 |    204828.0625 | 16.0 | 68.0 |
          14.0 |              3.0 | 2002.4549560546875 |    0.01690009981393814 |    204828.0625 | 16.0 | 70.0 |
          14.0 |              3.0 | 1894.3179931640625 |    0.10399899631738663 |    204828.0625 | 16.0 | 77.0 |
          14.0 |              3.0 |   1886.06494140625 |   0.007459899876266718 |    204828.0625 | 16.0 | 79.0 |
          14.0 |              3.0 |   1818.22900390625 |    0.00396997993811965 |    204828.0625 | 16.0 | 86.0 |
          14.0 |              3.0 | 1814.3780517578125 |   0.061299704015254974 |    204828.0625 | 16.0 | 89.0 |
          14.0 |              3.0 |       4417.7421875 |  0.0007070000283420086 |   205029.09375 | 17.0 | 28.0 |
          14.0 |              3.0 |  2815.260986328125 |  0.0072200000286102295 |   205029.09375 | 17.0 | 40.0 |
          14.0 |              3.0 |  2641.574951171875 |     0.5830000042915344 |   205029.09375 | 17.0 | 46.0 |
          14.0 |              3.0 |  2330.659912109375 |     0.1420000046491623 |   205029.09375 | 17.0 | 51.0 |
          14.0 |              3.0 |    2192.6240234375 |   0.044599998742341995 |   205029.09375 | 17.0 | 61.0 |
          14.0 |              3.0 | 2010.5489501953125 |    0.08000000566244125 |   205029.09375 | 17.0 | 70.0 |
          14.0 |              3.0 | 1893.2430419921875 |   0.028099998831748962 |   205029.09375 | 17.0 | 79.0 |
          14.0 |              3.0 | 1824.8990478515625 |    0.01360000018030405 |   205029.09375 | 17.0 | 86.0 |
          14.0 |              3.0 |    11341.666015625 |                   3.75 |  206176.078125 | 18.0 | 22.0 |
          14.0 |              3.0 |    9900.6787109375 |     1.1000100374221802 |  206176.078125 | 18.0 | 23.0 |
          14.0 |              3.0 |   4900.40283203125 |    0.06270000338554382 |  206176.078125 | 18.0 | 26.0 |
          14.0 |              3.0 |  3539.513916015625 |   0.002630010014399886 |  206176.078125 | 18.0 | 36.0 |
          14.0 |              3.0 |      2580.04296875 |   0.009789899922907352 |  206176.078125 | 18.0 | 50.0 |
          14.0 |              3.0 |   2217.81201171875 |   0.008240099996328354 |  206176.078125 | 18.0 | 62.0 |
          14.0 |              3.0 | 2027.8570556640625 |   0.006350100040435791 |  206176.078125 | 18.0 | 72.0 |
          14.0 |              3.0 | 1914.1080322265625 |   0.004920000210404396 |  206176.078125 | 18.0 | 82.0 |
          14.0 |              3.0 |   15019.3447265625 |     1.1799999475479126 |   207874.09375 | 19.0 | 21.0 |
          14.0 |              3.0 |   4801.76904296875 |      0.289000004529953 |   207874.09375 | 19.0 | 29.0 |
          14.0 |              3.0 |  3771.656005859375 |  0.0029299999587237835 |   207874.09375 | 19.0 | 35.0 |
          14.0 |              3.0 |  3561.634033203125 |   0.005539999809116125 |   207874.09375 | 19.0 | 38.0 |
          14.0 |              3.0 |   2702.89404296875 |   0.005249999929219484 |   207874.09375 | 19.0 | 48.0 |
          14.0 |              3.0 |  2296.047119140625 |   0.006479999981820583 |   207874.09375 | 19.0 | 63.0 |
          14.0 |              3.0 |   2096.48193359375 |    0.00570000009611249 |   207874.09375 | 19.0 | 73.0 |
          14.0 |              3.0 |     1976.498046875 |  0.0047599999234080315 |   207874.09375 | 19.0 | 83.0 |
          14.0 |              3.0 |   5707.36181640625 |     1.5299969911575317 |  209563.484375 | 20.0 | 27.0 |
          14.0 |              3.0 |      4822.00390625 |     21.399002075195312 |  209563.484375 | 20.0 | 32.0 |
          14.0 |              3.0 |  3254.827880859375 |     0.4710090160369873 |  209563.484375 | 20.0 | 39.0 |
          14.0 |              3.0 |  3038.531982421875 |     1.8300029039382935 |  209563.484375 | 20.0 | 43.0 |
          14.0 |              3.0 |    2830.2119140625 |    0.43199101090431213 |  209563.484375 | 20.0 | 49.0 |
          14.0 |              3.0 |     2528.912109375 |  0.0033400501124560833 |  209563.484375 | 20.0 | 54.0 |
          14.0 |              3.0 |   2484.19091796875 |     0.3550049960613251 |  209563.484375 | 20.0 | 58.0 |
          14.0 |              3.0 |  2250.174072265625 |   0.014899920672178268 |  209563.484375 | 20.0 | 64.0 |
          14.0 |              3.0 |   2221.14599609375 |    0.09149909764528275 |  209563.484375 | 20.0 | 69.0 |
          14.0 |              3.0 |   2089.77099609375 |   0.012600000947713852 |  209563.484375 | 20.0 | 75.0 |
          14.0 |              3.0 |   2070.81689453125 |   0.025200001895427704 |  209563.484375 | 20.0 | 80.0 |
          14.0 |              3.0 | 1996.6629638671875 |   0.009759959764778614 |  209563.484375 | 20.0 | 85.0 |
          14.0 |              3.0 | 1984.8790283203125 |   0.006219990085810423 |  209563.484375 | 20.0 | 90.0 |
          14.0 |              3.0 |        7614.453125 |        4.2399001121521 |  214532.171875 | 21.0 | 28.0 |
          14.0 |              3.0 |    6316.2060546875 |      0.704010009765625 |  214532.171875 | 21.0 | 34.0 |
          14.0 |              3.0 |  3843.552001953125 |    0.18999898433685303 |  214532.171875 | 21.0 | 40.0 |
          14.0 |              3.0 |   3570.69091796875 |    0.11000099778175354 |  214532.171875 | 21.0 | 45.0 |
          14.0 |              3.0 |  3526.947021484375 |     0.1379999965429306 |  214532.171875 | 21.0 | 46.0 |
          14.0 |              3.0 |  2993.722900390625 |  0.0031101000495254993 |  214532.171875 | 21.0 | 51.0 |
          14.0 |              3.0 |   2830.84912109375 |    0.03689999878406525 |  214532.171875 | 21.0 | 59.0 |
          14.0 |              3.0 |    2769.7470703125 |    0.03270000219345093 |  214532.171875 | 21.0 | 61.0 |
          14.0 |              3.0 |  2510.007080078125 |   0.012000000104308128 |  214532.171875 | 21.0 | 66.0 |
          14.0 |              3.0 |  2485.424072265625 |   0.000474989996291697 |  214532.171875 | 21.0 | 70.0 |
          14.0 |              3.0 |  2338.194091796875 |  0.0063099004328250885 |  214532.171875 | 21.0 | 74.0 |
          14.0 |              3.0 |  2308.597900390625 |  0.0006539999740198255 |  214532.171875 | 21.0 | 79.0 |
          14.0 |              3.0 |   2249.89599609375 |    0.06509999930858612 |  214532.171875 | 21.0 | 84.0 |
          14.0 |              3.0 |   2207.77490234375 |  0.0002880000101868063 |  214532.171875 | 21.0 | 86.0 |
          14.0 |              3.0 |    8270.2177734375 |     10.800000190734863 |     214993.125 | 22.0 | 27.0 |
          14.0 |              3.0 |    6835.2412109375 |     2.1999599933624268 |     214993.125 | 22.0 | 30.0 |
          14.0 |              3.0 |   3953.51708984375 |    0.19400399923324585 |     214993.125 | 22.0 | 39.0 |
          14.0 |              3.0 |   3682.97412109375 |     0.2739959955215454 |     214993.125 | 22.0 | 41.0 |
          14.0 |              3.0 |   3344.10205078125 |    0.12300300598144531 |     214993.125 | 22.0 | 49.0 |
          14.0 |              3.0 |    3029.8740234375 |    0.09240299463272095 |     214993.125 | 22.0 | 52.0 |
          14.0 |              3.0 |   2960.35498046875 |     0.1050029993057251 |     214993.125 | 22.0 | 53.0 |
          14.0 |              3.0 |  2931.428955078125 |    0.09379799664020538 |     214993.125 | 22.0 | 54.0 |
          14.0 |              3.0 |       2875.7890625 |     0.2680020034313202 |     214993.125 | 22.0 | 55.0 |
          14.0 |              3.0 |   2563.35595703125 |   0.023799601942300797 |     214993.125 | 22.0 | 64.0 |
          14.0 |              3.0 |   2541.64208984375 |     0.0702999010682106 |     214993.125 | 22.0 | 65.0 |
          14.0 |              3.0 |  2357.240966796875 |   0.008739990182220936 |     214993.125 | 22.0 | 75.0 |
          14.0 |              3.0 |  2346.843994140625 |    0.03860010206699371 |     214993.125 | 22.0 | 76.0 |
          14.0 |              3.0 |  2239.446044921875 |   0.003920040093362331 |     214993.125 | 22.0 | 85.0 |
          14.0 |              3.0 |      2224.87890625 |   0.024300001561641693 |     214993.125 | 22.0 | 88.0 |
          14.0 |              3.0 |    9252.1396484375 |      2.899980068206787 |  216276.390625 | 23.0 | 27.0 |
          14.0 |              3.0 |   7492.43701171875 |     0.7299990057945251 |  216276.390625 | 23.0 | 30.0 |
          14.0 |              3.0 |   4164.81591796875 |   0.022100400179624557 |  216276.390625 | 23.0 | 39.0 |
          14.0 |              3.0 |  3865.675048828125 |    0.11500199884176254 |  216276.390625 | 23.0 | 41.0 |
          14.0 |              3.0 |     3494.044921875 |   0.013200299814343452 |  216276.390625 | 23.0 | 49.0 |
          14.0 |              3.0 |  3152.446044921875 |     0.8240039944648743 |  216276.390625 | 23.0 | 52.0 |
          14.0 |              3.0 |  3077.258056640625 |    0.39500099420547485 |  216276.390625 | 23.0 | 53.0 |
          14.0 |              3.0 |  3046.014892578125 |   0.002919960068538785 |  216276.390625 | 23.0 | 54.0 |
          14.0 |              3.0 |   2985.98388671875 |   0.010099800303578377 |  216276.390625 | 23.0 | 55.0 |
          14.0 |              3.0 |     2650.544921875 |  3.239999932702631e-05 |  216276.390625 | 23.0 | 64.0 |
          14.0 |              3.0 |       2627.3359375 |   0.008240040391683578 |  216276.390625 | 23.0 | 65.0 |
          14.0 |              3.0 |   2430.77099609375 |  0.0006800040137022734 |  216276.390625 | 23.0 | 75.0 |
          14.0 |              3.0 |  2419.717041015625 |   0.006110009737312794 |  216276.390625 | 23.0 | 76.0 |
          14.0 |              3.0 |    2305.7080078125 |  0.0011500200489535928 |  216276.390625 | 23.0 | 85.0 |
          14.0 |              3.0 |   2290.26904296875 |   0.004280040040612221 |  216276.390625 | 23.0 | 88.0 |
          14.0 |              3.0 |    10366.654296875 |  0.0021799500100314617 |  217438.390625 | 24.0 | 27.0 |
          14.0 |              3.0 |    4376.6220703125 |     0.0414000004529953 |  217438.390625 | 24.0 | 39.0 |
          14.0 |              3.0 |  3641.908935546875 |    0.41100001335144043 |  217438.390625 | 24.0 | 49.0 |
          14.0 |              3.0 |   3272.31494140625 |     1.7299500703811646 |  217438.390625 | 24.0 | 52.0 |
          14.0 |              3.0 |  3157.782958984375 |    0.04859999939799309 |  217438.390625 | 24.0 | 54.0 |
          14.0 |              3.0 |   2734.77294921875 |   0.010300050489604473 |  217438.390625 | 24.0 | 64.0 |
          14.0 |              3.0 |  2501.425048828125 |   0.004789949860423803 |  217438.390625 | 24.0 | 75.0 |
          14.0 |              3.0 |   2369.18310546875 |   0.002909999806433916 |  217438.390625 | 24.0 | 85.0 |
          14.0 |              3.0 |         46756.0625 |     0.9160200357437134 |  225526.328125 | 25.0 | 28.0 |
          14.0 |              3.0 |     20939.42578125 |      2.709980010986328 |  225526.328125 | 25.0 | 33.0 |
          14.0 |              3.0 |   6656.26513671875 |  0.0029099700041115284 |  225526.328125 | 25.0 | 40.0 |
          14.0 |              3.0 |        5900.421875 |     2.2799699306488037 |  225526.328125 | 25.0 | 44.0 |
          14.0 |              3.0 |   4462.48095703125 |   0.026700099930167198 |  225526.328125 | 25.0 | 51.0 |
          14.0 |              3.0 |   4116.64794921875 |     0.9260300397872925 |  225526.328125 | 25.0 | 57.0 |
          14.0 |              3.0 |   3982.44189453125 |  0.0045399898663163185 |  225526.328125 | 25.0 | 61.0 |
          14.0 |              3.0 |  3441.361083984375 |    0.47900301218032837 |  225526.328125 | 25.0 | 68.0 |
          14.0 |              3.0 |  3419.924072265625 |    0.01579970121383667 |  225526.328125 | 25.0 | 70.0 |
          14.0 |              3.0 |    3116.1201171875 |      0.289002001285553 |  225526.328125 | 25.0 | 77.0 |
          14.0 |              3.0 |   3093.85205078125 |   0.005040000192821026 |  225526.328125 | 25.0 | 79.0 |
          14.0 |              3.0 |  2915.426025390625 |   0.002089990070089698 |  225526.328125 | 25.0 | 86.0 |
          14.0 |              3.0 |     2905.537109375 |     0.1910020112991333 |  225526.328125 | 25.0 | 89.0 |
          14.0 |              3.0 |           199150.0 |    0.00564003037288785 |    226582.5625 | 26.0 | 27.0 |
          14.0 |              3.0 |     32887.99609375 |    0.08450010418891907 |    226582.5625 | 26.0 | 30.0 |
          14.0 |              3.0 |           7296.875 |     0.9569699764251709 |    226582.5625 | 26.0 | 39.0 |
          14.0 |              3.0 |   6425.68896484375 |  0.0019400399178266525 |    226582.5625 | 26.0 | 41.0 |
          14.0 |              3.0 |   5460.31787109375 |      4.069980144500732 |    226582.5625 | 26.0 | 49.0 |
          14.0 |              3.0 |      4669.57421875 |     3.2900400161743164 |    226582.5625 | 26.0 | 52.0 |
          14.0 |              3.0 |   4506.47509765625 |      1.140030026435852 |    226582.5625 | 26.0 | 53.0 |
          14.0 |              3.0 |      4439.78515625 |     0.2739959955215454 |    226582.5625 | 26.0 | 54.0 |
          14.0 |              3.0 |   4313.39013671875 |     0.2739959955215454 |    226582.5625 | 26.0 | 55.0 |
          14.0 |              3.0 |  3646.717041015625 |    0.03529980033636093 |    226582.5625 | 26.0 | 64.0 |
          14.0 |              3.0 |  3602.927978515625 |   0.006759990006685257 |    226582.5625 | 26.0 | 65.0 |
          14.0 |              3.0 |   3243.27490234375 |   0.012599999085068703 |    226582.5625 | 26.0 | 75.0 |
          14.0 |              3.0 |           3223.625 |   0.002179980045184493 |    226582.5625 | 26.0 | 76.0 |
          14.0 |              3.0 |   3024.39501953125 |   0.006429960019886494 |    226582.5625 | 26.0 | 85.0 |
          14.0 |              3.0 |  2997.887939453125 |    0.00107999995816499 |    226582.5625 | 26.0 | 88.0 |
          14.0 |              3.0 |     31404.21484375 |      8.620050430297852 |  227084.703125 | 27.0 | 31.0 |
          14.0 |              3.0 |   13616.8486328125 |      7.380000114440918 |  227084.703125 | 27.0 | 36.0 |
          14.0 |              3.0 |   6524.61376953125 |      5.130000114440918 |  227084.703125 | 27.0 | 42.0 |
          14.0 |              3.0 |   5602.10791015625 |     0.4969950020313263 |  227084.703125 | 27.0 | 50.0 |
          14.0 |              3.0 |   4407.22509765625 |     1.9000500440597534 |  227084.703125 | 27.0 | 56.0 |
          14.0 |              3.0 |    4135.5029296875 |    0.15799500048160553 |  227084.703125 | 27.0 | 62.0 |
          14.0 |              3.0 |  3639.989990234375 |     0.9359999895095825 |  227084.703125 | 27.0 | 67.0 |
          14.0 |              3.0 |   3520.56689453125 |    0.07560000568628311 |  227084.703125 | 27.0 | 72.0 |
          14.0 |              3.0 |  3252.382080078125 |     0.5430000424385071 |  227084.703125 | 27.0 | 78.0 |
          14.0 |              3.0 |   3191.31591796875 |   0.043600499629974365 |  227084.703125 | 27.0 | 82.0 |
          14.0 |              3.0 |   3044.81591796875 |     0.3490050137042999 |  227084.703125 | 27.0 | 87.0 |
          14.0 |              3.0 |       96650.109375 |    0.23900000751018524 |   227665.09375 | 28.0 | 29.0 |
          14.0 |              3.0 |   14875.3076171875 |   0.003380000125616789 |   227665.09375 | 28.0 | 35.0 |
          14.0 |              3.0 |   12905.1572265625 |      4.610000133514404 |   227665.09375 | 28.0 | 37.0 |
          14.0 |              3.0 |    12068.548828125 |      1.940000057220459 |   227665.09375 | 28.0 | 38.0 |
          14.0 |              3.0 |    6171.5400390625 |    0.42899999022483826 |   227665.09375 | 28.0 | 47.0 |
          14.0 |              3.0 |    5811.7978515625 |     0.1979999989271164 |   227665.09375 | 28.0 | 48.0 |
          14.0 |              3.0 |   4405.06689453125 |    0.45399999618530273 |   227665.09375 | 28.0 | 60.0 |
          14.0 |              3.0 |    4208.3798828125 |    0.06310000270605087 |   227665.09375 | 28.0 | 63.0 |
          14.0 |              3.0 |  3677.778076171875 |      0.289000004529953 |   227665.09375 | 28.0 | 71.0 |
          14.0 |              3.0 |     3583.208984375 |   0.030000001192092896 |   227665.09375 | 28.0 | 73.0 |
          14.0 |              3.0 |     3295.080078125 |     0.1860000044107437 |   227665.09375 | 28.0 | 81.0 |
          14.0 |              3.0 |      3246.37890625 |    0.01719999872148037 |   227665.09375 | 28.0 | 83.0 |
          14.0 |              3.0 |      60070.5234375 |     0.2019989937543869 |      228699.75 | 29.0 | 34.0 |
          14.0 |              3.0 |    8438.8037109375 |     1.5099899768829346 |      228699.75 | 29.0 | 40.0 |
          14.0 |              3.0 |     7226.373046875 |    0.02330010011792183 |      228699.75 | 29.0 | 45.0 |
          14.0 |              3.0 |    7049.4267578125 |      0.573989987373352 |      228699.75 | 29.0 | 46.0 |
          14.0 |              3.0 |   5198.68310546875 |     0.5949900150299072 |      228699.75 | 29.0 | 51.0 |
          14.0 |              3.0 |    4726.4541015625 |   0.003410100005567074 |      228699.75 | 29.0 | 59.0 |
          14.0 |              3.0 |    4558.5498046875 |      0.732990026473999 |      228699.75 | 29.0 | 61.0 |
          14.0 |              3.0 |  3895.152099609375 |  7.790100062265992e-05 |      228699.75 | 29.0 | 66.0 |
          14.0 |              3.0 |   3836.26806640625 |    0.10700099170207977 |      228699.75 | 29.0 | 70.0 |
          14.0 |              3.0 |  3496.446044921875 |    0.06210000067949295 |      228699.75 | 29.0 | 74.0 |
          14.0 |              3.0 |  3430.678955078125 |   0.009069900028407574 |      228699.75 | 29.0 | 79.0 |
          14.0 |              3.0 |      3302.62890625 |        0.1250009983778 |      228699.75 | 29.0 | 84.0 |
          14.0 |              3.0 |  3212.656982421875 |  0.0007979999645613134 |      228699.75 | 29.0 | 86.0 |
          14.0 |              3.0 |    20810.095703125 |      6.149999618530273 |    229623.1875 | 30.0 | 36.0 |
          14.0 |              3.0 |   6530.85107421875 |  0.0001829999964684248 |    229623.1875 | 30.0 | 50.0 |
          14.0 |              3.0 |   4620.56591796875 |   0.005259899888187647 |    229623.1875 | 30.0 | 62.0 |
          14.0 |              3.0 |  3866.073974609375 |   0.004880100023001432 |    229623.1875 | 30.0 | 72.0 |
          14.0 |              3.0 |  3472.637939453125 |   0.003770099952816963 |    229623.1875 | 30.0 | 82.0 |
          14.0 |              3.0 |          3053400.0 |     0.2229989916086197 |       230269.0 | 31.0 | 32.0 |
          14.0 |              3.0 |     9981.962890625 |      2.790060043334961 |       230269.0 | 31.0 | 39.0 |
          14.0 |              3.0 |      8193.28515625 |     23.900100708007812 |       230269.0 | 31.0 | 43.0 |
          14.0 |              3.0 |      6836.42578125 |    0.08339940756559372 |       230269.0 | 31.0 | 49.0 |
          14.0 |              3.0 |   5308.64794921875 |     0.2040002942085266 |       230269.0 | 31.0 | 54.0 |
          14.0 |              3.0 |    5115.3408203125 |      4.420080184936523 |       230269.0 | 31.0 | 58.0 |
          14.0 |              3.0 |   4213.09912109375 |    0.09859919548034668 |       230269.0 | 31.0 | 64.0 |
          14.0 |              3.0 |   4112.47119140625 |     1.5399930477142334 |       230269.0 | 31.0 | 69.0 |
          14.0 |              3.0 |  3683.701904296875 |   0.051099300384521484 |       230269.0 | 31.0 | 75.0 |
          14.0 |              3.0 |    3625.2099609375 |     0.7140000462532043 |       230269.0 | 31.0 | 80.0 |
          14.0 |              3.0 |  3403.903076171875 |    0.03030090034008026 |       230269.0 | 31.0 | 85.0 |
          14.0 |              3.0 |  3369.797119140625 |    0.38900402188301086 |       230269.0 | 31.0 | 90.0 |
          14.0 |              3.0 |    8257.9521484375 |    0.23400089144706726 |      230301.75 | 32.0 | 42.0 |
          14.0 |              3.0 |   5135.32177734375 |    0.03629880025982857 |      230301.75 | 32.0 | 56.0 |
          14.0 |              3.0 |   4122.76513671875 |   0.011399940587580204 |      230301.75 | 32.0 | 67.0 |
          14.0 |              3.0 |  3632.446044921875 |   0.004879979882389307 |      230301.75 | 32.0 | 78.0 |
          14.0 |              3.0 |  3375.450927734375 |  0.0024899940472096205 |      230301.75 | 32.0 | 87.0 |
          14.0 |              3.0 |     19562.12109375 |     1.1699999570846558 |  230302.015625 | 33.0 | 37.0 |
          14.0 |              3.0 |   7371.10302734375 |  0.0019600200466811657 |  230302.015625 | 33.0 | 47.0 |
          14.0 |              3.0 |    4983.9990234375 | 0.00012200399942230433 |  230302.015625 | 33.0 | 60.0 |
          14.0 |              3.0 |      4072.75390625 | 0.00014100299449637532 |  230302.015625 | 33.0 | 71.0 |
          14.0 |              3.0 |    3608.6279296875 |  7.990020094439387e-05 |  230302.015625 | 33.0 | 81.0 |
          14.0 |              3.0 |      24855.9609375 |  8.369999704882503e-05 |  230364.453125 | 34.0 | 35.0 |
          14.0 |              3.0 |     17899.87890625 |     1.8899999856948853 |  230364.453125 | 34.0 | 38.0 |
          14.0 |              3.0 |   6893.21923828125 |  7.720000212430023e-07 |  230364.453125 | 34.0 | 48.0 |
          14.0 |              3.0 |   4747.72021484375 |  0.0033199999015778303 |  230364.453125 | 34.0 | 63.0 |
          14.0 |              3.0 |  3966.904052734375 |  0.0034199999645352364 |  230364.453125 | 34.0 | 73.0 |
          14.0 |              3.0 |   3558.18994140625 |  0.0027799999807029963 |  230364.453125 | 34.0 | 83.0 |
          14.0 |              3.0 |   16228.1552734375 |  0.0008690099930390716 |  234387.640625 | 35.0 | 40.0 |
          14.0 |              3.0 |   12269.4716796875 |  0.0014400000218302011 |  234387.640625 | 35.0 | 45.0 |
          14.0 |              3.0 |   11767.9462890625 |   0.017100000753998756 |  234387.640625 | 35.0 | 46.0 |
          14.0 |              3.0 |     7381.298828125 |   0.043101001530885696 |  234387.640625 | 35.0 | 51.0 |
          14.0 |              3.0 |     6464.283203125 |  0.0032700002193450928 |  234387.640625 | 35.0 | 59.0 |
          14.0 |              3.0 |    6154.2587890625 |   0.015300000086426735 |  234387.640625 | 35.0 | 61.0 |
          14.0 |              3.0 |     5003.740234375 |   0.012299999594688416 |  234387.640625 | 35.0 | 66.0 |
          14.0 |              3.0 |   4906.98583984375 |    0.02070000022649765 |  234387.640625 | 35.0 | 70.0 |
          14.0 |              3.0 |    4364.4150390625 |    0.18299999833106995 |  234387.640625 | 35.0 | 74.0 |
          14.0 |              3.0 |      4262.41796875 |   0.006000000052154064 |  234387.640625 | 35.0 | 79.0 |
          14.0 |              3.0 |   4066.52490234375 |    0.23900100588798523 |  234387.640625 | 35.0 | 84.0 |
          14.0 |              3.0 |  3930.972900390625 |   0.002409989945590496 |  234387.640625 | 35.0 | 86.0 |
          14.0 |              3.0 |    17069.177734375 |      14.40000057220459 |  234428.546875 | 36.0 | 39.0 |
          14.0 |              3.0 |   12959.1591796875 |      4.010040283203125 |  234428.546875 | 36.0 | 41.0 |
          14.0 |              3.0 |     9552.951171875 |     1.7499600648880005 |  234428.546875 | 36.0 | 49.0 |
          14.0 |              3.0 |   7369.60595703125 |    0.02680020034313202 |  234428.546875 | 36.0 | 52.0 |
          14.0 |              3.0 |   6971.40478515625 |    0.14400000870227814 |  234428.546875 | 36.0 | 53.0 |
          14.0 |              3.0 |    6813.0888671875 |     0.9179999828338623 |  234428.546875 | 36.0 | 54.0 |
          14.0 |              3.0 |     6519.908203125 |     0.3580020070075989 |  234428.546875 | 36.0 | 55.0 |
          14.0 |              3.0 |   5108.31103515625 |    0.16100099682807922 |  234428.546875 | 36.0 | 64.0 |
          14.0 |              3.0 |     5022.798828125 |    0.17299801111221313 |  234428.546875 | 36.0 | 65.0 |
          14.0 |              3.0 |   4350.27490234375 |    0.04979969933629036 |  234428.546875 | 36.0 | 75.0 |
          14.0 |              3.0 |    4314.9951171875 |    0.08600039780139923 |  234428.546875 | 36.0 | 76.0 |
          14.0 |              3.0 |  3965.345947265625 |    0.02070000022649765 |  234428.546875 | 36.0 | 85.0 |
          14.0 |              3.0 |  3919.903076171875 |     0.0502001978456974 |  234428.546875 | 36.0 | 88.0 |
          14.0 |              3.0 |     19471.01171875 |     2.2600200176239014 |    235413.9375 | 37.0 | 40.0 |
          14.0 |              3.0 |   14163.6240234375 |      7.840000152587891 |    235413.9375 | 37.0 | 44.0 |
          14.0 |              3.0 |       7986.2890625 |    0.03849999979138374 |    235413.9375 | 37.0 | 51.0 |
          14.0 |              3.0 |   6942.51123046875 |    0.05490030348300934 |    235413.9375 | 37.0 | 57.0 |
          14.0 |              3.0 |    6569.1708984375 |    0.15199799835681915 |    235413.9375 | 37.0 | 61.0 |
          14.0 |              3.0 |    5216.3017578125 |   0.002989980159327388 |    235413.9375 | 37.0 | 68.0 |
          14.0 |              3.0 |    5167.2060546875 |  0.0002419969969196245 |    235413.9375 | 37.0 | 70.0 |
          14.0 |              3.0 |   4503.77587890625 |   0.014800099655985832 |    235413.9375 | 37.0 | 77.0 |
          14.0 |              3.0 |    4457.4072265625 |  0.0011799900094047189 |    235413.9375 | 37.0 | 79.0 |
          14.0 |              3.0 |   4096.22802734375 |  0.0014700000174343586 |    235413.9375 | 37.0 | 86.0 |
          14.0 |              3.0 |   4076.73291015625 |    0.01889999955892563 |    235413.9375 | 37.0 | 89.0 |
          14.0 |              3.0 |    21745.369140625 |      3.639899969100952 |   235951.09375 | 38.0 | 40.0 |
          14.0 |              3.0 |   15181.7412109375 |     1.3700098991394043 |   235951.09375 | 38.0 | 45.0 |
          14.0 |              3.0 |   14421.2529296875 |    0.08190000057220459 |   235951.09375 | 38.0 | 46.0 |
          14.0 |              3.0 |            8344.25 |     0.6999899744987488 |   235951.09375 | 38.0 | 51.0 |
          14.0 |              3.0 |   7191.05322265625 |    0.14399999380111694 |   235951.09375 | 38.0 | 59.0 |
          14.0 |              3.0 |    6809.4560546875 |    0.20900098979473114 |   235951.09375 | 38.0 | 61.0 |
          14.0 |              3.0 |      5428.41015625 |   0.055299002677202225 |   235951.09375 | 38.0 | 66.0 |
          14.0 |              3.0 |   5314.72216796875 |    0.27399900555610657 |   235951.09375 | 38.0 | 70.0 |
          14.0 |              3.0 |    4684.0322265625 |   0.043101001530885696 |   235951.09375 | 38.0 | 74.0 |
          14.0 |              3.0 |            4566.75 |    0.05820000171661377 |   235951.09375 | 38.0 | 79.0 |
          14.0 |              3.0 |      4342.62109375 |  0.0014400000218302011 |   235951.09375 | 38.0 | 84.0 |
          14.0 |              3.0 |   4188.38623046875 |    0.01719990000128746 |   235951.09375 | 38.0 | 86.0 |
          14.0 |              3.0 |      47076.1015625 |     12.300000190734863 |    240287.0625 | 39.0 | 42.0 |
          14.0 |              3.0 |      21514.3203125 |      8.590049743652344 |    240287.0625 | 39.0 | 50.0 |
          14.0 |              3.0 |    10540.009765625 |      2.989949941635132 |    240287.0625 | 39.0 | 56.0 |
          14.0 |              3.0 |      9108.71484375 |     0.6730050444602966 |    240287.0625 | 39.0 | 62.0 |
          14.0 |              3.0 |    7007.5869140625 |     1.3199999332427979 |    240287.0625 | 39.0 | 67.0 |
          14.0 |              3.0 |   6578.01220703125 |    0.22000499069690704 |    240287.0625 | 39.0 | 72.0 |
          14.0 |              3.0 |   5699.84521484375 |     0.7200000286102295 |    240287.0625 | 39.0 | 78.0 |
          14.0 |              3.0 |   5514.90380859375 |    0.10600050538778305 |    240287.0625 | 39.0 | 82.0 |
          14.0 |              3.0 |   5091.55908203125 |     0.4489949941635132 |    240287.0625 | 39.0 | 87.0 |
          14.0 |              3.0 |      30132.0078125 |     6.2699995040893555 |  240549.765625 | 40.0 | 47.0 |
          14.0 |              3.0 |     23139.04296875 |      2.890000104904175 |  240549.765625 | 40.0 | 48.0 |
          14.0 |              3.0 |    10186.982421875 |     0.3630000054836273 |  240549.765625 | 40.0 | 60.0 |
          14.0 |              3.0 |     9193.345703125 |    0.25699999928474426 |  240549.765625 | 40.0 | 63.0 |
          14.0 |              3.0 |    6990.2451171875 |    0.32099997997283936 |  240549.765625 | 40.0 | 71.0 |
          14.0 |              3.0 |    6656.3408203125 |     0.0851999968290329 |  240549.765625 | 40.0 | 73.0 |
          14.0 |              3.0 |   5726.19580078125 |    0.21899999678134918 |  240549.765625 | 40.0 | 81.0 |
          14.0 |              3.0 |    5580.7099609375 |     0.0414000004529953 |  240549.765625 | 40.0 | 83.0 |
          14.0 |              3.0 |     35841.91015625 |      7.350000381469727 |   242145.09375 | 41.0 | 50.0 |
          14.0 |              3.0 |       10964.359375 |   0.000849990057758987 |   242145.09375 | 41.0 | 62.0 |
          14.0 |              3.0 |   7493.93603515625 |  0.0024399899411946535 |   242145.09375 | 41.0 | 72.0 |
          14.0 |              3.0 |   6144.52685546875 |  0.0029900099616497755 |   242145.09375 | 41.0 | 82.0 |
          14.0 |              3.0 |          1591700.0 |      0.594992995262146 |   242411.28125 | 42.0 | 43.0 |
          14.0 |              3.0 |       40237.609375 |     2.7499501705169678 |   242411.28125 | 42.0 | 49.0 |
          14.0 |              3.0 |           14936.75 |     2.1300299167633057 |   242411.28125 | 42.0 | 54.0 |
          14.0 |              3.0 |   13501.1982421875 |     22.499401092529297 |   242411.28125 | 42.0 | 58.0 |
          14.0 |              3.0 |    8625.7392578125 |    0.46699798107147217 |   242411.28125 | 42.0 | 64.0 |
          14.0 |              3.0 |     8214.232421875 |      4.990019798278809 |   242411.28125 | 42.0 | 69.0 |
          14.0 |              3.0 |    6664.7490234375 |    0.17700059711933136 |   242411.28125 | 42.0 | 75.0 |
          14.0 |              3.0 |    6475.7119140625 |      1.949997067451477 |   242411.28125 | 42.0 | 80.0 |
          14.0 |              3.0 |   5801.89501953125 |     0.0883994996547699 |   242411.28125 | 42.0 | 85.0 |
          14.0 |              3.0 |    5703.5009765625 |      0.980006992816925 |   242411.28125 | 42.0 | 90.0 |
          14.0 |              3.0 |    13697.486328125 |     0.6219989657402039 |  242474.109375 | 43.0 | 56.0 |
          14.0 |              3.0 |        8275.953125 |     0.1080000028014183 |  242474.109375 | 43.0 | 67.0 |
          14.0 |              3.0 |   6511.56591796875 |    0.03740039840340614 |  242474.109375 | 43.0 | 78.0 |
          14.0 |              3.0 |    5729.5751953125 |   0.017399881035089493 |  242474.109375 | 43.0 | 87.0 |
          14.0 |              3.0 |      71724.1796875 |     2.3399999141693115 |  242474.265625 | 44.0 | 47.0 |
          14.0 |              3.0 |   12671.1396484375 |   0.018199799582362175 |  242474.265625 | 44.0 | 60.0 |
          14.0 |              3.0 |    8076.7939453125 |   0.007229969836771488 |  242474.265625 | 44.0 | 71.0 |
          14.0 |              3.0 |      6435.37890625 |  0.0033800399396568537 |  242474.265625 | 44.0 | 81.0 |
          14.0 |              3.0 |     42853.71484375 |      2.440000057220459 |  242537.953125 | 45.0 | 48.0 |
          14.0 |              3.0 |   11249.5400390625 | 2.4499999540239514e-07 |  242537.953125 | 45.0 | 63.0 |
          14.0 |              3.0 |   7671.60107421875 |   0.002319999970495701 |  242537.953125 | 45.0 | 73.0 |
          14.0 |              3.0 |   6277.19287109375 |  0.0024500000290572643 |  242537.953125 | 45.0 | 83.0 |
          14.0 |              3.0 |        50348.15625 |   0.004479900002479553 |  242885.296875 | 46.0 | 48.0 |
          14.0 |              3.0 |    11706.994140625 |   0.006470100022852421 |  242885.296875 | 46.0 | 63.0 |
          14.0 |              3.0 |    7881.6259765625 |   0.005579999648034573 |  242885.296875 | 46.0 | 73.0 |
          14.0 |              3.0 |   6417.11083984375 |   0.004650000017136335 |  242885.296875 | 46.0 | 83.0 |
          14.0 |              3.0 |    24588.814453125 |    0.04700009897351265 |       243868.5 | 47.0 | 51.0 |
          14.0 |              3.0 |      16808.3046875 |     10.299799919128418 |       243868.5 | 47.0 | 57.0 |
          14.0 |              3.0 |      14775.3046875 |     3.0499701499938965 |       243868.5 | 47.0 | 61.0 |
          14.0 |              3.0 |    9331.7529296875 |     1.1699800491333008 |       243868.5 | 47.0 | 68.0 |
          14.0 |              3.0 |      9175.78515625 |    0.03889969736337662 |       243868.5 | 47.0 | 70.0 |
          14.0 |              3.0 |      7273.24609375 |     0.3240020275115967 |       243868.5 | 47.0 | 77.0 |
          14.0 |              3.0 |     7153.076171875 |    0.03709999844431877 |       243868.5 | 47.0 | 79.0 |
          14.0 |              3.0 |   6266.39599609375 |   0.022099699825048447 |       243868.5 | 47.0 | 86.0 |
          14.0 |              3.0 |   6220.88720703125 |    0.12700100243091583 |       243868.5 | 47.0 | 89.0 |
          14.0 |              3.0 |    32637.927734375 |     1.0400099754333496 |   244871.46875 | 48.0 | 51.0 |
          14.0 |              3.0 |    20057.001953125 |     1.6899900436401367 |   244871.46875 | 48.0 | 59.0 |
          14.0 |              3.0 |         17345.8125 |      4.380000114440918 |   244871.46875 | 48.0 | 61.0 |
          14.0 |              3.0 |    10524.962890625 |     0.2019989937543869 |   244871.46875 | 48.0 | 66.0 |
          14.0 |              3.0 |       10105.828125 |     0.5960099697113037 |   244871.46875 | 48.0 | 70.0 |
          14.0 |              3.0 |   8045.86083984375 |   0.042399000376462936 |   244871.46875 | 48.0 | 74.0 |
          14.0 |              3.0 |    7705.9228515625 |     0.1430010050535202 |   244871.46875 | 48.0 | 79.0 |
          14.0 |              3.0 |     7088.583984375 |    0.01629989966750145 |   244871.46875 | 48.0 | 84.0 |
          14.0 |              3.0 |   6686.65283203125 |     0.0464010015130043 |   244871.46875 | 48.0 | 86.0 |
          14.0 |              3.0 |          2590000.0 |    0.05890049785375595 |  244896.515625 | 49.0 | 50.0 |
          14.0 |              3.0 |    20499.365234375 |      6.130050182342529 |  244896.515625 | 49.0 | 56.0 |
          14.0 |              3.0 |       15700.953125 |    0.28200000524520874 |  244896.515625 | 49.0 | 62.0 |
          14.0 |              3.0 |   10351.1201171875 |    0.43399500846862793 |  244896.515625 | 49.0 | 67.0 |
          14.0 |              3.0 |       9440.4609375 |    0.07300050556659698 |  244896.515625 | 49.0 | 72.0 |
          14.0 |              3.0 |    7731.0341796875 |    0.08579999953508377 |  244896.515625 | 49.0 | 78.0 |
          14.0 |              3.0 |   7394.68603515625 |   0.033299997448921204 |  244896.515625 | 49.0 | 82.0 |
          14.0 |              3.0 |      6652.96484375 |   0.021499499678611755 |  244896.515625 | 49.0 | 87.0 |
          14.0 |              3.0 |        32651.28125 |  0.0011199600994586945 |     244935.125 | 50.0 | 52.0 |
          14.0 |              3.0 |      26057.0703125 |     1.2500100135803223 |     244935.125 | 50.0 | 53.0 |
          14.0 |              3.0 |    23974.779296875 |     17.700300216674805 |     244935.125 | 50.0 | 54.0 |
          14.0 |              3.0 |       20699.390625 |     3.6600301265716553 |     244935.125 | 50.0 | 55.0 |
          14.0 |              3.0 |      11026.1328125 |     0.9109799861907959 |     244935.125 | 50.0 | 64.0 |
          14.0 |              3.0 |   10635.3115234375 |      0.612000048160553 |     244935.125 | 50.0 | 65.0 |
          14.0 |              3.0 |   8012.51904296875 |    0.19500300288200378 |     244935.125 | 50.0 | 75.0 |
          14.0 |              3.0 |   7893.64501953125 |     0.2160000056028366 |     244935.125 | 50.0 | 76.0 |
          14.0 |              3.0 |    6797.2177734375 |    0.06920009851455688 |     244935.125 | 50.0 | 85.0 |
          14.0 |              3.0 |   6664.77587890625 |    0.10600199550390244 |     244935.125 | 50.0 | 88.0 |
          14.0 |              3.0 |      41138.2109375 |      2.221450090408325 |  247935.390625 | 51.0 | 60.0 |
          14.0 |              3.0 |       28638.421875 |      1.186650037765503 |  247935.390625 | 51.0 | 63.0 |
          14.0 |              3.0 |   14450.8037109375 |      5.910000324249268 |  247935.390625 | 51.0 | 71.0 |
          14.0 |              3.0 |   13093.0361328125 |     0.5839999914169312 |  247935.390625 | 51.0 | 73.0 |
          14.0 |              3.0 |     9922.623046875 |      0.390999972820282 |  247935.390625 | 51.0 | 81.0 |
          14.0 |              3.0 |    9493.7490234375 |    0.13500000536441803 |  247935.390625 | 51.0 | 83.0 |
          14.0 |              3.0 |    30601.974609375 |  0.0005660009919665754 |  247997.796875 | 52.0 | 62.0 |
          14.0 |              3.0 |   13348.5927734375 |  0.0008990010246634483 |  247997.796875 | 52.0 | 72.0 |
          14.0 |              3.0 |     9595.134765625 |  0.0009539999882690609 |  247997.796875 | 52.0 | 82.0 |
          14.0 |              3.0 |     40117.14453125 |     1.8099900484085083 |  248772.859375 | 53.0 | 62.0 |
          14.0 |              3.0 |    14889.009765625 |    0.04470000043511391 |  248772.859375 | 53.0 | 72.0 |
          14.0 |              3.0 |   10366.0400390625 |   0.008739899843931198 |  248772.859375 | 53.0 | 82.0 |
          14.0 |              3.0 |           149580.0 |      7.799999713897705 |    249106.1875 | 54.0 | 56.0 |
          14.0 |              3.0 |     46309.58984375 |      12.10004997253418 |    249106.1875 | 54.0 | 62.0 |
          14.0 |              3.0 |      18344.8203125 |      6.370049953460693 |    249106.1875 | 54.0 | 67.0 |
          14.0 |              3.0 |      15666.5078125 |     0.4879950284957886 |    249106.1875 | 54.0 | 72.0 |
          14.0 |              3.0 |    11461.029296875 |     2.0299501419067383 |    249106.1875 | 54.0 | 78.0 |
          14.0 |              3.0 |     10737.02734375 |     0.1379999965429306 |    249106.1875 | 54.0 | 82.0 |
          14.0 |              3.0 |     9241.091796875 |     0.9499949812889099 |    249106.1875 | 54.0 | 87.0 |
          14.0 |              3.0 |      66694.6796875 |      6.590100288391113 |    249766.1875 | 55.0 | 62.0 |
          14.0 |              3.0 |    17473.251953125 |   0.005019900389015675 |    249766.1875 | 55.0 | 72.0 |
          14.0 |              3.0 |   11555.9443359375 |    0.00977999996393919 |    249766.1875 | 55.0 | 82.0 |
          14.0 |              3.0 |          2308800.0 |      0.888992965221405 |   249774.71875 | 56.0 | 58.0 |
          14.0 |              3.0 |    23641.931640625 |     3.9400200843811035 |   249774.71875 | 56.0 | 64.0 |
          14.0 |              3.0 |     20787.62109375 |     21.800100326538086 |   249774.71875 | 56.0 | 69.0 |
          14.0 |              3.0 |    13087.498046875 |     0.6969900131225586 |   249774.71875 | 56.0 | 75.0 |
          14.0 |              3.0 |       12377.953125 |      5.219969749450684 |   249774.71875 | 56.0 | 80.0 |
          14.0 |              3.0 |   10129.3388671875 |     0.2580060064792633 |   249774.71875 | 56.0 | 85.0 |
          14.0 |              3.0 |    9833.1748046875 |      2.149980068206787 |   249774.71875 | 56.0 | 90.0 |
          14.0 |              3.0 |           182390.0 |     2.4699599742889404 |    249817.9375 | 57.0 | 60.0 |
          14.0 |              3.0 |      19851.1953125 |    0.09440100193023682 |    249817.9375 | 57.0 | 71.0 |
          14.0 |              3.0 |       12201.921875 |    0.02480040118098259 |    249817.9375 | 57.0 | 81.0 |
          14.0 |              3.0 |       21100.265625 |      1.109997034072876 |   249818.03125 | 58.0 | 67.0 |
          14.0 |              3.0 |   12479.1494140625 |    0.20200049877166748 |   249818.03125 | 58.0 | 78.0 |
          14.0 |              3.0 |    9891.8037109375 |     0.0722007006406784 |   249818.03125 | 58.0 | 87.0 |
          14.0 |              3.0 |        63696.59375 |      2.799999952316284 |  249857.265625 | 59.0 | 63.0 |
          14.0 |              3.0 |    17495.431640625 | 0.00016500000492669642 |  249857.265625 | 59.0 | 73.0 |
          14.0 |              3.0 |    11612.544921875 |  0.0014900000533089042 |  249857.265625 | 59.0 | 83.0 |
          14.0 |              3.0 |           369920.0 |     10.289999961853027 |   250366.21875 | 60.0 | 61.0 |
          14.0 |              3.0 |    23705.783203125 |     10.100299835205078 |   250366.21875 | 60.0 | 68.0 |
          14.0 |              3.0 |     22724.53515625 |    0.39599698781967163 |   250366.21875 | 60.0 | 70.0 |
          14.0 |              3.0 |      13790.6328125 |     1.7000200748443604 |   250366.21875 | 60.0 | 77.0 |
          14.0 |              3.0 |     13364.91015625 |     0.1789969950914383 |   250366.21875 | 60.0 | 79.0 |
          14.0 |              3.0 |    10570.361328125 |    0.07739900052547455 |   250366.21875 | 60.0 | 86.0 |
          14.0 |              3.0 |     10441.51171875 |     0.5939990282058716 |   250366.21875 | 60.0 | 89.0 |
          14.0 |              3.0 |           126480.0 |     2.6499998569488525 |  250636.546875 | 61.0 | 63.0 |
          14.0 |              3.0 |    23703.029296875 |    0.03869999945163727 |  250636.546875 | 61.0 | 71.0 |
          14.0 |              3.0 |     20257.31640625 |    0.31300002336502075 |  250636.546875 | 61.0 | 73.0 |
          14.0 |              3.0 |      13555.9765625 |    0.09890000522136688 |  250636.546875 | 61.0 | 81.0 |
          14.0 |              3.0 |   12767.9892578125 |     0.1119999960064888 |  250636.546875 | 61.0 | 83.0 |
          14.0 |              3.0 |     36510.56640625 |      21.50010108947754 |    251265.5625 | 62.0 | 64.0 |
          14.0 |              3.0 |     32549.87109375 |      5.740020275115967 |    251265.5625 | 62.0 | 65.0 |
          14.0 |              3.0 |    16260.056640625 |      1.050029993057251 |    251265.5625 | 62.0 | 75.0 |
          14.0 |              3.0 |   15777.8740234375 |     0.7239959836006165 |    251265.5625 | 62.0 | 76.0 |
          14.0 |              3.0 |       11931.078125 |     0.2420009970664978 |    251265.5625 | 62.0 | 85.0 |
          14.0 |              3.0 |   11528.9384765625 |     0.2539980113506317 |    251265.5625 | 62.0 | 88.0 |
          14.0 |              3.0 |     33950.22265625 |     1.9800000190734863 |  251427.203125 | 63.0 | 66.0 |
          14.0 |              3.0 |    29944.177734375 |      4.670100212097168 |  251427.203125 | 63.0 | 70.0 |
          14.0 |              3.0 |      17027.0234375 |    0.12800100445747375 |  251427.203125 | 63.0 | 74.0 |
          14.0 |              3.0 |   15573.1767578125 |     0.5550000071525574 |  251427.203125 | 63.0 | 79.0 |
          14.0 |              3.0 |      13242.4765625 |    0.07080000638961792 |  251427.203125 | 63.0 | 84.0 |
          14.0 |              3.0 |     11905.56640625 |    0.13700100779533386 |  251427.203125 | 63.0 | 86.0 |
          14.0 |              3.0 |           180890.0 |     12.400050163269043 |       254004.5 | 64.0 | 67.0 |
          14.0 |              3.0 |      67352.3046875 |     15.199499130249023 |       254004.5 | 64.0 | 72.0 |
          14.0 |              3.0 |    26130.763671875 |      5.380049705505371 |       254004.5 | 64.0 | 78.0 |
          14.0 |              3.0 |    22648.763671875 |      0.739995002746582 |       254004.5 | 64.0 | 82.0 |
          14.0 |              3.0 |     16883.56640625 |     1.8799500465393066 |       254004.5 | 64.0 | 87.0 |
          14.0 |              3.0 |       86846.671875 |      9.530099868774414 |  254337.765625 | 65.0 | 72.0 |
          14.0 |              3.0 |    24497.935546875 |    0.00188001012429595 |  254337.765625 | 65.0 | 82.0 |
          14.0 |              3.0 |      83309.2734375 |     3.1700000762939453 |    254372.6875 | 66.0 | 73.0 |
          14.0 |              3.0 |     24414.38671875 |   0.002400000113993883 |    254372.6875 | 66.0 | 83.0 |
          14.0 |              3.0 |          3575900.0 |      1.069991946220398 |    254557.3125 | 67.0 | 69.0 |
          14.0 |              3.0 |       34985.953125 |       5.36991024017334 |    254557.3125 | 67.0 | 75.0 |
          14.0 |              3.0 |     30337.13671875 |     21.499799728393555 |    254557.3125 | 67.0 | 80.0 |
          14.0 |              3.0 |         19647.4375 |     0.9330090284347534 |    254557.3125 | 67.0 | 85.0 |
          14.0 |              3.0 |       18562.984375 |      5.360039710998535 |    254557.3125 | 67.0 | 90.0 |
          14.0 |              3.0 |           369250.0 |      2.430000066757202 |   254584.59375 | 68.0 | 71.0 |
          14.0 |              3.0 |    29164.978515625 |    0.21400201320648193 |   254584.59375 | 68.0 | 81.0 |
          14.0 |              3.0 |      30805.9609375 |      1.659986972808838 |   254585.28125 | 69.0 | 78.0 |
          14.0 |              3.0 |    18719.099609375 |     0.3150089979171753 |   254585.28125 | 69.0 | 87.0 |
          14.0 |              3.0 |          1127800.0 |    0.03878549858927727 |      254766.75 | 70.0 | 71.0 |
          14.0 |              3.0 |           124030.0 |     3.6100001335144043 |      254766.75 | 70.0 | 73.0 |
          14.0 |              3.0 |    30801.263671875 |     3.6700000762939453 |      254766.75 | 70.0 | 81.0 |
          14.0 |              3.0 |           27013.25 |   0.002300000051036477 |      254766.75 | 70.0 | 83.0 |
          14.0 |              3.0 |     36204.35546875 |      9.709699630737305 |  254855.421875 | 71.0 | 77.0 |
          14.0 |              3.0 |      33410.3984375 |      1.299970030784607 |  254855.421875 | 71.0 | 79.0 |
          14.0 |              3.0 |    20115.806640625 |     0.2820020020008087 |  254855.421875 | 71.0 | 86.0 |
          14.0 |              3.0 |     19654.25390625 |     1.9000098705291748 |  254855.421875 | 71.0 | 89.0 |
          14.0 |              3.0 |     51910.92578125 |      24.20009994506836 |   255489.21875 | 72.0 | 75.0 |
          14.0 |              3.0 |     47296.39453125 |      6.710040092468262 |   255489.21875 | 72.0 | 76.0 |
          14.0 |              3.0 |    24051.130859375 |      1.199970006942749 |   255489.21875 | 72.0 | 85.0 |
          14.0 |              3.0 |     22471.08984375 |     0.8340029716491699 |   255489.21875 | 72.0 | 88.0 |
          14.0 |              3.0 |        57897.78125 |     1.7900099754333496 |   255573.03125 | 73.0 | 74.0 |
          14.0 |              3.0 |      43947.1171875 |     7.0199995040893555 |   255573.03125 | 73.0 | 79.0 |
          14.0 |              3.0 |    29363.212890625 |    0.44700002670288086 |   255573.03125 | 73.0 | 84.0 |
          14.0 |              3.0 |    23509.513671875 |     0.5679900050163269 |   255573.03125 | 73.0 | 86.0 |
          14.0 |              3.0 |          85585.875 |      2.450000047683716 |   257300.21875 | 74.0 | 83.0 |
          14.0 |              3.0 |           240500.0 |                   15.0 |   257415.59375 | 75.0 | 78.0 |
          14.0 |              3.0 |      99587.1953125 |     17.800498962402344 |   257415.59375 | 75.0 | 82.0 |
          14.0 |              3.0 |       39811.890625 |      5.039999961853027 |   257415.59375 | 75.0 | 87.0 |
          14.0 |              3.0 |           122520.0 |      10.70009994506836 |  257603.546875 | 76.0 | 82.0 |
          14.0 |              3.0 |           252620.0 |      2.349990129470825 |  257617.515625 | 77.0 | 81.0 |
          14.0 |              3.0 |          4504500.0 |     1.1799899339675903 |   257831.40625 | 78.0 | 80.0 |
          14.0 |              3.0 |       55077.234375 |      6.769979953765869 |   257831.40625 | 78.0 | 85.0 |
          14.0 |              3.0 |       47326.640625 |      21.60059928894043 |   257831.40625 | 78.0 | 90.0 |
          14.0 |              3.0 |           606540.0 |     2.8999998569488525 |       257848.5 | 79.0 | 81.0 |
          14.0 |              3.0 |           161250.0 |      5.609999656677246 |       257848.5 | 79.0 | 83.0 |
          14.0 |              3.0 |     48220.37109375 |     2.2600080966949463 |   257853.59375 | 80.0 | 87.0 |
          14.0 |              3.0 |      55149.1328125 |     1.9200299978256226 |     258013.375 | 81.0 | 86.0 |
          14.0 |              3.0 |        51813.28125 |      9.459799766540527 |     258013.375 | 81.0 | 89.0 |
          14.0 |              3.0 |        81480.53125 |     26.700300216674805 |      258419.75 | 82.0 | 85.0 |
          14.0 |              3.0 |        65805.03125 |      7.640009880065918 |      258419.75 | 82.0 | 88.0 |
          14.0 |              3.0 |           196070.0 |     1.9889999628067017 |  258468.640625 | 83.0 | 84.0 |
          14.0 |              3.0 |      73637.8046875 |                   8.25 |  258468.640625 | 83.0 | 86.0 |
          14.0 |              3.0 |           356660.0 |                    0.0 |            0.0 | 85.0 | 87.0 |
          14.0 |              3.0 |          5895400.0 |                    0.0 |            0.0 | 87.0 | 90.0 |
%CMFGEN