 Atomic Number | Ionization State | Wavelength (Ang.) | g_i*f_ik | E_i(cm^-1) |    i |    j |
          14.0 |              9.0 |         39277.297 |      0.0 |        0.0 |  1.0 |  2.0 |
          14.0 |              9.0 |         15588.465 |      0.0 |        0.0 |  1.0 |  3.0 |
          14.0 |              9.0 |         25846.473 |      0.0 |     2546.0 |  2.0 |  3.0 |
          14.0 |              9.0 |          1889.395 |      0.0 |        0.0 |  1.0 |  4.0 |
          14.0 |              9.0 |          1984.875 |      0.0 |     2546.0 |  2.0 |  4.0 |
          14.0 |              9.0 |          2149.983 |      0.0 |     6415.0 |  3.0 |  4.0 |
          14.0 |              9.0 |           950.155 |      0.0 |     2546.0 |  2.0 |  5.0 |
          14.0 |              9.0 |           986.417 |      0.0 |     6415.0 |  3.0 |  5.0 |
          14.0 |              9.0 |          1822.656 |      0.0 |    52927.0 |  4.0 |  5.0 |
          14.0 |              9.0 |           676.508 | 2.23e-05 |     2546.0 |  2.0 |  6.0 |
          14.0 |              9.0 |            694.69 | 5.95e-05 |     6415.0 |  3.0 |  6.0 |
          14.0 |              9.0 |          1026.304 |  8.9e-08 |    52927.0 |  4.0 |  6.0 |
          14.0 |              9.0 |            345.12 |    0.184 |     2546.0 |  2.0 |  7.0 |
          14.0 |              9.0 |           349.791 |   0.0369 |     6415.0 |  3.0 |  7.0 |
          14.0 |              9.0 |           417.758 |  0.00014 |    52927.0 |  4.0 |  7.0 |
          14.0 |              9.0 |            341.95 |   0.0831 |        0.0 |  1.0 |  8.0 |
          14.0 |              9.0 |           344.954 |   0.0487 |     2546.0 |  2.0 |  8.0 |
          14.0 |              9.0 |            349.62 |  0.00196 |     6415.0 |  3.0 |  8.0 |
          14.0 |              9.0 |           417.514 | 7.17e-05 |    52927.0 |  4.0 |  8.0 |
          14.0 |              9.0 |           541.571 | 7.65e-05 |   107792.0 |  5.0 |  8.0 |
          14.0 |              9.0 |            349.86 |    0.303 |     6415.0 |  3.0 |  9.0 |
          14.0 |              9.0 |           417.856 |  0.00097 |    52927.0 |  4.0 |  9.0 |
          14.0 |              9.0 |           292.809 |   0.0889 |     2546.0 |  2.0 | 10.0 |
          14.0 |              9.0 |           290.687 |   0.0826 |        0.0 |  1.0 | 11.0 |
          14.0 |              9.0 |           292.854 |   0.0798 |     2546.0 |  2.0 | 11.0 |
          14.0 |              9.0 |            296.21 |    0.103 |     6415.0 |  3.0 | 11.0 |
          14.0 |              9.0 |           343.541 | 0.000345 |    52927.0 |  4.0 | 11.0 |
          14.0 |              9.0 |           423.332 | 0.000215 |   107792.0 |  5.0 | 11.0 |
          14.0 |              9.0 |           292.759 |   0.0894 |     2546.0 |  2.0 | 12.0 |
          14.0 |              9.0 |           296.113 |    0.351 |     6415.0 |  3.0 | 12.0 |
          14.0 |              9.0 |            343.41 | 0.000134 |    52927.0 |  4.0 | 12.0 |
          14.0 |              9.0 |           228.386 | 0.000113 |     2546.0 |  2.0 | 13.0 |
          14.0 |              9.0 |           230.422 |  0.00233 |     6415.0 |  3.0 | 13.0 |
          14.0 |              9.0 |           258.082 |    0.956 |    52927.0 |  4.0 | 13.0 |
          14.0 |              9.0 |           223.743 |   0.0975 |        0.0 |  1.0 | 14.0 |
          14.0 |              9.0 |           225.025 |    0.296 |     2546.0 |  2.0 | 14.0 |
          14.0 |              9.0 |           227.001 |    0.513 |     6415.0 |  3.0 | 14.0 |
          14.0 |              9.0 |           253.798 | 0.000367 |    52927.0 |  4.0 | 14.0 |
          14.0 |              9.0 |           294.856 | 0.000256 |   107792.0 |  5.0 | 14.0 |
          14.0 |              9.0 |           202.941 | 1.64e-05 |        0.0 |  1.0 | 15.0 |
          14.0 |              9.0 |           203.995 |  0.00168 |     2546.0 |  2.0 | 15.0 |
          14.0 |              9.0 |           205.617 | 0.000128 |     6415.0 |  3.0 | 15.0 |
          14.0 |              9.0 |           227.362 |    0.614 |    52927.0 |  4.0 | 15.0 |
          14.0 |              9.0 |           259.765 |    0.182 |   107792.0 |  5.0 | 15.0 |
          14.0 |              9.0 |           190.699 | 0.000166 |   150364.0 |  6.0 | 16.0 |
          14.0 |              9.0 |           261.472 |    0.158 |   292300.0 |  7.0 | 16.0 |
          14.0 |              9.0 |           261.568 |   0.0123 |   292440.0 |  8.0 | 16.0 |
          14.0 |              9.0 |           261.434 |     0.73 |   292244.0 |  9.0 | 16.0 |
          14.0 |              9.0 |           302.355 |   0.0772 |   344013.0 | 11.0 | 16.0 |
          14.0 |              9.0 |           302.457 |     0.19 |   344124.0 | 12.0 | 16.0 |
          14.0 |              9.0 |           426.714 |  0.00212 |   440401.0 | 13.0 | 16.0 |
          14.0 |              9.0 |           438.964 |    0.396 |   446941.0 | 14.0 | 16.0 |
          14.0 |              9.0 |           549.466 | 0.000666 |   492755.0 | 15.0 | 16.0 |
          14.0 |              9.0 |           189.058 | 4.84e-05 |   150364.0 |  6.0 | 17.0 |
          14.0 |              9.0 |           258.397 |    0.368 |   292300.0 |  7.0 | 17.0 |
          14.0 |              9.0 |            258.49 |     0.14 |   292440.0 |  8.0 | 17.0 |
          14.0 |              9.0 |           298.297 |   0.0578 |   344066.0 | 10.0 | 17.0 |
          14.0 |              9.0 |            298.25 |   0.0308 |   344013.0 | 11.0 | 17.0 |
          14.0 |              9.0 |           298.349 |   0.0974 |   344124.0 | 12.0 | 17.0 |
          14.0 |              9.0 |           418.583 | 4.43e-05 |   440401.0 | 13.0 | 17.0 |
          14.0 |              9.0 |           430.365 |    0.249 |   446941.0 | 14.0 | 17.0 |
          14.0 |              9.0 |           536.058 |  0.00103 |   492755.0 | 15.0 | 17.0 |
          14.0 |              9.0 |           257.304 |    0.165 |   292440.0 |  8.0 | 18.0 |
          14.0 |              9.0 |           296.673 |   0.0651 |   344013.0 | 11.0 | 18.0 |
          14.0 |              9.0 |           427.088 |   0.0852 |   446941.0 | 14.0 | 18.0 |
          14.0 |              9.0 |           530.983 | 4.32e-05 |   492755.0 | 15.0 | 18.0 |
          14.0 |              9.0 |           150.019 |      0.0 |    52927.0 |  4.0 | 19.0 |
          14.0 |              9.0 |           234.077 |   0.0005 |   292300.0 |  7.0 | 19.0 |
          14.0 |              9.0 |           234.154 | 2.35e-05 |   292440.0 |  8.0 | 19.0 |
          14.0 |              9.0 |           234.046 |  0.00271 |   292244.0 |  9.0 | 19.0 |
          14.0 |              9.0 |           266.314 | 0.000331 |   344013.0 | 11.0 | 19.0 |
          14.0 |              9.0 |           266.392 | 6.54e-05 |   344124.0 | 12.0 | 19.0 |
          14.0 |              9.0 |           358.283 |     1.14 |   440401.0 | 13.0 | 19.0 |
          14.0 |              9.0 |           441.005 |    0.194 |   492755.0 | 15.0 | 19.0 |
          14.0 |              9.0 |           130.414 |      0.0 |    52927.0 |  4.0 | 20.0 |
          14.0 |              9.0 |           189.654 | 2.02e-05 |   292440.0 |  8.0 | 20.0 |
          14.0 |              9.0 |           210.215 | 0.000139 |   344013.0 | 11.0 | 20.0 |
          14.0 |              9.0 |           268.258 |  0.00163 |   446941.0 | 14.0 | 20.0 |
          14.0 |              9.0 |           305.846 |    0.414 |   492755.0 | 15.0 | 20.0 |
          14.0 |              9.0 |            60.883 |    0.055 |     2546.0 |  2.0 | 21.0 |
          14.0 |              9.0 |            73.964 |      0.0 |   292300.0 |  7.0 | 21.0 |
          14.0 |              9.0 |            76.887 |      0.0 |   344124.0 | 12.0 | 21.0 |
          14.0 |              9.0 |           104.893 | 0.000707 |   679302.0 | 17.0 | 21.0 |
          14.0 |              9.0 |              61.6 |   0.0536 |        0.0 |  1.0 | 22.0 |
          14.0 |              9.0 |            61.697 |   0.0396 |     2546.0 |  2.0 | 22.0 |
          14.0 |              9.0 |            61.844 |   0.0699 |     6415.0 |  3.0 | 22.0 |
          14.0 |              9.0 |            63.676 |  0.00496 |    52927.0 |  4.0 | 22.0 |
          14.0 |              9.0 |            65.981 | 0.000914 |   107792.0 |  5.0 | 22.0 |
          14.0 |              9.0 |            75.135 |      0.0 |   292440.0 |  8.0 | 22.0 |
          14.0 |              9.0 |            75.124 |      0.0 |   292244.0 |  9.0 | 22.0 |
          14.0 |              9.0 |           105.415 | 0.000843 |   674750.0 | 16.0 | 22.0 |
          14.0 |              9.0 |           105.923 | 0.000508 |   679302.0 | 17.0 | 22.0 |
          14.0 |              9.0 |           106.124 | 0.000684 |   681085.0 | 18.0 | 22.0 |
          14.0 |              9.0 |           110.635 | 0.000156 |   719510.0 | 19.0 | 22.0 |
          14.0 |              9.0 |            124.43 | 8.01e-05 |   819717.0 | 20.0 | 22.0 |
          14.0 |              9.0 |            61.502 |   0.0683 |     2546.0 |  2.0 | 23.0 |
          14.0 |              9.0 |            61.649 |    0.205 |     6415.0 |  3.0 | 23.0 |
          14.0 |              9.0 |            63.469 | 0.000975 |    52927.0 |  4.0 | 23.0 |
          14.0 |              9.0 |            74.839 |      0.0 |   292300.0 |  7.0 | 23.0 |
          14.0 |              9.0 |            74.836 |      0.0 |   292244.0 |  9.0 | 23.0 |
          14.0 |              9.0 |           104.849 |   0.0027 |   674750.0 | 16.0 | 23.0 |
          14.0 |              9.0 |           105.352 | 0.000866 |   679302.0 | 17.0 | 23.0 |
          14.0 |              9.0 |           110.012 | 4.87e-06 |   719510.0 | 19.0 | 23.0 |
          14.0 |              9.0 |            60.944 | 0.000784 |        0.0 |  1.0 | 24.0 |
          14.0 |              9.0 |            61.039 |  0.00121 |     2546.0 |  2.0 | 24.0 |
          14.0 |              9.0 |            61.183 | 0.000354 |     6415.0 |  3.0 | 24.0 |
          14.0 |              9.0 |            62.975 |    0.226 |    52927.0 |  4.0 | 24.0 |
          14.0 |              9.0 |            65.229 |    0.065 |   107792.0 |  5.0 | 24.0 |
          14.0 |              9.0 |            83.302 |      0.0 |   440401.0 | 13.0 | 24.0 |
          14.0 |              9.0 |           103.509 | 9.34e-05 |   674750.0 | 16.0 | 24.0 |
          14.0 |              9.0 |           103.999 | 1.51e-05 |   679302.0 | 17.0 | 24.0 |
          14.0 |              9.0 |           104.192 | 4.51e-06 |   681085.0 | 18.0 | 24.0 |
          14.0 |              9.0 |           108.538 |  0.00352 |   719510.0 | 19.0 | 24.0 |
          14.0 |              9.0 |           121.783 |   0.0035 |   819717.0 | 20.0 | 24.0 |
          14.0 |              9.0 |            58.268 |      0.0 |     2546.0 |  2.0 | 25.0 |
          14.0 |              9.0 |              58.4 |      0.0 |     6415.0 |  3.0 | 25.0 |
          14.0 |              9.0 |            60.126 |      0.0 |    52927.0 |  4.0 | 25.0 |
          14.0 |              9.0 |            63.279 |  1.6e-08 |   150364.0 |  6.0 | 25.0 |
          14.0 |              9.0 |             70.14 | 5.73e-05 |   292300.0 |  7.0 | 25.0 |
          14.0 |              9.0 |            70.143 | 0.000372 |   292440.0 |  8.0 | 25.0 |
          14.0 |              9.0 |            72.748 | 0.000181 |   344066.0 | 10.0 | 25.0 |
          14.0 |              9.0 |            72.754 | 0.000473 |   344013.0 | 11.0 | 25.0 |
          14.0 |              9.0 |            72.764 | 7.28e-05 |   344124.0 | 12.0 | 25.0 |
          14.0 |              9.0 |            79.114 |  0.00734 |   440401.0 | 13.0 | 25.0 |
          14.0 |              9.0 |            79.535 | 5.71e-07 |   446941.0 | 14.0 | 25.0 |
          14.0 |              9.0 |            82.452 | 1.02e-05 |   492755.0 | 15.0 | 25.0 |
          14.0 |              9.0 |            97.365 |      0.0 |   679302.0 | 17.0 | 25.0 |
          14.0 |              9.0 |           102.187 |      0.0 |   719510.0 | 19.0 | 25.0 |
          14.0 |              9.0 |          1356.742 |   0.0326 |  1645067.0 | 21.0 | 25.0 |
          14.0 |              9.0 |          1387.867 |   0.0916 |  1623380.0 | 22.0 | 25.0 |
          14.0 |              9.0 |          1491.491 | 0.000146 |  1628500.0 | 23.0 | 25.0 |
          14.0 |              9.0 |          1852.504 |    0.159 |  1640850.0 | 24.0 | 25.0 |
          14.0 |              9.0 |            58.071 |      0.0 |     2546.0 |  2.0 | 26.0 |
          14.0 |              9.0 |            58.202 |      0.0 |     6415.0 |  3.0 | 26.0 |
          14.0 |              9.0 |            59.916 |      0.0 |    52927.0 |  4.0 | 26.0 |
          14.0 |              9.0 |            63.047 | 1.07e-07 |   150364.0 |  6.0 | 26.0 |
          14.0 |              9.0 |            69.855 | 0.000572 |   292300.0 |  7.0 | 26.0 |
          14.0 |              9.0 |            69.857 | 0.000897 |   292440.0 |  8.0 | 26.0 |
          14.0 |              9.0 |            72.441 |  0.00133 |   344066.0 | 10.0 | 26.0 |
          14.0 |              9.0 |            72.446 | 0.000411 |   344013.0 | 11.0 | 26.0 |
          14.0 |              9.0 |            72.457 | 0.000213 |   344124.0 | 12.0 | 26.0 |
          14.0 |              9.0 |            78.752 |  0.00206 |   440401.0 | 13.0 | 26.0 |
          14.0 |              9.0 |            79.168 | 4.38e-07 |   446941.0 | 14.0 | 26.0 |
          14.0 |              9.0 |            82.058 |  9.8e-07 |   492755.0 | 15.0 | 26.0 |
          14.0 |              9.0 |            96.395 |      0.0 |   674750.0 | 16.0 | 26.0 |
          14.0 |              9.0 |            96.816 |      0.0 |   679302.0 | 17.0 | 26.0 |
          14.0 |              9.0 |           101.583 |      0.0 |   719510.0 | 19.0 | 26.0 |
          14.0 |              9.0 |          1257.356 |    0.189 |  1645067.0 | 21.0 | 26.0 |
          14.0 |              9.0 |          1284.043 |   0.0568 |  1623380.0 | 22.0 | 26.0 |
          14.0 |              9.0 |           1372.25 |  0.00932 |  1628500.0 | 23.0 | 26.0 |
          14.0 |              9.0 |          1672.045 |   0.0835 |  1640850.0 | 24.0 | 26.0 |
          14.0 |              9.0 |             57.94 |      0.0 |        0.0 |  1.0 | 27.0 |
          14.0 |              9.0 |            58.027 |      0.0 |     2546.0 |  2.0 | 27.0 |
          14.0 |              9.0 |            58.158 |      0.0 |     6415.0 |  3.0 | 27.0 |
          14.0 |              9.0 |            62.995 | 4.43e-07 |   150364.0 |  6.0 | 27.0 |
          14.0 |              9.0 |            69.791 |  0.00196 |   292300.0 |  7.0 | 27.0 |
          14.0 |              9.0 |            69.793 | 0.000287 |   292440.0 |  8.0 | 27.0 |
          14.0 |              9.0 |            69.805 | 0.000706 |   292244.0 |  9.0 | 27.0 |
          14.0 |              9.0 |            72.377 |  0.00324 |   344013.0 | 11.0 | 27.0 |
          14.0 |              9.0 |            72.387 | 0.000822 |   344124.0 | 12.0 | 27.0 |
          14.0 |              9.0 |             78.67 | 1.02e-05 |   440401.0 | 13.0 | 27.0 |
          14.0 |              9.0 |            79.085 | 2.91e-06 |   446941.0 | 14.0 | 27.0 |
          14.0 |              9.0 |             81.97 | 4.79e-06 |   492755.0 | 15.0 | 27.0 |
          14.0 |              9.0 |            96.273 |      0.0 |   674750.0 | 16.0 | 27.0 |
          14.0 |              9.0 |            96.871 |      0.0 |   681085.0 | 18.0 | 27.0 |
          14.0 |              9.0 |          1262.674 |    0.478 |  1623380.0 | 22.0 | 27.0 |
          14.0 |              9.0 |          1347.872 |    0.116 |  1628500.0 | 23.0 | 27.0 |
          14.0 |              9.0 |          1635.992 |  0.00582 |  1640850.0 | 24.0 | 27.0 |
          14.0 |              9.0 |            57.882 |      0.0 |     2546.0 |  2.0 | 28.0 |
          14.0 |              9.0 |            58.012 |      0.0 |     6415.0 |  3.0 | 28.0 |
          14.0 |              9.0 |            59.715 |      0.0 |    52927.0 |  4.0 | 28.0 |
          14.0 |              9.0 |            62.824 | 2.33e-06 |   150364.0 |  6.0 | 28.0 |
          14.0 |              9.0 |            69.581 | 0.000236 |   292300.0 |  7.0 | 28.0 |
          14.0 |              9.0 |            69.596 |  0.00354 |   292244.0 |  9.0 | 28.0 |
          14.0 |              9.0 |            72.162 |  0.00601 |   344124.0 | 12.0 | 28.0 |
          14.0 |              9.0 |            78.404 | 5.22e-06 |   440401.0 | 13.0 | 28.0 |
          14.0 |              9.0 |            95.875 |      0.0 |   674750.0 | 16.0 | 28.0 |
          14.0 |              9.0 |            96.292 |      0.0 |   679302.0 | 17.0 | 28.0 |
          14.0 |              9.0 |          1273.885 |    0.846 |  1628500.0 | 23.0 | 28.0 |
          14.0 |              9.0 |            57.619 |      0.0 |     2546.0 |  2.0 | 29.0 |
          14.0 |              9.0 |            57.749 |      0.0 |     6415.0 |  3.0 | 29.0 |
          14.0 |              9.0 |            59.436 |      0.0 |    52927.0 |  4.0 | 29.0 |
          14.0 |              9.0 |            62.515 | 3.26e-06 |   150364.0 |  6.0 | 29.0 |
          14.0 |              9.0 |            69.203 | 0.000192 |   292300.0 |  7.0 | 29.0 |
          14.0 |              9.0 |            69.205 | 9.38e-05 |   292440.0 |  8.0 | 29.0 |
          14.0 |              9.0 |             71.74 |  0.00158 |   344066.0 | 10.0 | 29.0 |
          14.0 |              9.0 |            71.745 |  0.00501 |   344013.0 | 11.0 | 29.0 |
          14.0 |              9.0 |            71.755 |  0.00767 |   344124.0 | 12.0 | 29.0 |
          14.0 |              9.0 |            77.923 |  0.00026 |   440401.0 | 13.0 | 29.0 |
          14.0 |              9.0 |            78.331 | 1.06e-07 |   446941.0 | 14.0 | 29.0 |
          14.0 |              9.0 |             81.16 | 1.19e-07 |   492755.0 | 15.0 | 29.0 |
          14.0 |              9.0 |          1074.957 |   0.0533 |  1645067.0 | 21.0 | 29.0 |
          14.0 |              9.0 |          1094.403 |    0.141 |  1623380.0 | 22.0 | 29.0 |
          14.0 |              9.0 |          1157.836 |    0.145 |  1628500.0 | 23.0 | 29.0 |
          14.0 |              9.0 |          1364.219 |   0.0202 |  1640850.0 | 24.0 | 29.0 |
          14.0 |              9.0 |            57.291 |      0.0 |     6415.0 |  3.0 | 30.0 |
          14.0 |              9.0 |             58.95 |      0.0 |    52927.0 |  4.0 | 30.0 |
          14.0 |              9.0 |            68.548 |  0.00158 |   292440.0 |  8.0 | 30.0 |
          14.0 |              9.0 |            71.039 | 0.000158 |   344013.0 | 11.0 | 30.0 |
          14.0 |              9.0 |            77.491 | 0.000123 |   446941.0 | 14.0 | 30.0 |
          14.0 |              9.0 |            80.258 | 2.66e-05 |   492755.0 | 15.0 | 30.0 |
          14.0 |              9.0 |             93.92 |      0.0 |   674750.0 | 16.0 | 30.0 |
          14.0 |              9.0 |           950.399 |    0.175 |  1623380.0 | 22.0 | 30.0 |
          14.0 |              9.0 |          1147.486 |  0.00149 |  1640850.0 | 24.0 | 30.0 |
          14.0 |              9.0 |            57.099 |      0.0 |     2546.0 |  2.0 | 31.0 |
          14.0 |              9.0 |            57.226 |      0.0 |     6415.0 |  3.0 | 31.0 |
          14.0 |              9.0 |            58.882 |      0.0 |    52927.0 |  4.0 | 31.0 |
          14.0 |              9.0 |            61.903 | 1.93e-07 |   150364.0 |  6.0 | 31.0 |
          14.0 |              9.0 |            68.453 |  0.00335 |   292300.0 |  7.0 | 31.0 |
          14.0 |              9.0 |            68.455 |  0.00132 |   292440.0 |  8.0 | 31.0 |
          14.0 |              9.0 |            70.934 |  1.2e-05 |   344066.0 | 10.0 | 31.0 |
          14.0 |              9.0 |            70.939 | 1.62e-07 |   344013.0 | 11.0 | 31.0 |
          14.0 |              9.0 |            70.949 | 0.000714 |   344124.0 | 12.0 | 31.0 |
          14.0 |              9.0 |            76.974 | 5.34e-06 |   440401.0 | 13.0 | 31.0 |
          14.0 |              9.0 |            77.372 | 0.000385 |   446941.0 | 14.0 | 31.0 |
          14.0 |              9.0 |             80.13 | 5.19e-06 |   492755.0 | 15.0 | 31.0 |
          14.0 |              9.0 |            93.745 |      0.0 |   674750.0 | 16.0 | 31.0 |
          14.0 |              9.0 |           918.645 |    0.142 |  1645067.0 | 21.0 | 31.0 |
          14.0 |              9.0 |            932.81 |    0.107 |  1623380.0 | 22.0 | 31.0 |
          14.0 |              9.0 |           978.502 |    0.273 |  1628500.0 | 23.0 | 31.0 |
          14.0 |              9.0 |          1121.944 |  0.00551 |  1640850.0 | 24.0 | 31.0 |
          14.0 |              9.0 |            56.942 |      0.0 |        0.0 |  1.0 | 32.0 |
          14.0 |              9.0 |            57.025 |      0.0 |     2546.0 |  2.0 | 32.0 |
          14.0 |              9.0 |            57.152 |      0.0 |     6415.0 |  3.0 | 32.0 |
          14.0 |              9.0 |            58.803 |      0.0 |    52927.0 |  4.0 | 32.0 |
          14.0 |              9.0 |            60.528 |      0.0 |   107792.0 |  5.0 | 32.0 |
          14.0 |              9.0 |            61.816 | 2.06e-07 |   150364.0 |  6.0 | 32.0 |
          14.0 |              9.0 |            68.347 |  0.00155 |   292300.0 |  7.0 | 32.0 |
          14.0 |              9.0 |            68.349 | 0.000111 |   292440.0 |  8.0 | 32.0 |
          14.0 |              9.0 |            68.361 |  0.00687 |   292244.0 |  9.0 | 32.0 |
          14.0 |              9.0 |            70.826 | 3.79e-05 |   344013.0 | 11.0 | 32.0 |
          14.0 |              9.0 |            70.835 | 0.000282 |   344124.0 | 12.0 | 32.0 |
          14.0 |              9.0 |             76.84 | 1.08e-05 |   440401.0 | 13.0 | 32.0 |
          14.0 |              9.0 |            77.236 | 0.000631 |   446941.0 | 14.0 | 32.0 |
          14.0 |              9.0 |            79.985 | 5.61e-05 |   492755.0 | 15.0 | 32.0 |
          14.0 |              9.0 |            93.547 |      0.0 |   674750.0 | 16.0 | 32.0 |
          14.0 |              9.0 |            93.943 |      0.0 |   679302.0 | 17.0 | 32.0 |
          14.0 |              9.0 |           913.526 |    0.195 |  1623380.0 | 22.0 | 32.0 |
          14.0 |              9.0 |           957.304 |    0.691 |  1628500.0 | 23.0 | 32.0 |
          14.0 |              9.0 |          1094.164 | 0.000382 |  1640850.0 | 24.0 | 32.0 |
          14.0 |              9.0 |            56.396 |      0.0 |        0.0 |  1.0 | 33.0 |
          14.0 |              9.0 |            56.478 |      0.0 |     2546.0 |  2.0 | 33.0 |
          14.0 |              9.0 |            56.602 |      0.0 |     6415.0 |  3.0 | 33.0 |
          14.0 |              9.0 |            58.221 |      0.0 |    52927.0 |  4.0 | 33.0 |
          14.0 |              9.0 |            59.912 |      0.0 |   107792.0 |  5.0 | 33.0 |
          14.0 |              9.0 |            67.562 | 6.68e-06 |   292300.0 |  7.0 | 33.0 |
          14.0 |              9.0 |            67.564 |  3.5e-06 |   292440.0 |  8.0 | 33.0 |
          14.0 |              9.0 |            67.575 | 0.000122 |   292244.0 |  9.0 | 33.0 |
          14.0 |              9.0 |            69.983 | 8.32e-06 |   344013.0 | 11.0 | 33.0 |
          14.0 |              9.0 |            69.993 | 8.51e-07 |   344124.0 | 12.0 | 33.0 |
          14.0 |              9.0 |             75.85 |  0.00146 |   440401.0 | 13.0 | 33.0 |
          14.0 |              9.0 |            76.236 | 2.09e-05 |   446941.0 | 14.0 | 33.0 |
          14.0 |              9.0 |            78.912 |  0.00624 |   492755.0 | 15.0 | 33.0 |
          14.0 |              9.0 |            96.805 |      0.0 |   719510.0 | 19.0 | 33.0 |
          14.0 |              9.0 |           107.556 |      0.0 |   819717.0 | 20.0 | 33.0 |
          14.0 |              9.0 |           790.764 |  0.00728 |  1623380.0 | 22.0 | 33.0 |
          14.0 |              9.0 |           823.357 |  0.00573 |  1628500.0 | 23.0 | 33.0 |
          14.0 |              9.0 |           922.611 |     0.84 |  1640850.0 | 24.0 | 33.0 |
          14.0 |              9.0 |            55.739 |      0.0 |     6415.0 |  3.0 | 34.0 |
          14.0 |              9.0 |            57.309 |      0.0 |    52927.0 |  4.0 | 34.0 |
          14.0 |              9.0 |            66.339 | 6.95e-06 |   292440.0 |  8.0 | 34.0 |
          14.0 |              9.0 |            68.669 | 1.29e-07 |   344013.0 | 11.0 | 34.0 |
          14.0 |              9.0 |            74.679 | 4.46e-05 |   446941.0 | 14.0 | 34.0 |
          14.0 |              9.0 |            77.246 |   0.0065 |   492755.0 | 15.0 | 34.0 |
          14.0 |              9.0 |            94.309 |      0.0 |   719510.0 | 19.0 | 34.0 |
          14.0 |              9.0 |           650.174 |  0.00221 |  1623380.0 | 22.0 | 34.0 |
          14.0 |              9.0 |           736.741 |    0.211 |  1640850.0 | 24.0 | 34.0 |
          14.0 |              9.0 |            55.305 |  0.00271 |     2546.0 |  2.0 | 35.0 |
          14.0 |              9.0 |            55.424 |  0.00931 |     6415.0 |  3.0 | 35.0 |
          14.0 |              9.0 |            56.976 |    0.162 |    52927.0 |  4.0 | 35.0 |
          14.0 |              9.0 |            68.187 |      0.0 |   344066.0 | 10.0 | 35.0 |
          14.0 |              9.0 |            68.192 |      0.0 |   344013.0 | 11.0 | 35.0 |
          14.0 |              9.0 |            89.006 | 5.52e-06 |   674750.0 | 16.0 | 35.0 |
          14.0 |              9.0 |            89.365 |  4.7e-05 |   679302.0 | 17.0 | 35.0 |
          14.0 |              9.0 |             93.41 |  0.00458 |   719510.0 | 19.0 | 35.0 |
          14.0 |              9.0 |          1087.512 |    0.347 |  1718773.0 | 25.0 | 35.0 |
          14.0 |              9.0 |          1161.076 |    0.201 |  1724599.0 | 26.0 | 35.0 |
          14.0 |              9.0 |           1179.12 |   0.0757 |  1725917.0 | 27.0 | 35.0 |
          14.0 |              9.0 |          1242.236 |   0.0011 |  1730226.0 | 28.0 | 35.0 |
          14.0 |              9.0 |          1833.517 | 0.000649 |  1756186.0 | 32.0 | 35.0 |
          14.0 |              9.0 |            2663.4 |   0.0101 |  1773180.0 | 33.0 | 35.0 |
          14.0 |              9.0 |            55.326 |   0.0393 |     6415.0 |  3.0 | 36.0 |
          14.0 |              9.0 |            56.872 |  0.00949 |    52927.0 |  4.0 | 36.0 |
          14.0 |              9.0 |            65.752 |      0.0 |   292300.0 |  7.0 | 36.0 |
          14.0 |              9.0 |            65.765 |      0.0 |   292244.0 |  9.0 | 36.0 |
          14.0 |              9.0 |            68.043 |      0.0 |   344013.0 | 11.0 | 36.0 |
          14.0 |              9.0 |            68.052 |      0.0 |   344124.0 | 12.0 | 36.0 |
          14.0 |              9.0 |            88.753 | 0.000471 |   674750.0 | 16.0 | 36.0 |
          14.0 |              9.0 |            93.133 | 0.000132 |   719510.0 | 19.0 | 36.0 |
          14.0 |              9.0 |          1136.351 |    0.825 |  1725917.0 | 27.0 | 36.0 |
          14.0 |              9.0 |          1194.857 |   0.0687 |  1730226.0 | 28.0 | 36.0 |
          14.0 |              9.0 |          1732.142 | 0.000886 |  1756186.0 | 32.0 | 36.0 |
          14.0 |              9.0 |            55.819 |   0.0379 |     2546.0 |  2.0 | 37.0 |
          14.0 |              9.0 |             55.94 |  0.00733 |     6415.0 |  3.0 | 37.0 |
          14.0 |              9.0 |            57.434 |    0.748 |    52927.0 |  4.0 | 37.0 |
          14.0 |              9.0 |            89.342 | 0.000123 |   674750.0 | 16.0 | 37.0 |
          14.0 |              9.0 |            89.706 | 0.000382 |   679302.0 | 17.0 | 37.0 |
          14.0 |              9.0 |            93.063 |   0.0205 |   719510.0 | 19.0 | 37.0 |
          14.0 |              9.0 |          1025.578 |    0.176 |  1718773.0 | 25.0 | 37.0 |
          14.0 |              9.0 |           1090.75 |    0.356 |  1724599.0 | 26.0 | 37.0 |
          14.0 |              9.0 |           1106.66 |  0.00559 |  1725917.0 | 27.0 | 37.0 |
          14.0 |              9.0 |          1162.075 | 0.000703 |  1730226.0 | 28.0 | 37.0 |
          14.0 |              9.0 |          1603.695 |  0.00127 |  1753923.0 | 31.0 | 37.0 |
          14.0 |              9.0 |          1664.087 |  0.00196 |  1756186.0 | 32.0 | 37.0 |
          14.0 |              9.0 |          2320.239 |    0.064 |  1773180.0 | 33.0 | 37.0 |
          14.0 |              9.0 |            65.601 |      0.0 |   292300.0 |  7.0 | 38.0 |
          14.0 |              9.0 |            65.614 |      0.0 |   292244.0 |  9.0 | 38.0 |
          14.0 |              9.0 |             67.89 |      0.0 |   344124.0 | 12.0 | 38.0 |
          14.0 |              9.0 |           603.489 |      0.0 |  1628500.0 | 23.0 | 38.0 |
          14.0 |              9.0 |           1146.75 |     1.14 |  1730226.0 | 28.0 | 38.0 |
          14.0 |              9.0 |            55.383 |    0.404 |     2546.0 |  2.0 | 39.0 |
          14.0 |              9.0 |            55.502 |  0.00128 |     6415.0 |  3.0 | 39.0 |
          14.0 |              9.0 |            56.972 | 0.000465 |    52927.0 |  4.0 | 39.0 |
          14.0 |              9.0 |            58.811 |  0.00173 |   107792.0 |  5.0 | 39.0 |
          14.0 |              9.0 |            88.229 |  0.00015 |   674750.0 | 16.0 | 39.0 |
          14.0 |              9.0 |            88.585 |  0.00625 |   679302.0 | 17.0 | 39.0 |
          14.0 |              9.0 |            88.725 |   0.0121 |   681085.0 | 18.0 | 39.0 |
          14.0 |              9.0 |            91.857 | 1.74e-05 |   719510.0 | 19.0 | 39.0 |
          14.0 |              9.0 |           101.169 | 0.000232 |   819717.0 | 20.0 | 39.0 |
          14.0 |              9.0 |           884.971 |   0.0447 |  1718773.0 | 25.0 | 39.0 |
          14.0 |              9.0 |            933.08 |   0.0472 |  1724599.0 | 26.0 | 39.0 |
          14.0 |              9.0 |           944.697 |    0.015 |  1725917.0 | 27.0 | 39.0 |
          14.0 |              9.0 |          1067.498 |    0.029 |  1738094.0 | 29.0 | 39.0 |
          14.0 |              9.0 |          1252.631 |    0.181 |  1751939.0 | 30.0 | 39.0 |
          14.0 |              9.0 |          1284.555 |   0.0674 |  1753923.0 | 31.0 | 39.0 |
          14.0 |              9.0 |            55.356 |     2.17 |     2546.0 |  2.0 | 40.0 |
          14.0 |              9.0 |            55.475 |   0.0697 |     6415.0 |  3.0 | 40.0 |
          14.0 |              9.0 |            56.944 |  0.00744 |    52927.0 |  4.0 | 40.0 |
          14.0 |              9.0 |            88.161 |  0.00254 |   674750.0 | 16.0 | 40.0 |
          14.0 |              9.0 |            88.516 |   0.0247 |   679302.0 | 17.0 | 40.0 |
          14.0 |              9.0 |            91.783 | 0.000387 |   719510.0 | 19.0 | 40.0 |
          14.0 |              9.0 |           879.469 |   0.0051 |  1718773.0 | 25.0 | 40.0 |
          14.0 |              9.0 |           926.964 |   0.0125 |  1724599.0 | 26.0 | 40.0 |
          14.0 |              9.0 |            938.43 |    0.145 |  1725917.0 | 27.0 | 40.0 |
          14.0 |              9.0 |           977.976 |  0.00496 |  1730226.0 | 28.0 | 40.0 |
          14.0 |              9.0 |          1059.502 |    0.132 |  1738094.0 | 29.0 | 40.0 |
          14.0 |              9.0 |          1272.993 |    0.324 |  1753923.0 | 31.0 | 40.0 |
          14.0 |              9.0 |          1310.753 |   0.0204 |  1756186.0 | 32.0 | 40.0 |
          14.0 |              9.0 |            55.401 |     3.49 |     6415.0 |  3.0 | 41.0 |
          14.0 |              9.0 |            56.867 | 2.43e-05 |    52927.0 |  4.0 | 41.0 |
          14.0 |              9.0 |            87.976 |   0.0469 |   674750.0 | 16.0 | 41.0 |
          14.0 |              9.0 |            91.582 | 0.000443 |   719510.0 | 19.0 | 41.0 |
          14.0 |              9.0 |           917.667 |   0.0147 |  1725917.0 | 27.0 | 41.0 |
          14.0 |              9.0 |           955.447 |     0.27 |  1730226.0 | 28.0 | 41.0 |
          14.0 |              9.0 |            1270.6 |    0.598 |  1756186.0 | 32.0 | 41.0 |
          14.0 |              9.0 |            55.154 |  0.00955 |     2546.0 |  2.0 | 42.0 |
          14.0 |              9.0 |            55.272 |     1.55 |     6415.0 |  3.0 | 42.0 |
          14.0 |              9.0 |             56.73 |   0.0215 |    52927.0 |  4.0 | 42.0 |
          14.0 |              9.0 |             87.65 |   0.0107 |   674750.0 | 16.0 | 42.0 |
          14.0 |              9.0 |            88.001 |  0.00132 |   679302.0 | 17.0 | 42.0 |
          14.0 |              9.0 |            91.229 | 4.25e-05 |   719510.0 | 19.0 | 42.0 |
          14.0 |              9.0 |           836.009 |   0.0014 |  1718773.0 | 25.0 | 42.0 |
          14.0 |              9.0 |            889.11 |   0.0053 |  1725917.0 | 27.0 | 42.0 |
          14.0 |              9.0 |           924.531 |   0.0652 |  1730226.0 | 28.0 | 42.0 |
          14.0 |              9.0 |           997.059 |     0.34 |  1738094.0 | 29.0 | 42.0 |
          14.0 |              9.0 |          1183.908 |   0.0149 |  1753923.0 | 31.0 | 42.0 |
          14.0 |              9.0 |          1216.501 |    0.253 |  1756186.0 | 32.0 | 42.0 |
          14.0 |              9.0 |          1533.531 |  0.00483 |  1773180.0 | 33.0 | 42.0 |
          14.0 |              9.0 |            55.039 |   0.0612 |        0.0 |  1.0 | 43.0 |
          14.0 |              9.0 |            55.116 |    0.424 |     2546.0 |  2.0 | 43.0 |
          14.0 |              9.0 |            55.234 |    0.378 |     6415.0 |  3.0 | 43.0 |
          14.0 |              9.0 |             56.69 |  0.00108 |    52927.0 |  4.0 | 43.0 |
          14.0 |              9.0 |             58.51 | 0.000547 |   107792.0 |  5.0 | 43.0 |
          14.0 |              9.0 |            87.554 |    0.002 |   674750.0 | 16.0 | 43.0 |
          14.0 |              9.0 |            87.905 |  0.00291 |   679302.0 | 17.0 | 43.0 |
          14.0 |              9.0 |            88.043 | 1.79e-05 |   681085.0 | 18.0 | 43.0 |
          14.0 |              9.0 |            91.125 | 1.34e-05 |   719510.0 | 19.0 | 43.0 |
          14.0 |              9.0 |           100.282 | 5.33e-05 |   819717.0 | 20.0 | 43.0 |
          14.0 |              9.0 |           828.967 |  0.00387 |  1718773.0 | 25.0 | 43.0 |
          14.0 |              9.0 |           871.035 |  0.00146 |  1724599.0 | 26.0 | 43.0 |
          14.0 |              9.0 |            881.15 |   0.0302 |  1725917.0 | 27.0 | 43.0 |
          14.0 |              9.0 |            987.06 |    0.205 |  1738094.0 | 29.0 | 43.0 |
          14.0 |              9.0 |          1143.301 |   0.0086 |  1751939.0 | 30.0 | 43.0 |
          14.0 |              9.0 |          1169.837 |    0.104 |  1753923.0 | 31.0 | 43.0 |
          14.0 |              9.0 |          1201.649 |   0.0645 |  1756186.0 | 32.0 | 43.0 |
          14.0 |              9.0 |            55.094 |     0.27 |     2546.0 |  2.0 | 44.0 |
          14.0 |              9.0 |            87.848 |   0.0012 |   679302.0 | 17.0 | 44.0 |
          14.0 |              9.0 |           825.443 | 0.000362 |  1718773.0 | 25.0 | 44.0 |
          14.0 |              9.0 |           867.145 |  0.00986 |  1724599.0 | 26.0 | 44.0 |
          14.0 |              9.0 |           982.067 |   0.0704 |  1738094.0 | 29.0 | 44.0 |
          14.0 |              9.0 |          1162.831 |     0.06 |  1753923.0 | 31.0 | 44.0 |
          14.0 |              9.0 |             54.39 |  0.00229 |        0.0 |  1.0 | 45.0 |
          14.0 |              9.0 |            54.466 |  0.00151 |     2546.0 |  2.0 | 45.0 |
          14.0 |              9.0 |            54.581 | 4.83e-05 |     6415.0 |  3.0 | 45.0 |
          14.0 |              9.0 |            56.003 |   0.0354 |    52927.0 |  4.0 | 45.0 |
          14.0 |              9.0 |            57.778 |     1.12 |   107792.0 |  5.0 | 45.0 |
          14.0 |              9.0 |            85.925 | 1.19e-05 |   674750.0 | 16.0 | 45.0 |
          14.0 |              9.0 |            86.262 |  3.3e-05 |   679302.0 | 17.0 | 45.0 |
          14.0 |              9.0 |            89.362 |  0.00232 |   719510.0 | 19.0 | 45.0 |
          14.0 |              9.0 |            98.151 |   0.0452 |   819717.0 | 20.0 | 45.0 |
          14.0 |              9.0 |           687.583 |    0.182 |  1718773.0 | 25.0 | 45.0 |
          14.0 |              9.0 |           716.276 |   0.0679 |  1724599.0 | 26.0 | 45.0 |
          14.0 |              9.0 |           792.921 |   0.0109 |  1738094.0 | 29.0 | 45.0 |
          14.0 |              9.0 |           906.725 | 0.000983 |  1753923.0 | 31.0 | 45.0 |
          14.0 |              9.0 |          1098.539 |   0.0108 |  1773180.0 | 33.0 | 45.0 |
          14.0 |              9.0 |          1570.228 |    0.153 |  1800525.0 | 34.0 | 45.0 |
          14.0 |              9.0 |            54.604 | 0.000584 |     6415.0 |  3.0 | 46.0 |
          14.0 |              9.0 |            56.027 |     4.55 |    52927.0 |  4.0 | 46.0 |
          14.0 |              9.0 |            85.982 | 0.000739 |   674750.0 | 16.0 | 46.0 |
          14.0 |              9.0 |            89.424 |    0.039 |   719510.0 | 19.0 | 46.0 |
          14.0 |              9.0 |           916.112 |    0.004 |  1756186.0 | 32.0 | 46.0 |
          14.0 |              9.0 |          1085.034 |    0.946 |  1773180.0 | 33.0 | 46.0 |
%CHIANTI