 Atomic Number | Ionization State |  Wavelength (Ang.) |              g_i*f_ik |         E_i(cm^-1) |     i |     j |
           5.0 |              1.0 |   1047.64697265625 |  0.002344228094443679 |                0.0 | 333.0 | 666.0 |
           5.0 |              1.0 |  1047.695068359375 |  0.004677352029830217 |                0.0 | 333.0 | 666.0 |
           5.0 |              1.0 |  1047.824951171875 |   0.01148153468966484 | 15.286999702453613 | 333.0 | 666.0 |
           5.0 |              1.0 |  1047.866943359375 |  0.002344228094443679 | 15.286999702453613 | 333.0 | 666.0 |
           5.0 |              1.0 |      1151.20703125 |   0.03881503641605377 |                0.0 | 333.0 | 666.0 |
           5.0 |              1.0 |  1151.281005859375 |   0.07762470841407776 |                0.0 | 333.0 | 666.0 |
           5.0 |              1.0 | 1151.4219970703125 |   0.19054606556892395 | 15.286999702453613 | 333.0 | 666.0 |
           5.0 |              1.0 |  1151.489013671875 |   0.03881503641605377 | 15.286999702453613 | 333.0 | 666.0 |
           5.0 |              1.0 |  1378.654052734375 |    0.3899419903755188 |                0.0 | 333.0 | 666.0 |
           5.0 |              1.0 |           1378.875 |    0.7798300981521606 |                0.0 | 333.0 | 666.0 |
           5.0 |              1.0 | 1378.9429931640625 |    1.9498445987701416 | 15.286999702453613 | 333.0 | 666.0 |
           5.0 |              1.0 |     1379.166015625 |    0.3899419903755188 | 15.286999702453613 | 333.0 | 666.0 |
           5.0 |              1.0 | 1465.5479736328125 |   0.43651580810546875 |                0.0 | 333.0 | 666.0 |
           5.0 |              1.0 | 1465.6629638671875 |    0.8511380553245544 |                0.0 | 333.0 | 666.0 |
           5.0 |              1.0 | 1465.8009033203125 |    1.2882494926452637 |                0.0 | 333.0 | 666.0 |
           5.0 |              1.0 | 1533.8060302734375 |   0.01690441183745861 |                0.0 | 333.0 | 666.0 |
           5.0 |              1.0 |     1534.166015625 |   0.03047894686460495 | 15.286999702453613 | 333.0 | 666.0 |
           5.0 |              1.0 |   1543.39794921875 |  0.019952621310949326 |                0.0 | 333.0 | 666.0 |
           5.0 |              1.0 |  1543.762939453125 |   0.04017907753586769 | 15.286999702453613 | 333.0 | 666.0 |
           5.0 |              1.0 |  1546.423095703125 |  0.025703955441713333 |                0.0 | 333.0 | 666.0 |
           5.0 |              1.0 | 1546.7889404296875 | 0.0051050493493676186 | 15.286999702453613 | 333.0 | 666.0 |
           5.0 |              1.0 | 1558.7010498046875 |  0.014791082590818405 |                0.0 | 333.0 | 666.0 |
           5.0 |              1.0 |  1559.071044921875 |  0.029444215819239616 | 15.286999702453613 | 333.0 | 666.0 |
           5.0 |              1.0 | 1566.2860107421875 |  0.041114967316389084 |                0.0 | 333.0 | 666.0 |
           5.0 |              1.0 | 1566.6600341796875 |   0.07413102686405182 | 15.286999702453613 | 333.0 | 666.0 |
           5.0 |              1.0 | 1573.3009033203125 |  0.032809533178806305 |                0.0 | 333.0 | 666.0 |
           5.0 |              1.0 | 1573.6790771484375 |   0.06561452895402908 | 15.286999702453613 | 333.0 | 666.0 |
           5.0 |              1.0 | 1587.3399658203125 |  0.019952621310949326 |                0.0 | 333.0 | 666.0 |
           5.0 |              1.0 |  1587.385009765625 |   0.10471285134553909 |                0.0 | 333.0 | 666.0 |
           5.0 |              1.0 | 1587.4510498046875 |   0.10471285134553909 |                0.0 | 333.0 | 666.0 |
           5.0 |              1.0 |             1587.5 |   0.03467368334531784 |                0.0 | 333.0 | 666.0 |
           5.0 |              1.0 |  1587.595947265625 |   0.11220184713602066 |                0.0 | 333.0 | 666.0 |
           5.0 |              1.0 |  1587.653076171875 |   0.11220184713602066 |                0.0 | 333.0 | 666.0 |
           5.0 |              1.0 |    1587.7470703125 |    0.2691534757614136 |                0.0 | 333.0 | 666.0 |
           5.0 |              1.0 | 1600.3729248046875 |   0.07177942246198654 |                0.0 | 333.0 | 666.0 |
           5.0 |              1.0 |     1600.455078125 |  0.019952621310949326 |                0.0 | 333.0 | 666.0 |
           5.0 |              1.0 |  1600.760986328125 |   0.12912192940711975 | 15.286999702453613 | 333.0 | 666.0 |
           5.0 |              1.0 |   1600.85009765625 |  0.043651580810546875 | 15.286999702453613 | 333.0 | 666.0 |
           5.0 |              1.0 | 1662.6080322265625 |   0.01659587025642395 |                0.0 | 333.0 | 666.0 |
           5.0 |              1.0 |  1663.031005859375 |  0.032658789306879044 | 15.286999702453613 | 333.0 | 666.0 |
           5.0 |              1.0 | 1666.8499755859375 |    0.1442115306854248 |                0.0 | 333.0 | 666.0 |
           5.0 |              1.0 |   1667.27197265625 |   0.02877398394048214 | 15.286999702453613 | 333.0 | 666.0 |
           5.0 |              1.0 | 1817.8436279296875 |  0.030902955681085587 |                0.0 | 333.0 | 666.0 |
           5.0 |              1.0 |  1818.348876953125 |  0.061659496277570724 | 15.286999702453613 | 333.0 | 666.0 |
           5.0 |              1.0 |  1825.893798828125 |    0.3396252691745758 |                0.0 | 333.0 | 666.0 |
           5.0 |              1.0 | 1826.3995361328125 |    0.6123504042625427 | 15.286999702453613 | 333.0 | 666.0 |
           5.0 |              1.0 |     2067.037109375 |   0.26302680373191833 |                0.0 | 333.0 | 666.0 |
           5.0 |              1.0 |   2067.31396484375 |    0.6025595664978027 |                0.0 | 333.0 | 666.0 |
           5.0 |              1.0 |  2067.590087890625 |   0.07762470841407776 |                0.0 | 333.0 | 666.0 |
           5.0 |              1.0 |   2067.68017578125 |  0.048977889120578766 |                0.0 | 333.0 | 666.0 |
           5.0 |              1.0 |   2067.85302734375 |   0.26302680373191833 |                0.0 | 333.0 | 666.0 |
           5.0 |              1.0 |  2089.552978515625 |   0.09462370723485947 |                0.0 | 333.0 | 666.0 |
           5.0 |              1.0 |  2090.234619140625 |   0.16982437670230865 | 15.286999702453613 | 333.0 | 666.0 |
           5.0 |              1.0 |    2389.2998046875 |   0.03019951842725277 |     47856.80859375 | 333.0 | 666.0 |
           5.0 |              1.0 |  2497.521728515625 |   0.15848931670188904 |                0.0 | 333.0 | 666.0 |
           5.0 |              1.0 |    2498.4755859375 |    0.3140508532524109 | 15.286999702453613 | 333.0 | 666.0 |
           5.0 |              1.0 |   2861.89990234375 |  0.007244357839226723 |     54767.83984375 | 333.0 | 666.0 |
           5.0 |              1.0 |   5634.63330078125 |   0.00428548501804471 |     40039.69140625 | 333.0 | 666.0 |
           5.0 |              1.0 |     5763.541015625 |   0.02290867641568184 |     47856.80859375 | 333.0 | 666.0 |
           5.0 |              1.0 |   5944.27978515625 |   0.03548133373260498 |     47856.80859375 | 333.0 | 666.0 |
           5.0 |              1.0 |    5944.3701171875 |  0.025118863210082054 |          47857.125 | 333.0 | 666.0 |
           5.0 |              1.0 |    6246.2998046875 |   0.06309572607278824 |     47856.80859375 | 333.0 | 666.0 |
           5.0 |              1.0 |    6246.3896484375 |   0.04265795275568962 |          47857.125 | 333.0 | 666.0 |
           5.0 |              1.0 |      8214.08984375 |    0.2754228711128235 |     47856.80859375 | 333.0 | 666.0 |
           5.0 |              1.0 |    8214.2998046875 |   0.19364219903945923 |          47857.125 | 333.0 | 666.0 |
           5.0 |              1.0 |     8669.603515625 |   0.04168693721294403 |      48611.8671875 | 333.0 | 666.0 |
           5.0 |              1.0 |     8670.951171875 |    0.0826038047671318 |      48613.6484375 | 333.0 | 666.0 |
           5.0 |              1.0 |     11663.22265625 |    1.4060475826263428 |     40039.69140625 | 333.0 | 666.0 |
           5.0 |              1.0 |      11665.6484375 |    0.7030723094940186 |     40039.69140625 | 333.0 | 666.0 |
           5.0 |              1.0 |      12905.1171875 |    0.5223962068557739 |      54767.6953125 | 333.0 | 666.0 |
           5.0 |              1.0 |   12905.3564453125 |   0.03715352714061737 |     54767.83984375 | 333.0 | 666.0 |
           5.0 |              1.0 |   15628.9833984375 |     0.406443327665329 |      48611.8671875 | 333.0 | 666.0 |
           5.0 |              1.0 |   15633.3388671875 |    0.8147042989730835 |      48613.6484375 | 333.0 | 666.0 |
           5.0 |              1.0 |    16244.767578125 |    1.6710906028747559 |      48611.8671875 | 333.0 | 666.0 |
           5.0 |              1.0 |   16249.0869140625 |    3.0130059719085693 |      48613.6484375 | 333.0 | 666.0 |
           5.0 |              1.0 |    16249.474609375 |   0.33496543765068054 |      48613.6484375 | 333.0 | 666.0 |
           5.0 |              1.0 |     18999.19140625 |    3.8370723724365234 |      54767.6953125 | 333.0 | 666.0 |
           5.0 |              1.0 |    18999.693359375 |     5.482769966125488 |     54767.83984375 | 333.0 | 666.0 |
           5.0 |              1.0 |        33119.46875 |     0.117489755153656 |      54767.6953125 | 333.0 | 666.0 |
           5.0 |              1.0 |     33121.05078125 |    1.0471285581588745 |     54767.83984375 | 333.0 | 666.0 |
           5.0 |              1.0 |     33126.41015625 |    0.5874893665313721 |      54767.6953125 | 333.0 | 666.0 |
           5.0 |              1.0 |      36012.2109375 |     2.065380096435547 |       55010.234375 | 333.0 | 666.0 |
           5.0 |              1.0 |      36020.4609375 |    1.0471285581588745 |       55010.234375 | 333.0 | 666.0 |
%NIST