 Atomic Number | Ionization State |  Wavelength (Ang.) |               g_i*f_ik |       E_i(cm^-1) |    i |    j |
          19.0 |              3.0 |  765.6380004882812 |     0.7762399911880493 |              0.0 |  1.0 |  3.0 |
          19.0 |              3.0 |  523.7880249023438 |    0.08317600190639496 |              0.0 |  1.0 |  6.0 |
          19.0 |              3.0 |  520.6110229492188 |     3.6308000087738037 |              0.0 |  1.0 |  7.0 |
          19.0 |              3.0 |    497.10400390625 |     0.4365200102329254 |              0.0 |  1.0 |  9.0 |
          19.0 |              3.0 |  482.1090087890625 |  0.0019952799193561077 |              0.0 |  1.0 | 10.0 |
          19.0 |              3.0 | 479.18499755859375 |   0.015135600231587887 |              0.0 |  1.0 | 11.0 |
          19.0 |              3.0 |  477.4150085449219 | 1.4791199646424502e-05 |              0.0 |  1.0 | 12.0 |
          19.0 |              3.0 |  470.0899963378906 |     0.6606799960136414 |              0.0 |  1.0 | 13.0 |
          19.0 |              3.0 |  466.7829895019531 |    0.13182400166988373 |              0.0 |  1.0 | 14.0 |
          19.0 |              3.0 |   444.343994140625 |    0.47863999009132385 |              0.0 |  1.0 | 15.0 |
          19.0 |              3.0 | 444.27899169921875 |    0.02454720064997673 |              0.0 |  1.0 | 16.0 |
          19.0 |              3.0 |   414.864990234375 |     1.9498399496078491 |              0.0 |  1.0 | 21.0 |
          19.0 |              3.0 |  413.7929992675781 |    0.12589199841022491 |              0.0 |  1.0 | 23.0 |
          19.0 |              3.0 |  412.2879943847656 |    0.26302799582481384 |              0.0 |  1.0 | 26.0 |
          19.0 |              3.0 |  408.9590148925781 |     1.6217999458312988 |              0.0 |  1.0 | 30.0 |
          19.0 |              3.0 |  406.4880065917969 |    0.30199599266052246 |              0.0 |  1.0 | 32.0 |
          19.0 |              3.0 |  398.6319885253906 |     1.2302800416946411 |              0.0 |  1.0 | 34.0 |
          19.0 |              3.0 | 380.47698974609375 |    0.01202279981225729 |              0.0 |  1.0 | 35.0 |
          19.0 |              3.0 |  379.1180114746094 |   0.002344239968806505 |              0.0 |  1.0 | 36.0 |
          19.0 |              3.0 |     345.5419921875 |   0.050119999796152115 |              0.0 |  1.0 | 37.0 |
          19.0 |              3.0 |  345.3999938964844 |   0.005247999913990498 |              0.0 |  1.0 | 38.0 |
          19.0 |              3.0 |  330.6830139160156 |     0.4074000120162964 |              0.0 |  1.0 | 39.0 |
          19.0 |              3.0 |  778.5499877929688 |     0.3890399932861328 | 2166.10009765625 |  2.0 |  3.0 |
          19.0 |              3.0 |  529.7990112304688 |      1.819700002670288 | 2166.10009765625 |  2.0 |  6.0 |
          19.0 |              3.0 | 484.21099853515625 |   0.001047119963914156 | 2166.10009765625 |  2.0 | 11.0 |
          19.0 |              3.0 | 482.40399169921875 |  0.0017377999611198902 | 2166.10009765625 |  2.0 | 12.0 |
          19.0 |              3.0 |  474.9259948730469 |    0.09772399812936783 | 2166.10009765625 |  2.0 | 13.0 |
          19.0 |              3.0 |  471.5509948730469 |    0.23442000150680542 | 2166.10009765625 |  2.0 | 14.0 |
          19.0 |              3.0 | 448.59600830078125 |     0.3090200126171112 | 2166.10009765625 |  2.0 | 16.0 |
          19.0 |              3.0 | 418.62701416015625 |     0.5011799931526184 | 2166.10009765625 |  2.0 | 21.0 |
          19.0 |              3.0 |  417.5350036621094 |    0.08317600190639496 | 2166.10009765625 |  2.0 | 23.0 |
          19.0 |              3.0 | 416.00299072265625 |     1.0471199750900269 | 2166.10009765625 |  2.0 | 26.0 |
          19.0 |              3.0 |  410.0979919433594 |     0.9120200276374817 | 2166.10009765625 |  2.0 | 32.0 |
          19.0 |              3.0 |    402.10400390625 |    0.37154000997543335 | 2166.10009765625 |  2.0 | 34.0 |
          19.0 |              3.0 |  383.6390075683594 |   0.001819700002670288 | 2166.10009765625 |  2.0 | 35.0 |
          19.0 |              3.0 |  382.2569885253906 |    0.00436520017683506 | 2166.10009765625 |  2.0 | 36.0 |
          19.0 |              3.0 |  348.0039978027344 |    0.02818400040268898 | 2166.10009765625 |  2.0 | 38.0 |
          19.0 |              3.0 |     2127.205078125 |   0.006606800016015768 |         190917.0 |  6.0 | 18.0 |
          19.0 |              3.0 |  2102.908935546875 |    0.02454720064997673 |         190917.0 |  6.0 | 19.0 |
          19.0 |              3.0 | 1979.1590576171875 | 1.0232800377707463e-05 |         190917.0 |  6.0 | 22.0 |
          19.0 |              3.0 | 1951.2840576171875 |   0.016217999160289764 |         190917.0 |  6.0 | 24.0 |
          19.0 |              3.0 | 1937.6199951171875 |    0.12882399559020996 |         190917.0 |  6.0 | 25.0 |
          19.0 |              3.0 | 1903.6309814453125 |    0.02041720040142536 |         190917.0 |  6.0 | 28.0 |
          19.0 |              3.0 | 1885.7110595703125 |   0.014791199937462807 |         190917.0 |  6.0 | 29.0 |
          19.0 |              3.0 |  1836.031005859375 |    0.05754400044679642 |         190917.0 |  6.0 | 31.0 |
          19.0 |              3.0 | 1795.0550537109375 |   0.001047119963914156 |         190917.0 |  6.0 | 33.0 |
          19.0 |              3.0 |     2200.501953125 |   0.013489799574017525 |         192082.0 |  7.0 | 17.0 |
          19.0 |              3.0 |  2181.283935546875 |  0.0008128200424835086 |         192082.0 |  7.0 | 18.0 |
          19.0 |              3.0 |     2050.712890625 |  5.248079833108932e-05 |         192082.0 |  7.0 | 20.0 |
          19.0 |              3.0 |  2025.218017578125 |   0.046773601323366165 |         192082.0 |  7.0 | 22.0 |
          19.0 |              3.0 | 1996.6739501953125 |    0.13803599774837494 |         192082.0 |  7.0 | 24.0 |
          19.0 |              3.0 |  1959.301025390625 |    0.06025800108909607 |         192082.0 |  7.0 | 27.0 |
          19.0 |              3.0 | 1946.8050537109375 |   0.029512200504541397 |         192082.0 |  7.0 | 28.0 |
          19.0 |              3.0 | 1928.0679931640625 |    0.15849000215530396 |         192082.0 |  7.0 | 29.0 |
          19.0 |              3.0 |   1833.39599609375 |  0.0034673400223255157 |         192082.0 |  7.0 | 33.0 |
          19.0 |              3.0 |  2750.445068359375 |   0.012882400304079056 |         201165.0 |  9.0 | 17.0 |
          19.0 |              3.0 |  2720.489990234375 |    0.13333599269390106 |         201165.0 |  9.0 | 18.0 |
          19.0 |              3.0 |  2520.362060546875 |  0.0019054400036111474 |         201165.0 |  9.0 | 20.0 |
          19.0 |              3.0 |  2481.965087890625 | 1.7986400052905083e-05 |         201165.0 |  9.0 | 22.0 |
          19.0 |              3.0 |   2438.26708984375 |    0.08608800172805786 |         201165.0 |  9.0 | 24.0 |
          19.0 |              3.0 |    2382.7451171875 |    0.25119200348854065 |         201165.0 |  9.0 | 27.0 |
          19.0 |              3.0 |  2364.282958984375 |     0.3588719964027405 |         201165.0 |  9.0 | 28.0 |
          19.0 |              3.0 |  2336.693115234375 |   0.003588719991967082 |         201165.0 |  9.0 | 29.0 |
          19.0 |              3.0 |   2199.02001953125 |     0.0699744001030922 |         201165.0 |  9.0 | 33.0 |
          19.0 |              3.0 |   3322.39599609375 |     1.4791200160980225 |     207421.90625 | 10.0 | 17.0 |
          19.0 |              3.0 |     3278.787109375 |     0.6025799512863159 |     207421.90625 | 10.0 | 18.0 |
          19.0 |              3.0 |  2992.422119140625 |      1.659600019454956 |     207421.90625 | 10.0 | 20.0 |
          19.0 |              3.0 |  2938.449951171875 |     0.3715380132198334 |     207421.90625 | 10.0 | 22.0 |
          19.0 |              3.0 |   2877.39990234375 |    0.04265819862484932 |     207421.90625 | 10.0 | 24.0 |
          19.0 |              3.0 |   2800.39697265625 |    0.09550199657678604 |     207421.90625 | 10.0 | 27.0 |
          19.0 |              3.0 |  2774.930908203125 |    0.00724439974874258 |     207421.90625 | 10.0 | 28.0 |
          19.0 |              3.0 |    2737.0029296875 |   0.007412999868392944 |     207421.90625 | 10.0 | 29.0 |
          19.0 |              3.0 |  2550.013916015625 |     0.3019980192184448 |     207421.90625 | 10.0 | 33.0 |
          19.0 |              3.0 |   3468.31396484375 |     0.4466800093650818 |    208687.796875 | 11.0 | 17.0 |
          19.0 |              3.0 |   3420.81689453125 |    0.16595999896526337 |    208687.796875 | 11.0 | 18.0 |
          19.0 |              3.0 |  3358.426025390625 |     0.5248000025749207 |    208687.796875 | 11.0 | 19.0 |
          19.0 |              3.0 |   3052.01611328125 |      1.202280044555664 |    208687.796875 | 11.0 | 22.0 |
          19.0 |              3.0 |    2986.2099609375 |     0.7079600095748901 |    208687.796875 | 11.0 | 24.0 |
          19.0 |              3.0 |   2954.31591796875 |    0.10964799672365189 |    208687.796875 | 11.0 | 25.0 |
          19.0 |              3.0 |   2903.35693359375 |    0.19952799379825592 |    208687.796875 | 11.0 | 27.0 |
          19.0 |              3.0 |  2875.992919921875 |    0.04570800065994263 |    208687.796875 | 11.0 | 28.0 |
          19.0 |              3.0 |   2835.27294921875 |   0.001047119963914156 |    208687.796875 | 11.0 | 29.0 |
          19.0 |              3.0 |   2724.39697265625 |  8.709599933354184e-05 |    208687.796875 | 11.0 | 31.0 |
          19.0 |              3.0 |   2635.10791015625 |    0.18620799481868744 |    208687.796875 | 11.0 | 33.0 |
          19.0 |              3.0 |  3513.822021484375 |    0.39809998869895935 |    209461.296875 | 12.0 | 18.0 |
          19.0 |              3.0 |   3448.02490234375 |    0.08912599831819534 |    209461.296875 | 12.0 | 19.0 |
          19.0 |              3.0 |  3056.841064453125 |     0.5623400211334229 |    209461.296875 | 12.0 | 24.0 |
          19.0 |              3.0 |  3023.428955078125 |     0.6025599837303162 |    209461.296875 | 12.0 | 25.0 |
          19.0 |              3.0 |  2941.449951171875 |   0.052480001002550125 |    209461.296875 | 12.0 | 28.0 |
          19.0 |              3.0 |  2898.868896484375 |     0.0645660012960434 |    209461.296875 | 12.0 | 29.0 |
          19.0 |              3.0 |   2783.06591796875 |    0.01122019998729229 |    209461.296875 | 12.0 | 31.0 |
          19.0 |              3.0 |    2689.9560546875 |    0.15135599672794342 |    209461.296875 | 12.0 | 33.0 |
          19.0 |              3.0 |  4033.298095703125 |  0.0020892799366265535 |     212725.40625 | 13.0 | 17.0 |
          19.0 |              3.0 |       3969.2109375 |    0.02818400040268898 |     212725.40625 | 13.0 | 18.0 |
          19.0 |              3.0 |    3885.4580078125 |   0.014454400166869164 |     212725.40625 | 13.0 | 19.0 |
          19.0 |              3.0 |    3481.1279296875 |    0.05495600029826164 |     212725.40625 | 13.0 | 22.0 |
          19.0 |              3.0 |   3395.77587890625 |    0.08128400146961212 |     212725.40625 | 13.0 | 24.0 |
          19.0 |              3.0 |  3354.593994140625 |  0.0025704000145196915 |     212725.40625 | 13.0 | 25.0 |
          19.0 |              3.0 |    3289.0458984375 |      1.584879994392395 |     212725.40625 | 13.0 | 27.0 |
          19.0 |              3.0 |  3253.972900390625 |    0.19498400390148163 |     212725.40625 | 13.0 | 28.0 |
          19.0 |              3.0 |  3201.944091796875 |     0.8912400007247925 |     212725.40625 | 13.0 | 29.0 |
          19.0 |              3.0 |            3061.25 |    0.21877600252628326 |     212725.40625 | 13.0 | 31.0 |
          19.0 |              3.0 |  2948.972900390625 |    0.03090279921889305 |     212725.40625 | 13.0 | 33.0 |
          19.0 |              3.0 |    4221.8017578125 |  0.0029511998873203993 |    214232.296875 | 14.0 | 18.0 |
          19.0 |              3.0 |   4127.17822265625 |  0.0009772400371730328 |    214232.296875 | 14.0 | 19.0 |
          19.0 |              3.0 |  3578.972900390625 |    0.04466800019145012 |    214232.296875 | 14.0 | 24.0 |
          19.0 |              3.0 |  3533.258056640625 |   0.003090200014412403 |    214232.296875 | 14.0 | 25.0 |
          19.0 |              3.0 |   3421.81201171875 |     1.0715199708938599 |    214232.296875 | 14.0 | 28.0 |
          19.0 |              3.0 |  3364.325927734375 |    0.21877999603748322 |    214232.296875 | 14.0 | 29.0 |
          19.0 |              3.0 |  3209.345947265625 |     0.3162199854850769 |    214232.296875 | 14.0 | 31.0 |
          19.0 |              3.0 |     3086.162109375 |    0.01698240078985691 |    214232.296875 | 14.0 | 33.0 |
          19.0 |              3.0 |      8022.83203125 |  8.128199988277629e-05 |         225051.0 | 15.0 | 17.0 |
          19.0 |              3.0 |   7773.18505859375 |   0.021877799183130264 |         225051.0 | 15.0 | 18.0 |
          19.0 |              3.0 |    6335.8251953125 |      0.562343955039978 |         225051.0 | 15.0 | 20.0 |
          19.0 |              3.0 |     6098.662109375 |   0.015848999843001366 |         225051.0 | 15.0 | 22.0 |
          19.0 |              3.0 |    5841.4482421875 |  0.0006760800024494529 |         225051.0 | 15.0 | 24.0 |
          19.0 |              3.0 |    5532.6201171875 |   0.013803600333631039 |         225051.0 | 15.0 | 27.0 |
          19.0 |              3.0 |   5434.09912109375 |   0.006166200153529644 |         225051.0 | 15.0 | 28.0 |
          19.0 |              3.0 |     5290.541015625 |   0.044668201357126236 |         225051.0 | 15.0 | 29.0 |
          19.0 |              3.0 |    4633.7822265625 |     0.1698240041732788 |         225051.0 | 15.0 | 33.0 |
          19.0 |              3.0 |   7793.18115234375 |  0.0025118798948824406 |         225084.0 | 16.0 | 18.0 |
          19.0 |              3.0 |    7476.7568359375 |   0.003388440003618598 |         225084.0 | 16.0 | 19.0 |
          19.0 |              3.0 |      6110.96484375 |    0.23442399501800537 |         225084.0 | 16.0 | 22.0 |
          19.0 |              3.0 |   5852.73291015625 |  0.0001698239939287305 |         225084.0 | 16.0 | 24.0 |
          19.0 |              3.0 |     5731.466796875 | 1.9054799849982373e-05 |         225084.0 | 16.0 | 25.0 |
          19.0 |              3.0 |    5542.7431640625 |    0.11219999939203262 |         225084.0 | 16.0 | 27.0 |
          19.0 |              3.0 |   5443.86376953125 |  1.584880010341294e-05 |         225084.0 | 16.0 | 28.0 |
          19.0 |              3.0 |        5299.796875 |   0.008511199615895748 |         225084.0 | 16.0 | 29.0 |
          19.0 |              3.0 |   4925.14599609375 |    0.06760799884796143 |         225084.0 | 16.0 | 31.0 |
          19.0 |              3.0 |     4640.880859375 |   0.008912400342524052 |         225084.0 | 16.0 | 33.0 |
          19.0 |              3.0 |     28320.88671875 |  9.332400077255443e-05 |         237512.0 | 17.0 | 21.0 |
          19.0 |              3.0 |   14259.4033203125 |  0.0007762199966236949 |         237512.0 | 17.0 | 30.0 |
          19.0 |              3.0 |   11764.2548828125 |  7.762199675198644e-05 |         237512.0 | 17.0 | 32.0 |
          19.0 |              3.0 |  3948.952880859375 |     0.1000019907951355 |         237512.0 | 17.0 | 35.0 |
          19.0 |              3.0 |   1927.22802734375 |  0.0019498199690133333 |         237512.0 | 17.0 | 37.0 |
          19.0 |              3.0 | 1922.8179931640625 |  0.0001318260037805885 |         237512.0 | 17.0 | 38.0 |
          19.0 |              3.0 |      31942.2109375 |    0.00407399982213974 |    237912.203125 | 18.0 | 21.0 |
          19.0 |              3.0 |         26625.3125 |  0.0015848800539970398 |    237912.203125 | 18.0 | 23.0 |
          19.0 |              3.0 |    21560.712890625 |  0.0005623599863611162 |    237912.203125 | 18.0 | 26.0 |
          19.0 |              3.0 |   15122.6298828125 |   0.006918400060385466 |    237912.203125 | 18.0 | 30.0 |
          19.0 |              3.0 |   12345.6552734375 |   0.000891240022610873 |    237912.203125 | 18.0 | 32.0 |
          19.0 |              3.0 |   7722.38818359375 |    0.01023279968649149 |    237912.203125 | 18.0 | 34.0 |
          19.0 |              3.0 |  4012.383056640625 |   0.003630799939855933 |    237912.203125 | 18.0 | 35.0 |
          19.0 |              3.0 |     3866.208984375 |    0.12302800267934799 |    237912.203125 | 18.0 | 36.0 |
          19.0 |              3.0 |    1942.2080078125 |    0.06165999919176102 |    237912.203125 | 18.0 | 37.0 |
          19.0 |              3.0 |   1937.72900390625 |   0.009332399815320969 |    237912.203125 | 18.0 | 38.0 |
          19.0 |              3.0 |    1550.5849609375 |   0.034673601388931274 |    237912.203125 | 18.0 | 39.0 |
          19.0 |              3.0 |     38645.76953125 |  0.0002089199988404289 |     238455.09375 | 19.0 | 21.0 |
          19.0 |              3.0 |     31125.73046875 | 0.00017378000484313816 |     238455.09375 | 19.0 | 23.0 |
          19.0 |              3.0 |    24419.923828125 |  0.0006918400176800787 |     238455.09375 | 19.0 | 26.0 |
          19.0 |              3.0 |     13232.82421875 |  0.0011220199521631002 |     238455.09375 | 19.0 | 32.0 |
          19.0 |              3.0 |       8060.4140625 |  0.0007762400200590491 |     238455.09375 | 19.0 | 34.0 |
          19.0 |              3.0 |     4101.759765625 |    0.07585799694061279 |     238455.09375 | 19.0 | 35.0 |
          19.0 |              3.0 |           3949.125 |    0.04466800019145012 |     238455.09375 | 19.0 | 36.0 |
          19.0 |              3.0 |    1958.3310546875 |   0.009549999609589577 |     238455.09375 | 19.0 | 38.0 |
          19.0 |              3.0 |    27070.138671875 |   0.009999999776482582 |     240829.90625 | 20.0 | 30.0 |
          19.0 |              3.0 |  2058.220947265625 |     1.4791200160980225 |     240829.90625 | 20.0 | 37.0 |
          19.0 |              3.0 |      88999.1484375 | 0.00012022799637634307 |         241042.0 | 21.0 | 24.0 |
          19.0 |              3.0 |         67335.3125 |  9.999999747378752e-06 |         241042.0 | 21.0 | 25.0 |
          19.0 |              3.0 |     48096.19140625 | 5.8884001191472635e-05 |         241042.0 | 21.0 | 27.0 |
          19.0 |              3.0 |      41547.9765625 |   0.000933239993173629 |         241042.0 | 21.0 | 28.0 |
          19.0 |              3.0 |     34409.28515625 |   0.010964799672365189 |         241042.0 | 21.0 | 29.0 |
          19.0 |              3.0 |    23033.595703125 |  0.0053703999146819115 |         241042.0 | 21.0 | 31.0 |
          19.0 |              3.0 |       17904.703125 |    0.03801880031824112 |         241042.0 | 21.0 | 33.0 |
          19.0 |              3.0 |     32463.94921875 | 3.0903000151738524e-05 |         241443.5 | 22.0 | 30.0 |
          19.0 |              3.0 |    21892.634765625 |  0.0038018999621272087 |         241443.5 | 22.0 | 32.0 |
          19.0 |              3.0 |   4674.97607421875 |     0.5248079895973206 |         241443.5 | 22.0 | 35.0 |
          19.0 |              3.0 |   2084.55908203125 |   0.032359201461076736 |         241443.5 | 22.0 | 37.0 |
          19.0 |              3.0 |   2079.39892578125 |     0.5754420161247253 |         241443.5 | 22.0 | 38.0 |
          19.0 |              3.0 |          56126.625 | 0.00012302599498070776 |         241667.0 | 23.0 | 28.0 |
          19.0 |              3.0 |            43840.0 |   0.008709600195288658 |         241667.0 | 23.0 | 29.0 |
          19.0 |              3.0 |     26908.38671875 |   0.007762399967759848 |         241667.0 | 23.0 | 31.0 |
          19.0 |              3.0 |    20161.478515625 |    0.07762400060892105 |         241667.0 | 23.0 | 33.0 |
          19.0 |              3.0 |     42402.65234375 |  0.0001445439993403852 |    242165.296875 | 24.0 | 30.0 |
          19.0 |              3.0 |    26002.736328125 | 0.00016218000382650644 |    242165.296875 | 24.0 | 32.0 |
          19.0 |              3.0 |   11500.7568359375 | 0.00026915199123322964 |    242165.296875 | 24.0 | 34.0 |
          19.0 |              3.0 |     4838.287109375 |    0.34673601388931274 |    242165.296875 | 24.0 | 35.0 |
          19.0 |              3.0 |     4627.326171875 |    0.30199599266052246 |    242165.296875 | 24.0 | 36.0 |
          19.0 |              3.0 |      2116.41796875 |   0.001047119963914156 |    242165.296875 | 24.0 | 37.0 |
          19.0 |              3.0 |   2111.09912109375 |   0.004466800019145012 |    242165.296875 | 24.0 | 38.0 |
          19.0 |              3.0 |   1660.06201171875 |    0.07943200320005417 |    242165.296875 | 24.0 | 39.0 |
          19.0 |              3.0 |       28700.578125 | 4.2658000893425196e-05 |    242526.703125 | 25.0 | 32.0 |
          19.0 |              3.0 |     11999.64453125 | 4.2658000893425196e-05 |    242526.703125 | 25.0 | 34.0 |
          19.0 |              3.0 |      4924.41796875 |    0.03388400003314018 |    242526.703125 | 25.0 | 35.0 |
          19.0 |              3.0 |    4706.0498046875 |    0.20418000221252441 |    242526.703125 | 25.0 | 36.0 |
          19.0 |              3.0 |       2127.3359375 |  0.0004073799937032163 |    242526.703125 | 25.0 | 38.0 |
          19.0 |              3.0 |      71490.8046875 | 0.00021379999816417694 |         242549.0 | 26.0 | 29.0 |
          19.0 |              3.0 |     35284.91015625 |   0.007244400214403868 |         242549.0 | 26.0 | 31.0 |
          19.0 |              3.0 |      24523.5546875 |    0.00426580011844635 |         242549.0 | 26.0 | 33.0 |
          19.0 |              3.0 |      71286.8984375 |  0.0004365179920569062 |     243120.59375 | 27.0 | 30.0 |
          19.0 |              3.0 |     34599.82421875 |  0.0014125199522823095 |     243120.59375 | 27.0 | 32.0 |
          19.0 |              3.0 |   5072.82177734375 |     0.5370299816131592 |     243120.59375 | 27.0 | 35.0 |
          19.0 |              3.0 |  2160.110107421875 |    0.03890459984540939 |     243120.59375 | 27.0 | 37.0 |
          19.0 |              3.0 |  2154.569091796875 |    0.19054800271987915 |     243120.59375 | 27.0 | 38.0 |
          19.0 |              3.0 |      93015.2109375 |  0.0003467359929345548 |    243448.203125 | 28.0 | 30.0 |
          19.0 |              3.0 |     39024.41015625 |  0.0001513559982413426 |    243448.203125 | 28.0 | 32.0 |
          19.0 |              3.0 |    13491.951171875 |  0.0018197200261056423 |    243448.203125 | 28.0 | 34.0 |
          19.0 |              3.0 |    5158.5751953125 |   0.047864001244306564 |    243448.203125 | 28.0 | 35.0 |
          19.0 |              3.0 |     4919.451171875 |     0.3388440012931824 |    243448.203125 | 28.0 | 36.0 |
          19.0 |              3.0 |  2175.511962890625 |    0.01548799965530634 |    243448.203125 | 28.0 | 37.0 |
          19.0 |              3.0 |   2169.89208984375 |  0.0010715200332924724 |    243448.203125 | 28.0 | 38.0 |
          19.0 |              3.0 |   1696.18603515625 |    0.04570800065994263 |    243448.203125 | 28.0 | 39.0 |
          19.0 |              3.0 |        48469.28125 |  6.456400296883658e-05 |     243947.40625 | 29.0 | 32.0 |
          19.0 |              3.0 |   14466.5693359375 |   0.013489600270986557 |     243947.40625 | 29.0 | 34.0 |
          19.0 |              3.0 |    5294.9677734375 |     0.4074000120162964 |     243947.40625 | 29.0 | 35.0 |
          19.0 |              3.0 |    5043.3408203125 |    0.19054800271987915 |     243947.40625 | 29.0 | 36.0 |
          19.0 |              3.0 |  2199.406982421875 |    0.10232800245285034 |     243947.40625 | 29.0 | 37.0 |
          19.0 |              3.0 |       2193.6640625 |    0.04265600070357323 |     243947.40625 | 29.0 | 38.0 |
          19.0 |              3.0 | 1710.6710205078125 |      0.575439989566803 |     243947.40625 | 29.0 | 39.0 |
          19.0 |              3.0 |     47547.19921875 |   0.012302400544285774 |         244523.0 | 30.0 | 33.0 |
          19.0 |              3.0 |     18257.51953125 |   0.005247999913990498 |    245382.296875 | 31.0 | 34.0 |
          19.0 |              3.0 |   5730.48193359375 |    0.10964799672365189 |    245382.296875 | 31.0 | 35.0 |
          19.0 |              3.0 |    5436.9072265625 |    0.09772399812936783 |    245382.296875 | 31.0 | 36.0 |
          19.0 |              3.0 |  2264.988037109375 |    0.11481600254774094 |    245382.296875 | 31.0 | 38.0 |
          19.0 |              3.0 |    23620.810546875 |   0.019498400390148163 |     246625.59375 | 33.0 | 34.0 |
          19.0 |              3.0 |    6170.2177734375 |    0.00346736004576087 |     246625.59375 | 33.0 | 35.0 |
          19.0 |              3.0 |   5831.19189453125 |   0.009119999594986439 |     246625.59375 | 33.0 | 36.0 |
          19.0 |              3.0 |    2337.1298828125 |     0.2884039878845215 |     246625.59375 | 33.0 | 37.0 |
          19.0 |              3.0 |   2330.64599609375 |    0.01698240078985691 |     246625.59375 | 33.0 | 38.0 |
          19.0 |              3.0 | 1792.8089599609375 |     1.9498399496078491 |     246625.59375 | 33.0 | 39.0 |
%CMFGEN