 Atomic Number | Ionization State |  Wavelength (Ang.) |             g_i*f_ik | E_i(cm^-1) |     i |     j |
          19.0 |              8.0 |    136.97900390625 | 0.019815271720290184 |   129209.0 | 333.0 | 666.0 |
          19.0 |              8.0 |  137.1179962158203 |  0.02818383276462555 |   129209.0 | 333.0 | 666.0 |
          19.0 |              8.0 |  137.2480010986328 |  0.03706807270646095 |   128097.0 | 333.0 | 666.0 |
          19.0 |              8.0 |  137.4239959716797 |  0.10964782536029816 |   131582.0 | 333.0 | 666.0 |
          19.0 |              8.0 |     137.4580078125 | 0.054575785994529724 |   129209.0 | 333.0 | 666.0 |
          19.0 |              8.0 | 137.56300354003906 |  0.14028137922286987 |   131582.0 | 333.0 | 666.0 |
          19.0 |              8.0 |  137.6009979248047 | 0.034593939781188965 |   129209.0 | 333.0 | 666.0 |
          19.0 |              8.0 |   137.906005859375 | 0.012133887968957424 |   131582.0 | 333.0 | 666.0 |
          19.0 |              8.0 |  138.8419952392578 | 0.022803422063589096 |   129209.0 | 333.0 | 666.0 |
          19.0 |              8.0 |  139.1009979248047 | 0.023659193888306618 |   131582.0 | 333.0 | 666.0 |
          19.0 |              8.0 | 143.80499267578125 |  0.21478305757045746 |        0.0 | 333.0 | 666.0 |
          19.0 |              8.0 |  155.7010040283203 |  0.15381546318531036 |   128097.0 | 333.0 | 666.0 |
          19.0 |              8.0 |  155.9510040283203 |    0.348337322473526 |   129209.0 | 333.0 | 666.0 |
          19.0 |              8.0 |  155.9759979248047 |  0.11694994568824768 |   129209.0 | 333.0 | 666.0 |
          19.0 |              8.0 |  156.4949951171875 |   0.6546361446380615 |   131582.0 | 333.0 | 666.0 |
          19.0 |              8.0 |  156.5330047607422 |  0.11857687681913376 |   131582.0 | 333.0 | 666.0 |
          19.0 |              8.0 | 172.02801513671875 |  0.20653802156448364 |   192537.0 | 333.0 | 666.0 |
          19.0 |              8.0 | 196.46099853515625 |   0.5874893665313721 |   300317.0 | 333.0 | 666.0 |
          19.0 |              8.0 | 198.53799438476562 |  0.09225714951753616 |   128097.0 | 333.0 | 666.0 |
          19.0 |              8.0 | 198.97799682617188 |   0.2779713273048401 |   129209.0 | 333.0 | 666.0 |
          19.0 |              8.0 | 199.92201232910156 |   0.4731512665748596 |   131582.0 | 333.0 | 666.0 |
          19.0 |              8.0 | 203.13699340820312 |  0.21928051114082336 |   306179.0 | 333.0 | 666.0 |
          19.0 |              8.0 |  203.7010040283203 |  0.17258378863334656 |   304820.0 | 333.0 | 666.0 |
          19.0 |              8.0 | 204.20098876953125 |    0.644169270992279 |   308756.0 | 333.0 | 666.0 |
          19.0 |              8.0 |   204.260009765625 |  0.12882496416568756 |   306179.0 | 333.0 | 666.0 |
          19.0 |              8.0 |  204.6439971923828 |  0.17906059324741364 |   306179.0 | 333.0 | 666.0 |
          19.0 |              8.0 | 205.34400939941406 |   0.1883648931980133 |   308756.0 | 333.0 | 666.0 |
          19.0 |              8.0 | 221.28099060058594 |   0.2137961983680725 |   192537.0 | 333.0 | 666.0 |
          19.0 |              8.0 | 230.65599060058594 |   2.5409727096557617 |   368127.0 | 333.0 | 666.0 |
          19.0 |              8.0 | 230.69400024414062 |    3.767037868499756 |   368206.0 | 333.0 | 666.0 |
          19.0 |              8.0 |             230.75 |    5.457578659057617 |   368337.0 | 333.0 | 666.0 |
          19.0 |              8.0 | 256.22198486328125 |    3.854783773422241 |   419030.0 | 333.0 | 666.0 |
          19.0 |              8.0 |  362.2750244140625 |   2.0796966552734375 |   300317.0 | 333.0 | 666.0 |
          19.0 |              8.0 | 373.58099365234375 |  0.09162205457687378 |   308756.0 | 333.0 | 666.0 |
          19.0 |              8.0 |    405.81298828125 |   1.8155156373977661 |   510993.0 | 333.0 | 666.0 |
          19.0 |              8.0 |  416.6419982910156 |   0.5093308687210083 |   128097.0 | 333.0 | 666.0 |
          19.0 |              8.0 | 418.45599365234375 |   1.1428782939910889 |   129209.0 | 333.0 | 666.0 |
          19.0 |              8.0 |  418.5820007324219 |   0.3801894187927246 |   129209.0 | 333.0 | 666.0 |
          19.0 |              8.0 |  420.8590087890625 |  0.12647363543510437 |   505184.0 | 333.0 | 666.0 |
          19.0 |              8.0 | 422.41400146484375 |    2.118361234664917 |   131582.0 | 333.0 | 666.0 |
          19.0 |              8.0 | 422.64300537109375 |   0.3775721788406372 |   131582.0 | 333.0 | 666.0 |
          19.0 |              8.0 | 423.73797607421875 |   1.9275249242782593 |   506945.0 | 333.0 | 666.0 |
          19.0 |              8.0 |  427.8509826660156 |   0.2426609992980957 |   304820.0 | 333.0 | 666.0 |
          19.0 |              8.0 | 429.46099853515625 |    0.993116021156311 |   306179.0 | 333.0 | 666.0 |
          19.0 |              8.0 |  430.3489990234375 |   0.7691304683685303 |   306179.0 | 333.0 | 666.0 |
          19.0 |              8.0 |  432.1419982910156 |   0.7834296226501465 |   304820.0 | 333.0 | 666.0 |
          19.0 |              8.0 |  432.6400146484375 |  0.26730063557624817 |   306179.0 | 333.0 | 666.0 |
          19.0 |              8.0 |  433.9779968261719 |   3.0269134044647217 |   308756.0 | 333.0 | 666.0 |
          19.0 |              8.0 |  434.2669982910156 |   1.1015392541885376 |   308756.0 | 333.0 | 666.0 |
          19.0 |              8.0 |      435.166015625 |  0.20183664560317993 |   308756.0 | 333.0 | 666.0 |
          19.0 |              8.0 |   436.426025390625 |   1.0327614545822144 |   306179.0 | 333.0 | 666.0 |
          19.0 |              8.0 |    439.02197265625 |   1.1015392541885376 |   357590.0 | 333.0 | 666.0 |
          19.0 |              8.0 |   439.614990234375 |  0.15488165616989136 |   308756.0 | 333.0 | 666.0 |
          19.0 |              8.0 | 440.10699462890625 |   12.882495880126953 |   535330.0 | 333.0 | 666.0 |
          19.0 |              8.0 | 440.20697021484375 |   0.9594006538391113 |   535330.0 | 333.0 | 666.0 |
          19.0 |              8.0 |  441.3819885253906 |  0.41591060161590576 |   308756.0 | 333.0 | 666.0 |
          19.0 |              8.0 | 441.85699462890625 |   0.4027170240879059 |   536211.0 | 333.0 | 666.0 |
          19.0 |              8.0 |  442.1239929199219 |   0.6918309926986694 |   536211.0 | 333.0 | 666.0 |
          19.0 |              8.0 |  444.1369934082031 |    0.500034511089325 |   537314.0 | 333.0 | 666.0 |
          19.0 |              8.0 |  446.4300231933594 |  0.23173947632312775 |   538541.0 | 333.0 | 666.0 |
          19.0 |              8.0 | 447.39898681640625 |   0.7328245043754578 |   539020.0 | 333.0 | 666.0 |
          19.0 |              8.0 |  447.7130126953125 |   0.7888601422309875 |   539175.0 | 333.0 | 666.0 |
          19.0 |              8.0 |  457.6520080566406 |   0.8531001210212708 |   585418.0 | 333.0 | 666.0 |
          19.0 |              8.0 |  474.8179931640625 |   1.3899526596069336 |   300317.0 | 333.0 | 666.0 |
          19.0 |              8.0 |      489.916015625 |   1.0139113664627075 |   538541.0 | 333.0 | 666.0 |
          19.0 |              8.0 | 490.73699951171875 |   2.9444217681884766 |   539175.0 | 333.0 | 666.0 |
          19.0 |              8.0 |  519.3820190429688 |   1.0964782238006592 |        0.0 | 333.0 | 666.0 |
          19.0 |              8.0 |   554.197998046875 |   3.4040818214416504 |   576421.0 | 333.0 | 666.0 |
          19.0 |              8.0 |  557.0159912109375 |  0.45603692531585693 |   129209.0 | 333.0 | 666.0 |
          19.0 |              8.0 |   561.594970703125 |  0.37844258546829224 |   128097.0 | 333.0 | 666.0 |
          19.0 |              8.0 |  564.4800415039062 |   1.3614447116851807 |   131582.0 | 333.0 | 666.0 |
          19.0 |              8.0 |  565.1319580078125 |   0.2818382978439331 |   129209.0 | 333.0 | 666.0 |
          19.0 |              8.0 |  569.5059814453125 |  0.37153521180152893 |   129209.0 | 333.0 | 666.0 |
          19.0 |              8.0 |  572.8200073242188 |  0.46025654673576355 |   131582.0 | 333.0 | 666.0 |
          19.0 |              8.0 |  581.3880004882812 |   0.7673614621162415 |   585418.0 | 333.0 | 666.0 |
          19.0 |              8.0 |  584.2229614257812 |  0.02089296467602253 |   129209.0 | 333.0 | 666.0 |
          19.0 |              8.0 |    584.85498046875 |   0.1757923662662506 |   368206.0 | 333.0 | 666.0 |
          19.0 |              8.0 |  585.3099975585938 |   1.1534532308578491 |   368337.0 | 333.0 | 666.0 |
          19.0 |              8.0 |  585.3930053710938 |   0.7961593270301819 |   368206.0 | 333.0 | 666.0 |
          19.0 |              8.0 |  586.7739868164062 |    0.583445131778717 |   368127.0 | 333.0 | 666.0 |
          19.0 |              8.0 |   591.052978515625 |  0.21037785708904266 |   368127.0 | 333.0 | 666.0 |
          19.0 |              8.0 |  592.4199829101562 |   0.0454988069832325 |   131582.0 | 333.0 | 666.0 |
          19.0 |              8.0 |  595.1610107421875 |   0.6081349849700928 |   368206.0 | 333.0 | 666.0 |
          19.0 |              8.0 |  598.8709716796875 |    1.009252905845642 |   368337.0 | 333.0 | 666.0 |
          19.0 |              8.0 |  601.2449951171875 |   0.8072350025177002 |   419030.0 | 333.0 | 666.0 |
          19.0 |              8.0 |  605.6799926757812 |   0.4255984127521515 |   192537.0 | 333.0 | 666.0 |
          19.0 |              8.0 |            635.625 |   2.4945948123931885 |   419030.0 | 333.0 | 666.0 |
          19.0 |              8.0 |    721.35400390625 |    1.264736294746399 |   368337.0 | 333.0 | 666.0 |
          19.0 |              8.0 |  729.9700317382812 |    0.839460015296936 |   368206.0 | 333.0 | 666.0 |
          19.0 |              8.0 |  730.6600341796875 |  0.12882496416568756 |   368337.0 | 333.0 | 666.0 |
          19.0 |              8.0 |  737.3300170898438 |   0.5420008897781372 |   368127.0 | 333.0 | 666.0 |
          19.0 |              8.0 |  737.7100219726562 |  0.11508003622293472 |   368206.0 | 333.0 | 666.0 |
          19.0 |              8.0 |  927.1700439453125 |  0.37068071961402893 |   192537.0 | 333.0 | 666.0 |
%NIST