 Atomic Number | Ionization State | Wavelength (Ang.) | g_i*f_ik | E_i(cm^-1) |    i |    j |
          19.0 |             19.0 |            3.3519 |      0.0 |        0.0 |  1.0 |  2.0 |
          19.0 |             19.0 |            3.3521 |   0.2773 |        0.0 |  1.0 |  3.0 |
          19.0 |             19.0 |            3.3467 |   0.5555 |        0.0 |  1.0 |  4.0 |
          19.0 |             19.0 |           18.0463 |   0.0272 | 29831984.0 |  3.0 |  5.0 |
          19.0 |             19.0 |            18.205 |   0.0544 | 29880266.0 |  4.0 |  5.0 |
          19.0 |             19.0 |             2.827 |   0.0527 |        0.0 |  1.0 |  6.0 |
          19.0 |             19.0 |           18.0529 |   0.2895 | 29833524.0 |  2.0 |  6.0 |
          19.0 |             19.0 |            2.8259 |   0.1056 |        0.0 |  1.0 |  7.0 |
          19.0 |             19.0 |           18.0064 |   0.5805 | 29833524.0 |  2.0 |  7.0 |
          19.0 |             19.0 |           18.0015 |    1.393 | 29831984.0 |  3.0 |  8.0 |
          19.0 |             19.0 |           18.1593 |   0.2786 | 29880266.0 |  4.0 |  8.0 |
          19.0 |             19.0 |           18.1437 |    2.506 | 29880266.0 |  4.0 |  9.0 |
          19.0 |             19.0 |            13.372 | 0.006094 | 29831984.0 |  3.0 | 10.0 |
          19.0 |             19.0 |           13.4589 |  0.01219 | 29880266.0 |  4.0 | 10.0 |
          19.0 |             19.0 |            51.612 |  0.06476 | 35372804.0 |  6.0 | 10.0 |
          19.0 |             19.0 |            51.996 |    0.129 | 35387110.0 |  7.0 | 10.0 |
          19.0 |             19.0 |            2.6802 |  0.01932 |        0.0 |  1.0 | 11.0 |
          19.0 |             19.0 |           13.3751 |  0.06852 | 29833524.0 |  2.0 | 11.0 |
          19.0 |             19.0 |             51.63 |    0.323 | 35373276.0 |  5.0 | 11.0 |
          19.0 |             19.0 |            52.001 |  0.03666 | 35387090.0 |  8.0 | 11.0 |
          19.0 |             19.0 |            2.6798 |   0.0387 |        0.0 |  1.0 | 12.0 |
          19.0 |             19.0 |           13.3643 |   0.1372 | 29833524.0 |  2.0 | 12.0 |
          19.0 |             19.0 |             51.47 |    0.647 | 35373276.0 |  5.0 | 12.0 |
          19.0 |             19.0 |            51.839 | 0.007333 | 35387090.0 |  8.0 | 12.0 |
          19.0 |             19.0 |            51.966 |  0.06598 | 35391816.0 |  9.0 | 12.0 |
          19.0 |             19.0 |           13.3616 |   0.2437 | 29831984.0 |  3.0 | 13.0 |
          19.0 |             19.0 |           13.4483 |  0.04875 | 29880266.0 |  4.0 | 13.0 |
          19.0 |             19.0 |            51.458 |    1.242 | 35372804.0 |  6.0 | 13.0 |
          19.0 |             19.0 |           13.4447 |   0.4388 | 29880266.0 |  4.0 | 14.0 |
          19.0 |             19.0 |            51.786 |    2.228 | 35387110.0 |  7.0 | 14.0 |
          19.0 |             19.0 |            51.785 |     4.07 | 35387090.0 |  8.0 | 15.0 |
          19.0 |             19.0 |            51.912 |   0.2907 | 35391816.0 |  9.0 | 15.0 |
          19.0 |             19.0 |            51.886 |    5.821 | 35391816.0 |  9.0 | 16.0 |
          19.0 |             19.0 |           11.9416 | 0.002428 | 29831984.0 |  3.0 | 17.0 |
          19.0 |             19.0 |           12.0108 | 0.004856 | 29880266.0 |  4.0 | 17.0 |
          19.0 |             19.0 |           35.2948 |   0.0149 | 35372804.0 |  6.0 | 17.0 |
          19.0 |             19.0 |           35.4739 |  0.02973 | 35387110.0 |  7.0 | 17.0 |
          19.0 |             19.0 |           111.612 |   0.1059 | 37310120.0 | 11.0 | 17.0 |
          19.0 |             19.0 |           112.368 |   0.2118 | 37316150.0 | 12.0 | 17.0 |
          19.0 |             19.0 |            2.6174 |  0.00929 |        0.0 |  1.0 | 18.0 |
          19.0 |             19.0 |           11.9439 |  0.02795 | 29833524.0 |  2.0 | 18.0 |
          19.0 |             19.0 |            35.302 |  0.08062 | 35373276.0 |  5.0 | 18.0 |
          19.0 |             19.0 |           35.4749 | 0.007372 | 35387090.0 |  8.0 | 18.0 |
          19.0 |             19.0 |            111.65 |   0.3627 | 37310320.0 | 10.0 | 18.0 |
          19.0 |             19.0 |            112.38 |  0.09278 | 37316144.0 | 13.0 | 18.0 |
          19.0 |             19.0 |            2.6172 |  0.01861 |        0.0 |  1.0 | 19.0 |
          19.0 |             19.0 |           11.9395 |  0.05597 | 29833524.0 |  2.0 | 19.0 |
          19.0 |             19.0 |           35.2635 |   0.1615 | 35373276.0 |  5.0 | 19.0 |
          19.0 |             19.0 |           35.4361 | 0.001475 | 35387090.0 |  8.0 | 19.0 |
          19.0 |             19.0 |           35.4956 |  0.01327 | 35391816.0 |  9.0 | 19.0 |
          19.0 |             19.0 |           111.266 |   0.7265 | 37310320.0 | 10.0 | 19.0 |
          19.0 |             19.0 |           111.992 |  0.01856 | 37316144.0 | 13.0 | 19.0 |
          19.0 |             19.0 |           112.243 |    0.167 | 37318140.0 | 14.0 | 19.0 |
          19.0 |             19.0 |           11.9373 |   0.0888 | 29831984.0 |  3.0 | 20.0 |
          19.0 |             19.0 |           12.0065 |  0.01776 | 29880266.0 |  4.0 | 20.0 |
          19.0 |             19.0 |           35.2577 |   0.2792 | 35372804.0 |  6.0 | 20.0 |
          19.0 |             19.0 |           35.4365 |  0.05572 | 35387110.0 |  7.0 | 20.0 |
          19.0 |             19.0 |           111.242 |     1.22 | 37310120.0 | 11.0 | 20.0 |
          19.0 |             19.0 |           111.993 |   0.2439 | 37316150.0 | 12.0 | 20.0 |
          19.0 |             19.0 |           12.0051 |   0.1598 | 29880266.0 |  4.0 | 21.0 |
          19.0 |             19.0 |           35.4236 |   0.5015 | 35387110.0 |  7.0 | 21.0 |
          19.0 |             19.0 |           111.865 |    2.195 | 37316150.0 | 12.0 | 21.0 |
          19.0 |             19.0 |           111.864 |    3.563 | 37316144.0 | 13.0 | 22.0 |
          19.0 |             19.0 |           112.115 |   0.2545 | 37318140.0 | 14.0 | 22.0 |
          19.0 |             19.0 |           112.051 |    5.091 | 37318140.0 | 14.0 | 23.0 |
          19.0 |             19.0 |            112.05 |      8.1 | 37318136.0 | 15.0 | 24.0 |
          19.0 |             19.0 |           112.137 |    10.47 | 37319132.0 | 16.0 | 25.0 |
%CHIANTI