 Atomic Number | Ionization State | Wavelength (Ang.) | g_i*f_ik | E_i(cm^-1) |    i |    j |
          13.0 |             13.0 |            7.1761 |      0.0 |        0.0 |  1.0 |  2.0 |
          13.0 |             13.0 |            7.1763 |   0.2772 |        0.0 |  1.0 |  3.0 |
          13.0 |             13.0 |            7.1709 |   0.5552 |        0.0 |  1.0 |  4.0 |
          13.0 |             13.0 |           38.6952 |  0.02718 | 13934725.0 |  3.0 |  5.0 |
          13.0 |             13.0 |           38.8532 |  0.05436 | 13945238.0 |  4.0 |  5.0 |
          13.0 |             13.0 |            6.0537 |  0.05268 |        0.0 |  1.0 |  6.0 |
          13.0 |             13.0 |           38.7031 |   0.2896 | 13935134.0 |  2.0 |  6.0 |
          13.0 |             13.0 |            6.0525 |   0.1055 |        0.0 |  1.0 |  7.0 |
          13.0 |             13.0 |           38.6565 |   0.5802 | 13935134.0 |  2.0 |  7.0 |
          13.0 |             13.0 |           38.6505 |    1.392 | 13934725.0 |  3.0 |  8.0 |
          13.0 |             13.0 |           38.8082 |   0.2783 | 13945238.0 |  4.0 |  8.0 |
          13.0 |             13.0 |           38.7926 |    2.505 | 13945238.0 |  4.0 |  9.0 |
          13.0 |             13.0 |           28.6675 |  0.00609 | 13934725.0 |  3.0 | 10.0 |
          13.0 |             13.0 |           28.7542 |  0.01218 | 13945238.0 |  4.0 | 10.0 |
          13.0 |             13.0 |           110.609 |   0.0645 | 16518905.0 |  6.0 | 10.0 |
          13.0 |             13.0 |           110.991 |    0.129 | 16522020.0 |  7.0 | 10.0 |
          13.0 |             13.0 |            5.7396 |  0.01931 |        0.0 |  1.0 | 11.0 |
          13.0 |             13.0 |           28.6713 |  0.06846 | 13935134.0 |  2.0 | 11.0 |
          13.0 |             13.0 |            110.63 |   0.3228 | 16519027.0 |  5.0 | 11.0 |
          13.0 |             13.0 |           110.997 |  0.03663 | 16522015.0 |  8.0 | 11.0 |
          13.0 |             13.0 |            5.7391 |  0.03867 |        0.0 |  1.0 | 12.0 |
          13.0 |             13.0 |           28.6605 |   0.1371 | 13935134.0 |  2.0 | 12.0 |
          13.0 |             13.0 |            110.47 |   0.6466 | 16519027.0 |  5.0 | 12.0 |
          13.0 |             13.0 |           110.835 | 0.007328 | 16522015.0 |  8.0 | 12.0 |
          13.0 |             13.0 |           110.963 |  0.06594 | 16523049.0 |  9.0 | 12.0 |
          13.0 |             13.0 |           28.6572 |   0.2436 | 13934725.0 |  3.0 | 13.0 |
          13.0 |             13.0 |           28.7438 |  0.04872 | 13945238.0 |  4.0 | 13.0 |
          13.0 |             13.0 |           110.455 |    1.237 | 16518905.0 |  6.0 | 13.0 |
          13.0 |             13.0 |           110.836 |   0.2473 | 16522020.0 |  7.0 | 13.0 |
          13.0 |             13.0 |           28.7402 |   0.4385 | 13945238.0 |  4.0 | 14.0 |
          13.0 |             13.0 |           110.783 |    2.226 | 16522020.0 |  7.0 | 14.0 |
          13.0 |             13.0 |           110.782 |    4.072 | 16522015.0 |  8.0 | 15.0 |
          13.0 |             13.0 |           110.909 |   0.2909 | 16523049.0 |  9.0 | 15.0 |
          13.0 |             13.0 |           110.882 |    5.817 | 16523049.0 |  9.0 | 16.0 |
          13.0 |             13.0 |           25.5984 | 0.002426 | 13934725.0 |  3.0 | 17.0 |
          13.0 |             13.0 |           25.6675 | 0.004852 | 13945238.0 |  4.0 | 17.0 |
          13.0 |             13.0 |            75.625 |  0.01486 | 16518905.0 |  6.0 | 17.0 |
          13.0 |             13.0 |            75.803 |  0.02971 | 16522020.0 |  7.0 | 17.0 |
          13.0 |             13.0 |           239.073 |   0.1058 | 17422940.0 | 11.0 | 17.0 |
          13.0 |             13.0 |           239.827 |   0.2116 | 17424254.0 | 12.0 | 17.0 |
          13.0 |             13.0 |             5.605 | 0.009284 |        0.0 |  1.0 | 18.0 |
          13.0 |             13.0 |           25.6012 |  0.02793 | 13935134.0 |  2.0 | 18.0 |
          13.0 |             13.0 |            75.633 |  0.08059 | 16519027.0 |  5.0 | 18.0 |
          13.0 |             13.0 |           239.117 |   0.3624 | 17422992.0 | 10.0 | 18.0 |
          13.0 |             13.0 |            75.805 | 0.007366 | 16522015.0 |  8.0 | 18.0 |
          13.0 |             13.0 |            239.84 |  0.09273 | 17424252.0 | 13.0 | 18.0 |
          13.0 |             13.0 |            5.6048 |   0.0186 |        0.0 |  1.0 | 19.0 |
          13.0 |             13.0 |           25.5968 |  0.05593 | 13935134.0 |  2.0 | 19.0 |
          13.0 |             13.0 |            75.595 |   0.1614 | 16519027.0 |  5.0 | 19.0 |
          13.0 |             13.0 |           238.734 |    0.726 | 17422992.0 | 10.0 | 19.0 |
          13.0 |             13.0 |            75.766 | 0.001474 | 16522015.0 |  8.0 | 19.0 |
          13.0 |             13.0 |            75.825 |  0.01326 | 16523049.0 |  9.0 | 19.0 |
          13.0 |             13.0 |           239.454 |  0.01855 | 17424252.0 | 13.0 | 19.0 |
          13.0 |             13.0 |           239.705 |   0.1669 | 17424688.0 | 14.0 | 19.0 |
          13.0 |             13.0 |           25.5942 |  0.08874 | 13934725.0 |  3.0 | 20.0 |
          13.0 |             13.0 |           25.6632 |  0.01775 | 13945238.0 |  4.0 | 20.0 |
          13.0 |             13.0 |            75.588 |   0.2784 | 16518905.0 |  6.0 | 20.0 |
          13.0 |             13.0 |           238.705 |    1.219 | 17422940.0 | 11.0 | 20.0 |
          13.0 |             13.0 |           239.456 |   0.2437 | 17424254.0 | 12.0 | 20.0 |
          13.0 |             13.0 |           25.6617 |   0.1597 | 13945238.0 |  4.0 | 21.0 |
          13.0 |             13.0 |            75.754 |   0.5011 | 16522020.0 |  7.0 | 21.0 |
          13.0 |             13.0 |           239.328 |    2.193 | 17424254.0 | 12.0 | 21.0 |
          13.0 |             13.0 |           239.327 |    3.561 | 17424252.0 | 13.0 | 22.0 |
          13.0 |             13.0 |           239.577 |   0.2544 | 17424688.0 | 14.0 | 22.0 |
          13.0 |             13.0 |           239.514 |    5.088 | 17424688.0 | 14.0 | 23.0 |
          13.0 |             13.0 |           239.513 |    8.076 | 17424688.0 | 15.0 | 24.0 |
          13.0 |             13.0 |             239.6 |    10.47 | 17424904.0 | 16.0 | 25.0 |
%CHIANTI