 Atomic Number | Ionization State | Wavelength (Ang.) |  g_i*f_ik | E_i(cm^-1) |    i |    j |
          18.0 |             12.0 |          1054.685 |       0.0 |        0.0 |  1.0 |  2.0 |
          18.0 |             12.0 |          1018.724 |       0.0 |        0.0 |  1.0 |  3.0 |
          18.0 |             12.0 |         29877.502 |       0.0 |    94815.0 |  2.0 |  3.0 |
          18.0 |             12.0 |           670.354 |       0.0 |        0.0 |  1.0 |  4.0 |
          18.0 |             12.0 |          1839.588 |       0.0 |    94815.0 |  2.0 |  4.0 |
          18.0 |             12.0 |          1960.285 |       0.0 |    98162.0 |  3.0 |  4.0 |
          18.0 |             12.0 |            649.14 |       0.0 |        0.0 |  1.0 |  5.0 |
          18.0 |             12.0 |          1688.191 |       0.0 |    94815.0 |  2.0 |  5.0 |
          18.0 |             12.0 |          1789.293 |       0.0 |    98162.0 |  3.0 |  5.0 |
          18.0 |             12.0 |          20512.82 |       0.0 |   149175.0 |  4.0 |  5.0 |
          18.0 |             12.0 |           224.249 |    0.2933 |        0.0 |  1.0 |  6.0 |
          18.0 |             12.0 |           284.805 | 0.0005247 |    94815.0 |  2.0 |  6.0 |
          18.0 |             12.0 |           287.546 | 0.0009373 |    98162.0 |  3.0 |  6.0 |
          18.0 |             12.0 |           342.604 | 0.0004842 |   154050.0 |  5.0 |  6.0 |
          18.0 |             12.0 |           218.293 |    0.2017 |        0.0 |  1.0 |  7.0 |
          18.0 |             12.0 |           277.826 | 5.035e-05 |    98162.0 |  3.0 |  7.0 |
          18.0 |             12.0 |           328.893 | 0.0007172 |   154050.0 |  5.0 |  7.0 |
          18.0 |             12.0 |           215.497 |     0.103 |        0.0 |  1.0 |  8.0 |
          18.0 |             12.0 |           270.835 | 7.513e-05 |    94815.0 |  2.0 |  8.0 |
          18.0 |             12.0 |           317.593 | 0.0001503 |   149175.0 |  4.0 |  8.0 |
          18.0 |             12.0 |           162.919 | 9.783e-05 |        0.0 |  1.0 |  9.0 |
          18.0 |             12.0 |           192.683 |    0.3478 |    94815.0 |  2.0 |  9.0 |
          18.0 |             12.0 |           193.933 |    0.0193 |    98162.0 |  3.0 |  9.0 |
          18.0 |             12.0 |           215.226 |   0.04906 |   149175.0 |  4.0 |  9.0 |
          18.0 |             12.0 |           217.508 |  0.000539 |   154050.0 |  5.0 |  9.0 |
          18.0 |             12.0 |           162.752 | 1.134e-05 |        0.0 |  1.0 | 10.0 |
          18.0 |             12.0 |            192.45 |  0.007435 |    94815.0 |  2.0 | 10.0 |
          18.0 |             12.0 |           193.697 |    0.4817 |    98162.0 |  3.0 | 10.0 |
          18.0 |             12.0 |           217.211 |    0.1202 |   154050.0 |  5.0 | 10.0 |
          18.0 |             12.0 |           139.806 | 0.0003757 |        0.0 |  1.0 | 11.0 |
          18.0 |             12.0 |            161.17 |   0.06099 |    94815.0 |  2.0 | 11.0 |
          18.0 |             12.0 |           176.647 |      0.14 |   149175.0 |  4.0 | 11.0 |
          18.0 |             12.0 |           178.181 |    0.1111 |   154050.0 |  5.0 | 11.0 |
          18.0 |             12.0 |           134.095 |  0.001887 |        0.0 |  1.0 | 12.0 |
          18.0 |             12.0 |           153.628 |    0.1261 |    94815.0 |  2.0 | 12.0 |
          18.0 |             12.0 |           154.422 |    0.6894 |    98162.0 |  3.0 | 12.0 |
          18.0 |             12.0 |           167.627 |   0.05063 |   149175.0 |  4.0 | 12.0 |
          18.0 |             12.0 |           169.008 |    0.1389 |   154050.0 |  5.0 | 12.0 |
          18.0 |             12.0 |           131.269 | 0.0002074 |        0.0 |  1.0 | 13.0 |
          18.0 |             12.0 |           149.929 |    0.2384 |    94815.0 |  2.0 | 13.0 |
          18.0 |             12.0 |           163.233 |   0.04498 |   149175.0 |  4.0 | 13.0 |
          18.0 |             12.0 |           164.542 |    0.2095 |   154050.0 |  5.0 | 13.0 |
          18.0 |             12.0 |           138.763 |  0.001673 |   445932.0 |  6.0 | 14.0 |
          18.0 |             12.0 |           141.146 | 0.0005661 |   458100.0 |  7.0 | 14.0 |
          18.0 |             12.0 |            142.34 | 0.0001647 |   464043.0 |  8.0 | 14.0 |
          18.0 |             12.0 |           180.903 |   0.07465 |   613803.0 |  9.0 | 14.0 |
          18.0 |             12.0 |           181.109 |    0.4342 |   614431.0 | 10.0 | 14.0 |
          18.0 |             12.0 |           221.578 |   0.07698 |   715277.0 | 11.0 | 14.0 |
          18.0 |             12.0 |           237.616 |    0.5186 |   745738.0 | 12.0 | 14.0 |
          18.0 |             12.0 |           247.043 |   0.07194 |   761797.0 | 13.0 | 14.0 |
          18.0 |             12.0 |           137.345 | 4.276e-05 |   458100.0 |  7.0 | 15.0 |
          18.0 |             12.0 |           138.475 |   0.00028 |   464043.0 |  8.0 | 15.0 |
          18.0 |             12.0 |           174.706 |    0.2252 |   613803.0 |  9.0 | 15.0 |
          18.0 |             12.0 |           212.352 |  0.000659 |   715277.0 | 11.0 | 15.0 |
          18.0 |             12.0 |           227.038 |    0.1321 |   745738.0 | 12.0 | 15.0 |
          18.0 |             12.0 |           235.629 |    0.2357 |   761797.0 | 13.0 | 15.0 |
          18.0 |             12.0 |           34.8797 |     0.075 |        0.0 |  1.0 | 16.0 |
          18.0 |             12.0 |           36.0726 |  0.003002 |    94815.0 |  2.0 | 16.0 |
          18.0 |             12.0 |           36.7941 | 0.0001298 |   149175.0 |  4.0 | 16.0 |
          18.0 |             12.0 |           36.8602 | 0.0003458 |   154050.0 |  5.0 | 16.0 |
          18.0 |             12.0 |           34.7802 |    0.1484 |        0.0 |  1.0 | 17.0 |
          18.0 |             12.0 |           35.9662 |  0.001392 |    94815.0 |  2.0 | 17.0 |
          18.0 |             12.0 |           36.0096 |   0.00359 |    98162.0 |  3.0 | 17.0 |
          18.0 |             12.0 |           36.6834 | 0.0002011 |   149175.0 |  4.0 | 17.0 |
          18.0 |             12.0 |           36.7492 |   0.00089 |   154050.0 |  5.0 | 17.0 |
          18.0 |             12.0 |           34.6705 |    0.2207 |        0.0 |  1.0 | 18.0 |
          18.0 |             12.0 |           35.8489 | 0.0001683 |    94815.0 |  2.0 | 18.0 |
          18.0 |             12.0 |            35.892 |  0.005811 |    98162.0 |  3.0 | 18.0 |
          18.0 |             12.0 |           36.6267 | 4.018e-06 |   154050.0 |  5.0 | 18.0 |
          18.0 |             12.0 |           34.5028 | 0.0002192 |        0.0 |  1.0 | 19.0 |
          18.0 |             12.0 |           35.7329 |    0.1739 |    94815.0 |  2.0 | 19.0 |
          18.0 |             12.0 |           36.4321 |   0.06291 |   149175.0 |  4.0 | 19.0 |
          18.0 |             12.0 |           36.4997 |  0.009544 |   154050.0 |  5.0 | 19.0 |
          18.0 |             12.0 |           34.3418 | 0.0001237 |        0.0 |  1.0 | 20.0 |
          18.0 |             12.0 |           35.4977 |  0.001002 |    94815.0 |  2.0 | 20.0 |
          18.0 |             12.0 |           35.5399 |    0.2741 |    98162.0 |  3.0 | 20.0 |
          18.0 |             12.0 |           36.1961 |    0.0569 |   149175.0 |  4.0 | 20.0 |
          18.0 |             12.0 |           36.2601 |    0.1578 |   154050.0 |  5.0 | 20.0 |
          18.0 |             12.0 |           33.8033 |  0.001013 |        0.0 |  1.0 | 21.0 |
          18.0 |             12.0 |           34.9832 |    0.0548 |    94815.0 |  2.0 | 21.0 |
          18.0 |             12.0 |           35.0272 |    0.2902 |    98162.0 |  3.0 | 21.0 |
          18.0 |             12.0 |           35.7179 |   0.08875 |   154050.0 |  5.0 | 21.0 |
          18.0 |             12.0 |           33.7949 | 0.0001497 |        0.0 |  1.0 | 22.0 |
          18.0 |             12.0 |           34.9741 |    0.1491 |    94815.0 |  2.0 | 22.0 |
          18.0 |             12.0 |           35.0182 |  0.002034 |    98162.0 |  3.0 | 22.0 |
          18.0 |             12.0 |           35.6438 |   0.04732 |   149175.0 |  4.0 | 22.0 |
          18.0 |             12.0 |           35.7084 |    0.1022 |   154050.0 |  5.0 | 22.0 |
          18.0 |             12.0 |           33.4355 |       0.0 |        0.0 |  1.0 | 23.0 |
          18.0 |             12.0 |           34.5894 |       0.0 |    94815.0 |  2.0 | 23.0 |
          18.0 |             12.0 |           34.6325 |       0.0 |    98162.0 |  3.0 | 23.0 |
          18.0 |             12.0 |           35.3075 |       0.0 |   154050.0 |  5.0 | 23.0 |
          18.0 |             12.0 |           39.5709 | 5.224e-05 |   458100.0 |  7.0 | 23.0 |
          18.0 |             12.0 |           39.6672 | 0.0002121 |   464043.0 |  8.0 | 23.0 |
          18.0 |             12.0 |            42.322 |  2.36e-05 |   613803.0 |  9.0 | 23.0 |
          18.0 |             12.0 |           44.2443 | 3.152e-05 |   715277.0 | 11.0 | 23.0 |
          18.0 |             12.0 |           44.9059 | 3.661e-05 |   745738.0 | 12.0 | 23.0 |
          18.0 |             12.0 |           45.2416 | 8.977e-05 |   761797.0 | 13.0 | 23.0 |
          18.0 |             12.0 |           790.243 |    0.1288 |  2867000.0 | 16.0 | 23.0 |
          18.0 |             12.0 |           847.476 |   0.03204 |  2875200.0 | 17.0 | 23.0 |
          18.0 |             12.0 |          1080.927 |  0.009765 |  2898317.0 | 19.0 | 23.0 |
          18.0 |             12.0 |          1260.101 |  0.009079 |  2911900.0 | 20.0 | 23.0 |
          18.0 |             12.0 |          3144.446 | 0.0001252 |  2959028.0 | 22.0 | 23.0 |
          18.0 |             12.0 |           33.5245 |       0.0 |        0.0 |  1.0 | 24.0 |
          18.0 |             12.0 |           34.6847 |       0.0 |    94815.0 |  2.0 | 24.0 |
          18.0 |             12.0 |            34.728 |       0.0 |    98162.0 |  3.0 | 24.0 |
          18.0 |             12.0 |           35.4068 |       0.0 |   154050.0 |  5.0 | 24.0 |
          18.0 |             12.0 |           39.6956 | 0.0004344 |   458100.0 |  7.0 | 24.0 |
          18.0 |             12.0 |           39.7925 | 0.0002309 |   464043.0 |  8.0 | 24.0 |
          18.0 |             12.0 |           42.4647 | 0.0002141 |   613803.0 |  9.0 | 24.0 |
          18.0 |             12.0 |           44.4002 | 2.317e-07 |   715277.0 | 11.0 | 24.0 |
          18.0 |             12.0 |           45.0666 |  0.000772 |   745738.0 | 12.0 | 24.0 |
          18.0 |             12.0 |           45.4047 | 2.781e-05 |   761797.0 | 13.0 | 24.0 |
          18.0 |             12.0 |           843.144 |   0.04449 |  2867000.0 | 16.0 | 24.0 |
          18.0 |             12.0 |           908.614 |  0.005885 |  2875200.0 | 17.0 | 24.0 |
          18.0 |             12.0 |          1182.404 |   0.04157 |  2898317.0 | 19.0 | 24.0 |
          18.0 |             12.0 |          1400.187 |    0.0394 |  2911900.0 | 20.0 | 24.0 |
          18.0 |             12.0 |           33.3955 |       0.0 |        0.0 |  1.0 | 25.0 |
          18.0 |             12.0 |           34.5895 |       0.0 |    98162.0 |  3.0 | 25.0 |
          18.0 |             12.0 |           35.1997 |       0.0 |   149175.0 |  4.0 | 25.0 |
          18.0 |             12.0 |           35.2628 |       0.0 |   154050.0 |  5.0 | 25.0 |
          18.0 |             12.0 |           39.3198 | 0.0007285 |   445932.0 |  6.0 | 25.0 |
          18.0 |             12.0 |           39.5147 | 0.0001725 |   458100.0 |  7.0 | 25.0 |
          18.0 |             12.0 |           39.6108 | 0.0009243 |   464043.0 |  8.0 | 25.0 |
          18.0 |             12.0 |           42.2578 | 1.817e-05 |   613803.0 |  9.0 | 25.0 |
          18.0 |             12.0 |           42.2724 | 5.709e-05 |   614431.0 | 10.0 | 25.0 |
          18.0 |             12.0 |           44.1741 | 7.526e-06 |   715277.0 | 11.0 | 25.0 |
          18.0 |             12.0 |           44.8337 | 4.907e-05 |   745738.0 | 12.0 | 25.0 |
          18.0 |             12.0 |           45.1683 | 6.641e-06 |   761797.0 | 13.0 | 25.0 |
          18.0 |             12.0 |           768.448 |    0.2545 |  2867000.0 | 16.0 | 25.0 |
          18.0 |             12.0 |            822.46 |    0.1253 |  2875200.0 | 17.0 | 25.0 |
          18.0 |             12.0 |           905.616 |  0.002005 |  2884300.0 | 18.0 | 25.0 |
          18.0 |             12.0 |          1040.559 |  0.001975 |  2898317.0 | 19.0 | 25.0 |
          18.0 |             12.0 |          1205.578 | 5.037e-05 |  2911900.0 | 20.0 | 25.0 |
          18.0 |             12.0 |           33.3061 |       0.0 |        0.0 |  1.0 | 26.0 |
          18.0 |             12.0 |           34.4509 |       0.0 |    94815.0 |  2.0 | 26.0 |
          18.0 |             12.0 |            39.196 | 0.0003065 |   445932.0 |  6.0 | 26.0 |
          18.0 |             12.0 |           39.3897 |  0.002055 |   458100.0 |  7.0 | 26.0 |
          18.0 |             12.0 |           42.1148 | 2.958e-05 |   613803.0 |  9.0 | 26.0 |
          18.0 |             12.0 |           42.1293 | 4.787e-06 |   614431.0 | 10.0 | 26.0 |
          18.0 |             12.0 |           44.6728 | 4.022e-07 |   745738.0 | 12.0 | 26.0 |
          18.0 |             12.0 |            771.49 |    0.5261 |  2875200.0 | 17.0 | 26.0 |
          18.0 |             12.0 |           844.202 |   0.05394 |  2884300.0 | 18.0 | 26.0 |
          18.0 |             12.0 |          1099.135 |  0.001848 |  2911900.0 | 20.0 | 26.0 |
          18.0 |             12.0 |            33.232 |       0.0 |        0.0 |  1.0 | 27.0 |
          18.0 |             12.0 |           34.3717 |       0.0 |    94815.0 |  2.0 | 27.0 |
          18.0 |             12.0 |           34.4142 |       0.0 |    98162.0 |  3.0 | 27.0 |
          18.0 |             12.0 |           39.2861 |  0.005871 |   458100.0 |  7.0 | 27.0 |
          18.0 |             12.0 |           39.3811 |  0.001046 |   464043.0 |  8.0 | 27.0 |
          18.0 |             12.0 |           41.9964 |  0.000102 |   613803.0 |  9.0 | 27.0 |
          18.0 |             12.0 |           43.8886 | 4.952e-07 |   715277.0 | 11.0 | 27.0 |
          18.0 |             12.0 |           44.5396 | 0.0001175 |   745738.0 | 12.0 | 27.0 |
          18.0 |             12.0 |           44.8698 | 4.067e-06 |   761797.0 | 13.0 | 27.0 |
          18.0 |             12.0 |           690.325 |   0.01661 |  2867000.0 | 16.0 | 27.0 |
          18.0 |             12.0 |           733.604 |    0.1553 |  2875200.0 | 17.0 | 27.0 |
          18.0 |             12.0 |            902.29 |   0.01084 |  2898317.0 | 19.0 | 27.0 |
          18.0 |             12.0 |          1023.807 |   0.01019 |  2911900.0 | 20.0 | 27.0 |
          18.0 |             12.0 |           33.2258 |       0.0 |        0.0 |  1.0 | 28.0 |
          18.0 |             12.0 |            34.365 |       0.0 |    94815.0 |  2.0 | 28.0 |
          18.0 |             12.0 |           34.4075 |       0.0 |    98162.0 |  3.0 | 28.0 |
          18.0 |             12.0 |           35.0113 |       0.0 |   149175.0 |  4.0 | 28.0 |
          18.0 |             12.0 |           35.0737 |       0.0 |   154050.0 |  5.0 | 28.0 |
          18.0 |             12.0 |           39.0849 |   0.01422 |   445932.0 |  6.0 | 28.0 |
          18.0 |             12.0 |           39.2774 | 0.0001563 |   458100.0 |  7.0 | 28.0 |
          18.0 |             12.0 |           39.3724 |  0.001881 |   464043.0 |  8.0 | 28.0 |
          18.0 |             12.0 |           41.9865 | 2.742e-05 |   613803.0 |  9.0 | 28.0 |
          18.0 |             12.0 |           42.0009 | 8.329e-05 |   614431.0 | 10.0 | 28.0 |
          18.0 |             12.0 |           43.8777 | 5.306e-05 |   715277.0 | 11.0 | 28.0 |
          18.0 |             12.0 |           44.5284 | 2.865e-05 |   745738.0 | 12.0 | 28.0 |
          18.0 |             12.0 |           44.8585 | 0.0001205 |   761797.0 | 13.0 | 28.0 |
          18.0 |             12.0 |           687.647 |    0.1128 |  2867000.0 | 16.0 | 28.0 |
          18.0 |             12.0 |           730.581 |     0.164 |  2875200.0 | 17.0 | 28.0 |
          18.0 |             12.0 |           795.462 |    0.1062 |  2884300.0 | 18.0 | 28.0 |
          18.0 |             12.0 |           897.721 |  0.006513 |  2898317.0 | 19.0 | 28.0 |
          18.0 |             12.0 |          1017.928 |  0.003459 |  2911900.0 | 20.0 | 28.0 |
          18.0 |             12.0 |          1973.081 | 0.0006961 |  2959028.0 | 22.0 | 28.0 |
          18.0 |             12.0 |           33.1928 |       0.0 |        0.0 |  1.0 | 29.0 |
          18.0 |             12.0 |           34.3297 |       0.0 |    94815.0 |  2.0 | 29.0 |
          18.0 |             12.0 |           34.3721 |       0.0 |    98162.0 |  3.0 | 29.0 |
          18.0 |             12.0 |           39.0392 |  0.001148 |   445932.0 |  6.0 | 29.0 |
          18.0 |             12.0 |           41.9482 | 0.0001846 |   614431.0 | 10.0 | 29.0 |
          18.0 |             12.0 |            776.98 |    0.7809 |  2884300.0 | 18.0 | 29.0 |
          18.0 |             12.0 |           33.1514 |       0.0 |        0.0 |  1.0 | 30.0 |
          18.0 |             12.0 |           34.2854 |       0.0 |    94815.0 |  2.0 | 30.0 |
          18.0 |             12.0 |           34.3277 |       0.0 |    98162.0 |  3.0 | 30.0 |
          18.0 |             12.0 |           34.9287 |       0.0 |   149175.0 |  4.0 | 30.0 |
          18.0 |             12.0 |           34.9908 |       0.0 |   154050.0 |  5.0 | 30.0 |
          18.0 |             12.0 |           38.9819 |   0.01457 |   445932.0 |  6.0 | 30.0 |
          18.0 |             12.0 |           39.1735 |  0.004501 |   458100.0 |  7.0 | 30.0 |
          18.0 |             12.0 |           41.8677 |  3.37e-05 |   613803.0 |  9.0 | 30.0 |
          18.0 |             12.0 |           41.8821 | 2.769e-05 |   614431.0 | 10.0 | 30.0 |
          18.0 |             12.0 |           44.3949 | 0.0003757 |   745738.0 | 12.0 | 30.0 |
          18.0 |             12.0 |           696.214 |   0.05933 |  2875200.0 | 17.0 | 30.0 |
          18.0 |             12.0 |           754.889 |    0.4802 |  2884300.0 | 18.0 | 30.0 |
          18.0 |             12.0 |           952.422 |   0.02757 |  2911900.0 | 20.0 | 30.0 |
          18.0 |             12.0 |          1718.919 |  0.004146 |  2958290.8 | 21.0 | 30.0 |
          18.0 |             12.0 |          1740.983 | 0.0005019 |  2959028.0 | 22.0 | 30.0 |
          18.0 |             12.0 |           33.0525 |       0.0 |        0.0 |  1.0 | 31.0 |
          18.0 |             12.0 |           34.1796 |       0.0 |    94815.0 |  2.0 | 31.0 |
          18.0 |             12.0 |           34.2217 |       0.0 |    98162.0 |  3.0 | 31.0 |
          18.0 |             12.0 |           34.8189 |       0.0 |   149175.0 |  4.0 | 31.0 |
          18.0 |             12.0 |           34.8806 |       0.0 |   154050.0 |  5.0 | 31.0 |
          18.0 |             12.0 |           38.8452 |  0.001405 |   445932.0 |  6.0 | 31.0 |
          18.0 |             12.0 |           39.0354 | 1.752e-05 |   458100.0 |  7.0 | 31.0 |
          18.0 |             12.0 |           39.1292 | 4.875e-05 |   464043.0 |  8.0 | 31.0 |
          18.0 |             12.0 |           41.7101 | 4.579e-05 |   613803.0 |  9.0 | 31.0 |
          18.0 |             12.0 |           41.7243 | 0.0001117 |   614431.0 | 10.0 | 31.0 |
          18.0 |             12.0 |            43.576 | 0.0001302 |   715277.0 | 11.0 | 31.0 |
          18.0 |             12.0 |           44.2177 | 0.0002784 |   745738.0 | 12.0 | 31.0 |
          18.0 |             12.0 |           44.5431 | 0.0009585 |   761797.0 | 13.0 | 31.0 |
          18.0 |             12.0 |           620.327 |  0.001746 |  2867000.0 | 16.0 | 31.0 |
          18.0 |             12.0 |           655.053 |   0.01279 |  2875200.0 | 17.0 | 31.0 |
          18.0 |             12.0 |           706.739 |  0.002664 |  2884300.0 | 18.0 | 31.0 |
          18.0 |             12.0 |           786.317 |    0.2336 |  2898317.0 | 19.0 | 31.0 |
          18.0 |             12.0 |           877.034 |   0.06678 |  2911900.0 | 20.0 | 31.0 |
          18.0 |             12.0 |          1488.065 |  0.004077 |  2958290.8 | 21.0 | 31.0 |
          18.0 |             12.0 |          1504.573 |   0.02994 |  2959028.0 | 22.0 | 31.0 |
          18.0 |             12.0 |           32.8952 |       0.0 |        0.0 |  1.0 | 32.0 |
          18.0 |             12.0 |           34.0114 |       0.0 |    94815.0 |  2.0 | 32.0 |
          18.0 |             12.0 |           34.0531 |       0.0 |    98162.0 |  3.0 | 32.0 |
          18.0 |             12.0 |           34.6444 |       0.0 |   149175.0 |  4.0 | 32.0 |
          18.0 |             12.0 |           34.7055 |       0.0 |   154050.0 |  5.0 | 32.0 |
          18.0 |             12.0 |           38.6282 |  0.002396 |   445932.0 |  6.0 | 32.0 |
          18.0 |             12.0 |           38.8162 | 0.0007914 |   458100.0 |  7.0 | 32.0 |
          18.0 |             12.0 |           41.4599 | 0.0002304 |   613803.0 |  9.0 | 32.0 |
          18.0 |             12.0 |            41.474 | 4.078e-05 |   614431.0 | 10.0 | 32.0 |
          18.0 |             12.0 |           43.9366 |  0.002057 |   745738.0 | 12.0 | 32.0 |
          18.0 |             12.0 |           598.348 |  0.001172 |  2875200.0 | 17.0 | 32.0 |
          18.0 |             12.0 |            641.18 |   0.05106 |  2884300.0 | 18.0 | 32.0 |
          18.0 |             12.0 |           778.283 |     0.383 |  2911900.0 | 20.0 | 32.0 |
          18.0 |             12.0 |          1224.459 |   0.09574 |  2958290.8 | 21.0 | 32.0 |
          18.0 |             12.0 |          1235.614 |  0.005837 |  2959028.0 | 22.0 | 32.0 |
          18.0 |             12.0 |           32.7775 |       0.0 |        0.0 |  1.0 | 33.0 |
          18.0 |             12.0 |           33.8857 |       0.0 |    94815.0 |  2.0 | 33.0 |
          18.0 |             12.0 |            33.927 |       0.0 |    98162.0 |  3.0 | 33.0 |
          18.0 |             12.0 |           34.5139 |       0.0 |   149175.0 |  4.0 | 33.0 |
          18.0 |             12.0 |           34.5745 |       0.0 |   154050.0 |  5.0 | 33.0 |
          18.0 |             12.0 |            38.466 | 0.0001523 |   445932.0 |  6.0 | 33.0 |
          18.0 |             12.0 |           38.6525 | 0.0007973 |   458100.0 |  7.0 | 33.0 |
          18.0 |             12.0 |           38.7444 | 0.0004004 |   464043.0 |  8.0 | 33.0 |
          18.0 |             12.0 |           41.2732 | 0.0001206 |   613803.0 |  9.0 | 33.0 |
          18.0 |             12.0 |           41.2871 |  0.006183 |   614431.0 | 10.0 | 33.0 |
          18.0 |             12.0 |           43.0993 | 0.0006903 |   715277.0 | 11.0 | 33.0 |
          18.0 |             12.0 |            43.727 |  0.009132 |   745738.0 | 12.0 | 33.0 |
          18.0 |             12.0 |           44.0452 |  0.001369 |   761797.0 | 13.0 | 33.0 |
          18.0 |             12.0 |           535.948 |  0.004774 |  2867000.0 | 16.0 | 33.0 |
          18.0 |             12.0 |           561.674 | 0.0009042 |  2875200.0 | 17.0 | 33.0 |
          18.0 |             12.0 |           599.251 |  0.004932 |  2884300.0 | 18.0 | 33.0 |
          18.0 |             12.0 |           655.501 |   0.07247 |  2898317.0 | 19.0 | 33.0 |
          18.0 |             12.0 |           717.357 |    0.2431 |  2911900.0 | 20.0 | 33.0 |
          18.0 |             12.0 |          1080.133 |    0.0545 |  2958290.8 | 21.0 | 33.0 |
          18.0 |             12.0 |          1088.804 |  0.001113 |  2959028.0 | 22.0 | 33.0 |
          18.0 |             12.0 |           32.7716 |       0.0 |        0.0 |  1.0 | 34.0 |
          18.0 |             12.0 |           33.8794 |       0.0 |    94815.0 |  2.0 | 34.0 |
          18.0 |             12.0 |           33.9207 |       0.0 |    98162.0 |  3.0 | 34.0 |
          18.0 |             12.0 |            34.568 |       0.0 |   154050.0 |  5.0 | 34.0 |
          18.0 |             12.0 |           38.6443 | 5.403e-05 |   458100.0 |  7.0 | 34.0 |
          18.0 |             12.0 |           38.7362 | 5.537e-07 |   464043.0 |  8.0 | 34.0 |
          18.0 |             12.0 |           41.2638 |  0.002745 |   613803.0 |  9.0 | 34.0 |
          18.0 |             12.0 |           43.0891 | 0.0002374 |   715277.0 | 11.0 | 34.0 |
          18.0 |             12.0 |           43.7165 |  0.001326 |   745738.0 | 12.0 | 34.0 |
          18.0 |             12.0 |           44.0345 |  0.003833 |   761797.0 | 13.0 | 34.0 |
          18.0 |             12.0 |           534.375 | 5.215e-05 |  2867000.0 | 16.0 | 34.0 |
          18.0 |             12.0 |           559.946 | 6.825e-05 |  2875200.0 | 17.0 | 34.0 |
          18.0 |             12.0 |           653.149 |   0.09177 |  2898317.0 | 19.0 | 34.0 |
          18.0 |             12.0 |           714.541 |   0.06602 |  2911900.0 | 20.0 | 34.0 |
          18.0 |             12.0 |          1082.329 |   0.03468 |  2959028.0 | 22.0 | 34.0 |
          18.0 |             12.0 |           38.6748 |   0.04753 |   445932.0 |  6.0 | 35.0 |
          18.0 |             12.0 |           38.8633 |   0.03959 |   458100.0 |  7.0 | 35.0 |
          18.0 |             12.0 |           38.9562 |   0.02262 |   464043.0 |  8.0 | 35.0 |
          18.0 |             12.0 |           41.5136 | 1.361e-05 |   613803.0 |  9.0 | 35.0 |
          18.0 |             12.0 |           41.5277 |  0.000205 |   614431.0 | 10.0 | 35.0 |
          18.0 |             12.0 |           43.3616 | 6.244e-06 |   715277.0 | 11.0 | 35.0 |
          18.0 |             12.0 |           43.9969 | 7.223e-05 |   745738.0 | 12.0 | 35.0 |
          18.0 |             12.0 |           44.3191 | 3.593e-06 |   761797.0 | 13.0 | 35.0 |
          18.0 |             12.0 |           579.535 |   0.03412 |  2867000.0 | 16.0 | 35.0 |
          18.0 |             12.0 |           609.733 |    0.1092 |  2875200.0 | 17.0 | 35.0 |
          18.0 |             12.0 |           654.271 |    0.3064 |  2884300.0 | 18.0 | 35.0 |
          18.0 |             12.0 |           797.654 |  0.004928 |  2911900.0 | 20.0 | 35.0 |
          18.0 |             12.0 |           33.0049 | 2.185e-06 |        0.0 |  1.0 | 36.0 |
          18.0 |             12.0 |           34.1288 |  0.002025 |    94815.0 |  2.0 | 36.0 |
          18.0 |             12.0 |           34.7661 |   0.05327 |   149175.0 |  4.0 | 36.0 |
          18.0 |             12.0 |           34.8277 |   0.07776 |   154050.0 |  5.0 | 36.0 |
          18.0 |             12.0 |            54.477 | 6.254e-06 |  1166585.0 | 14.0 | 36.0 |
          18.0 |             12.0 |           32.3766 |       0.0 |        0.0 |  1.0 | 37.0 |
          18.0 |             12.0 |           33.4573 |       0.0 |    94815.0 |  2.0 | 37.0 |
          18.0 |             12.0 |           33.4976 |       0.0 |    98162.0 |  3.0 | 37.0 |
          18.0 |             12.0 |           34.0696 |       0.0 |   149175.0 |  4.0 | 37.0 |
          18.0 |             12.0 |           34.1287 |       0.0 |   154050.0 |  5.0 | 37.0 |
          18.0 |             12.0 |            37.915 | 1.373e-07 |   445932.0 |  6.0 | 37.0 |
          18.0 |             12.0 |           38.0962 | 2.712e-05 |   458100.0 |  7.0 | 37.0 |
          18.0 |             12.0 |           40.6395 |  0.008343 |   613803.0 |  9.0 | 37.0 |
          18.0 |             12.0 |            40.653 |  0.001727 |   614431.0 | 10.0 | 37.0 |
          18.0 |             12.0 |           43.0163 | 3.166e-05 |   745738.0 | 12.0 | 37.0 |
          18.0 |             12.0 |           463.349 | 3.287e-05 |  2875200.0 | 17.0 | 37.0 |
          18.0 |             12.0 |           488.625 | 5.449e-05 |  2884300.0 | 18.0 | 37.0 |
          18.0 |             12.0 |           564.393 |   0.01261 |  2911900.0 | 20.0 | 37.0 |
          18.0 |             12.0 |           767.094 |  0.004561 |  2958290.8 | 21.0 | 37.0 |
          18.0 |             12.0 |           771.458 |    0.6058 |  2959028.0 | 22.0 | 37.0 |
          18.0 |             12.0 |           32.3387 |       0.0 |        0.0 |  1.0 | 38.0 |
          18.0 |             12.0 |           33.4169 |       0.0 |    94815.0 |  2.0 | 38.0 |
          18.0 |             12.0 |            33.457 |       0.0 |    98162.0 |  3.0 | 38.0 |
          18.0 |             12.0 |           34.0866 |       0.0 |   154050.0 |  5.0 | 38.0 |
          18.0 |             12.0 |            37.863 | 8.412e-05 |   445932.0 |  6.0 | 38.0 |
          18.0 |             12.0 |           40.5932 |   0.01318 |   614431.0 | 10.0 | 38.0 |
          18.0 |             12.0 |           480.129 | 0.0003167 |  2884300.0 | 18.0 | 38.0 |
          18.0 |             12.0 |           746.359 |    0.8563 |  2958290.8 | 21.0 | 38.0 |
          18.0 |             12.0 |            33.145 |       0.0 |    94815.0 |  2.0 | 39.0 |
          18.0 |             12.0 |           33.1845 |       0.0 |    98162.0 |  3.0 | 39.0 |
          18.0 |             12.0 |           33.7458 |       0.0 |   149175.0 |  4.0 | 39.0 |
          18.0 |             12.0 |           33.8037 |       0.0 |   154050.0 |  5.0 | 39.0 |
          18.0 |             12.0 |           37.5143 | 0.0002153 |   445932.0 |  6.0 | 39.0 |
          18.0 |             12.0 |           37.6917 | 0.0001593 |   458100.0 |  7.0 | 39.0 |
          18.0 |             12.0 |           37.7791 | 0.0001191 |   464043.0 |  8.0 | 39.0 |
          18.0 |             12.0 |           40.1795 |   0.01432 |   613803.0 |  9.0 | 39.0 |
          18.0 |             12.0 |           40.1927 | 0.0002646 |   614431.0 | 10.0 | 39.0 |
          18.0 |             12.0 |           41.9081 | 0.0002812 |   715277.0 | 11.0 | 39.0 |
          18.0 |             12.0 |           42.5013 | 0.0001531 |   745738.0 | 12.0 | 39.0 |
          18.0 |             12.0 |           42.8019 |  5.12e-06 |   761797.0 | 13.0 | 39.0 |
          18.0 |             12.0 |           395.984 |  0.003308 |  2867000.0 | 16.0 | 39.0 |
          18.0 |             12.0 |           409.854 | 0.0002398 |  2875200.0 | 17.0 | 39.0 |
          18.0 |             12.0 |           429.507 | 0.0004267 |  2884300.0 | 18.0 | 39.0 |
          18.0 |             12.0 |           457.655 |    0.2159 |  2898317.0 | 19.0 | 39.0 |
          18.0 |             12.0 |           486.972 | 0.0003371 |  2911900.0 | 20.0 | 39.0 |
          18.0 |             12.0 |           630.789 |    0.1356 |  2958290.8 | 21.0 | 39.0 |
          18.0 |             12.0 |           633.737 |    0.2566 |  2959028.0 | 22.0 | 39.0 |
          18.0 |             12.0 |          1149.796 | 0.0009971 |  3029850.2 | 36.0 | 39.0 |
          18.0 |             12.0 |           33.1283 |       0.0 |    94815.0 |  2.0 | 40.0 |
          18.0 |             12.0 |           33.1677 |       0.0 |    98162.0 |  3.0 | 40.0 |
          18.0 |             12.0 |           33.7285 |       0.0 |   149175.0 |  4.0 | 40.0 |
          18.0 |             12.0 |           33.7864 |       0.0 |   154050.0 |  5.0 | 40.0 |
          18.0 |             12.0 |           37.4929 |  8.34e-07 |   445932.0 |  6.0 | 40.0 |
          18.0 |             12.0 |           37.6701 | 1.079e-05 |   458100.0 |  7.0 | 40.0 |
          18.0 |             12.0 |           40.1549 |  0.001949 |   613803.0 |  9.0 | 40.0 |
          18.0 |             12.0 |           40.1681 |    0.0166 |   614431.0 | 10.0 | 40.0 |
          18.0 |             12.0 |           42.4738 | 0.0003655 |   745738.0 | 12.0 | 40.0 |
          18.0 |             12.0 |           407.313 |  0.004255 |  2875200.0 | 17.0 | 40.0 |
          18.0 |             12.0 |           426.718 |  0.002401 |  2884300.0 | 18.0 | 40.0 |
          18.0 |             12.0 |           483.389 |    0.3741 |  2911900.0 | 20.0 | 40.0 |
          18.0 |             12.0 |           624.792 |    0.5505 |  2958290.8 | 21.0 | 40.0 |
          18.0 |             12.0 |           32.9678 |       0.0 |    94815.0 |  2.0 | 41.0 |
          18.0 |             12.0 |           33.0069 |       0.0 |    98162.0 |  3.0 | 41.0 |
          18.0 |             12.0 |           33.6195 |       0.0 |   154050.0 |  5.0 | 41.0 |
          18.0 |             12.0 |           37.4627 | 4.236e-05 |   458100.0 |  7.0 | 41.0 |
          18.0 |             12.0 |           37.5491 | 2.493e-05 |   464043.0 |  8.0 | 41.0 |
          18.0 |             12.0 |           39.9194 |  0.009356 |   613803.0 |  9.0 | 41.0 |
          18.0 |             12.0 |           41.6252 |   0.00565 |   715277.0 | 11.0 | 41.0 |
          18.0 |             12.0 |           42.2104 | 0.0007676 |   745738.0 | 12.0 | 41.0 |
          18.0 |             12.0 |           42.5068 | 0.0002337 |   761797.0 | 13.0 | 41.0 |
          18.0 |             12.0 |            372.09 | 0.0008481 |  2867000.0 | 16.0 | 41.0 |
          18.0 |             12.0 |           384.311 | 0.0001747 |  2875200.0 | 17.0 | 41.0 |
          18.0 |             12.0 |           426.036 |   0.06393 |  2898317.0 | 19.0 | 41.0 |
          18.0 |             12.0 |            451.33 |   0.06783 |  2911900.0 | 20.0 | 41.0 |
          18.0 |             12.0 |           574.677 |     0.199 |  2959028.0 | 22.0 | 41.0 |
          18.0 |             12.0 |           969.099 |  0.003629 |  3029850.2 | 36.0 | 41.0 |
          18.0 |             12.0 |           32.8574 |       0.0 |    94815.0 |  2.0 | 42.0 |
          18.0 |             12.0 |           32.8963 |       0.0 |    98162.0 |  3.0 | 42.0 |
          18.0 |             12.0 |           33.4477 |       0.0 |   149175.0 |  4.0 | 42.0 |
          18.0 |             12.0 |           33.5047 |       0.0 |   154050.0 |  5.0 | 42.0 |
          18.0 |             12.0 |           37.1464 |  0.003345 |   445932.0 |  6.0 | 42.0 |
          18.0 |             12.0 |           37.3203 |  0.003441 |   458100.0 |  7.0 | 42.0 |
          18.0 |             12.0 |            37.406 |  0.001272 |   464043.0 |  8.0 | 42.0 |
          18.0 |             12.0 |           39.7577 | 0.0002045 |   613803.0 |  9.0 | 42.0 |
          18.0 |             12.0 |           39.7707 |   0.01707 |   614431.0 | 10.0 | 42.0 |
          18.0 |             12.0 |           41.4495 |  0.006139 |   715277.0 | 11.0 | 42.0 |
          18.0 |             12.0 |           42.0296 |  0.004005 |   745738.0 | 12.0 | 42.0 |
          18.0 |             12.0 |           42.3236 |  0.002683 |   761797.0 | 13.0 | 42.0 |
          18.0 |             12.0 |           358.501 | 0.0006783 |  2867000.0 | 16.0 | 42.0 |
          18.0 |             12.0 |           369.831 |  0.005573 |  2875200.0 | 17.0 | 42.0 |
          18.0 |             12.0 |           385.759 |  0.003832 |  2884300.0 | 18.0 | 42.0 |
          18.0 |             12.0 |           408.314 |  0.005854 |  2898317.0 | 19.0 | 42.0 |
          18.0 |             12.0 |            431.49 |    0.1686 |  2911900.0 | 20.0 | 42.0 |
          18.0 |             12.0 |           540.729 |    0.2935 |  2958290.8 | 21.0 | 42.0 |
          18.0 |             12.0 |           542.893 |    0.1961 |  2959028.0 | 22.0 | 42.0 |
          18.0 |             12.0 |           882.021 |   0.01033 |  3029850.2 | 36.0 | 42.0 |
          18.0 |             12.0 |           31.8155 |  0.003976 |        0.0 |  1.0 | 43.0 |
          18.0 |             12.0 |           32.8586 |   0.01506 |    94815.0 |  2.0 | 43.0 |
          18.0 |             12.0 |           32.8974 | 0.0001175 |    98162.0 |  3.0 | 43.0 |
          18.0 |             12.0 |            33.449 | 0.0004439 |   149175.0 |  4.0 | 43.0 |
          18.0 |             12.0 |           33.5059 |  0.002083 |   154050.0 |  5.0 | 43.0 |
          18.0 |             12.0 |           37.4075 |       0.0 |   464043.0 |  8.0 | 43.0 |
          18.0 |             12.0 |           656.651 |    0.2623 |  2990830.2 | 23.0 | 43.0 |
          18.0 |             12.0 |           624.112 |   0.07638 |  2982890.5 | 24.0 | 43.0 |
          18.0 |             12.0 |             672.5 |    0.0883 |  2994419.2 | 25.0 | 43.0 |
          18.0 |             12.0 |           710.904 |   0.00249 |  3002452.2 | 26.0 | 43.0 |
          18.0 |             12.0 |           746.425 | 0.0003195 |  3009146.0 | 27.0 | 43.0 |
          18.0 |             12.0 |          1084.057 |  0.001106 |  3050872.0 | 33.0 | 43.0 |
          18.0 |             12.0 |            31.773 |   0.01697 |        0.0 |  1.0 | 44.0 |
          18.0 |             12.0 |           32.8132 |    0.0124 |    94815.0 |  2.0 | 44.0 |
          18.0 |             12.0 |           32.8519 |   0.00679 |    98162.0 |  3.0 | 44.0 |
          18.0 |             12.0 |           33.4587 | 7.402e-05 |   154050.0 |  5.0 | 44.0 |
          18.0 |             12.0 |           37.3487 |       0.0 |   464043.0 |  8.0 | 44.0 |
          18.0 |             12.0 |            653.98 |    0.5597 |  2994419.2 | 25.0 | 44.0 |
          18.0 |             12.0 |           690.241 |   0.08314 |  3002452.2 | 26.0 | 44.0 |
          18.0 |             12.0 |           742.784 | 0.0005775 |  3012700.5 | 29.0 | 44.0 |
          18.0 |             12.0 |           1036.73 | 0.0005515 |  3050872.0 | 33.0 | 44.0 |
          18.0 |             12.0 |           32.7824 |   0.01824 |    98162.0 |  3.0 | 45.0 |
          18.0 |             12.0 |           37.1738 |       0.0 |   458100.0 |  7.0 | 45.0 |
          18.0 |             12.0 |           660.807 |    0.8148 |  3002452.2 | 26.0 | 45.0 |
          18.0 |             12.0 |           708.808 |   0.03913 |  3012700.5 | 29.0 | 45.0 |
          18.0 |             12.0 |            728.25 | 0.0001062 |  3016467.0 | 30.0 | 45.0 |
          18.0 |             12.0 |           31.6334 |   0.08394 |        0.0 |  1.0 | 46.0 |
          18.0 |             12.0 |           32.6643 |   0.07195 |    94815.0 |  2.0 | 46.0 |
          18.0 |             12.0 |           32.7027 |    0.0761 |    98162.0 |  3.0 | 46.0 |
          18.0 |             12.0 |           33.2477 |   0.05362 |   149175.0 |  4.0 | 46.0 |
          18.0 |             12.0 |           33.3039 |    0.1654 |   154050.0 |  5.0 | 46.0 |
          18.0 |             12.0 |           586.893 |    0.0183 |  2990830.2 | 23.0 | 46.0 |
          18.0 |             12.0 |           560.763 |    0.1819 |  2982890.5 | 24.0 | 46.0 |
          18.0 |             12.0 |           599.521 |   0.02834 |  2994419.2 | 25.0 | 46.0 |
          18.0 |             12.0 |           629.854 |   0.01746 |  3002452.2 | 26.0 | 46.0 |
          18.0 |             12.0 |           657.579 |   0.03002 |  3009146.0 | 27.0 | 46.0 |
          18.0 |             12.0 |           660.027 |    0.1009 |  3009710.2 | 28.0 | 46.0 |
          18.0 |             12.0 |           690.836 |  0.003897 |  3016467.0 | 30.0 | 46.0 |
          18.0 |             12.0 |           736.773 |  0.002341 |  3025492.2 | 31.0 | 46.0 |
          18.0 |             12.0 |           906.232 |   0.03629 |  3050872.0 | 33.0 | 46.0 |
          18.0 |             12.0 |           910.766 |  0.009919 |  3051421.5 | 34.0 | 46.0 |
          18.0 |             12.0 |           31.6221 |       0.0 |        0.0 |  1.0 | 47.0 |
          18.0 |             12.0 |           32.6906 |       0.0 |    98162.0 |  3.0 | 47.0 |
          18.0 |             12.0 |           36.8844 |       0.0 |   445932.0 |  6.0 | 47.0 |
          18.0 |             12.0 |           39.4705 |       0.0 |   614431.0 | 10.0 | 47.0 |
          18.0 |             12.0 |           359.262 |       0.0 |  2884300.0 | 18.0 | 47.0 |
          18.0 |             12.0 |           668.249 |     1.058 |  3012700.5 | 29.0 | 47.0 |
          18.0 |             12.0 |           31.6185 |   0.01387 |        0.0 |  1.0 | 48.0 |
          18.0 |             12.0 |           32.6485 |  0.007384 |    94815.0 |  2.0 | 48.0 |
          18.0 |             12.0 |           33.2313 |   0.02875 |   149175.0 |  4.0 | 48.0 |
          18.0 |             12.0 |           33.2875 |   0.01634 |   154050.0 |  5.0 | 48.0 |
          18.0 |             12.0 |            37.051 |       0.0 |   458100.0 |  7.0 | 48.0 |
          18.0 |             12.0 |            581.83 |    0.0444 |  2990830.2 | 23.0 | 48.0 |
          18.0 |             12.0 |           556.139 |   0.02309 |  2982890.5 | 24.0 | 48.0 |
          18.0 |             12.0 |           594.239 |   0.01487 |  2994419.2 | 25.0 | 48.0 |
          18.0 |             12.0 |            651.23 |    0.1109 |  3009146.0 | 27.0 | 48.0 |
          18.0 |             12.0 |           653.631 |   0.02644 |  3009710.2 | 28.0 | 48.0 |
          18.0 |             12.0 |           728.812 |  0.001598 |  3025492.2 | 31.0 | 48.0 |
          18.0 |             12.0 |           894.217 |  0.001202 |  3050872.0 | 33.0 | 48.0 |
          18.0 |             12.0 |           898.632 |   0.00344 |  3051421.5 | 34.0 | 48.0 |
          18.0 |             12.0 |           31.5827 |    0.3296 |        0.0 |  1.0 | 49.0 |
          18.0 |             12.0 |           32.6103 |   0.02843 |    94815.0 |  2.0 | 49.0 |
          18.0 |             12.0 |           32.6486 |  0.001314 |    98162.0 |  3.0 | 49.0 |
          18.0 |             12.0 |           33.2478 | 2.076e-05 |   154050.0 |  5.0 | 49.0 |
          18.0 |             12.0 |           581.842 |   0.02031 |  2994419.2 | 25.0 | 49.0 |
          18.0 |             12.0 |            610.37 |    0.1187 |  3002452.2 | 26.0 | 49.0 |
          18.0 |             12.0 |           638.663 |    0.4181 |  3009710.2 | 28.0 | 49.0 |
          18.0 |             12.0 |           651.098 |   0.02562 |  3012700.5 | 29.0 | 49.0 |
          18.0 |             12.0 |           667.466 |   0.08079 |  3016467.0 | 30.0 | 49.0 |
          18.0 |             12.0 |           710.252 |  0.004397 |  3025492.2 | 31.0 | 49.0 |
          18.0 |             12.0 |           31.5454 |   0.02659 |        0.0 |  1.0 | 50.0 |
          18.0 |             12.0 |           32.5705 |    0.1387 |    94815.0 |  2.0 | 50.0 |
          18.0 |             12.0 |           32.6086 |   0.04898 |    98162.0 |  3.0 | 50.0 |
          18.0 |             12.0 |           33.1505 |   0.06244 |   149175.0 |  4.0 | 50.0 |
          18.0 |             12.0 |           33.2064 |    0.1574 |   154050.0 |  5.0 | 50.0 |
          18.0 |             12.0 |           558.011 |    0.0354 |  2990830.2 | 23.0 | 50.0 |
          18.0 |             12.0 |           534.337 |   0.04949 |  2982890.5 | 24.0 | 50.0 |
          18.0 |             12.0 |           569.415 |  0.007525 |  2994419.2 | 25.0 | 50.0 |
          18.0 |             12.0 |           596.708 |   0.01607 |  3002452.2 | 26.0 | 50.0 |
          18.0 |             12.0 |           621.534 |    0.1551 |  3009146.0 | 27.0 | 50.0 |
          18.0 |             12.0 |           623.722 |   0.08543 |  3009710.2 | 28.0 | 50.0 |
          18.0 |             12.0 |           651.163 |  0.006653 |  3016467.0 | 30.0 | 50.0 |
          18.0 |             12.0 |           691.821 |  0.005539 |  3025492.2 | 31.0 | 50.0 |
          18.0 |             12.0 |           839.164 |   0.05712 |  3050872.0 | 33.0 | 50.0 |
          18.0 |             12.0 |           843.051 |   0.01023 |  3051421.5 | 34.0 | 50.0 |
          18.0 |             12.0 |           32.5978 |   0.01343 |    98162.0 |  3.0 | 51.0 |
          18.0 |             12.0 |           36.7662 |       0.0 |   445932.0 |  6.0 | 51.0 |
          18.0 |             12.0 |           36.9366 |       0.0 |   458100.0 |  7.0 | 51.0 |
          18.0 |             12.0 |           593.086 |   0.01303 |  3002452.2 | 26.0 | 51.0 |
          18.0 |             12.0 |           631.468 |    0.2615 |  3012700.5 | 29.0 | 51.0 |
          18.0 |             12.0 |           646.852 |    0.6156 |  3016467.0 | 30.0 | 51.0 |
          18.0 |             12.0 |          1269.243 |   0.00248 |  3092274.5 | 38.0 | 51.0 |
          18.0 |             12.0 |           31.4901 |   0.07938 |        0.0 |  1.0 | 52.0 |
          18.0 |             12.0 |           32.4593 |    0.4483 |    94815.0 |  2.0 | 52.0 |
          18.0 |             12.0 |           32.4946 |   0.05629 |    98162.0 |  3.0 | 52.0 |
          18.0 |             12.0 |           33.0956 |   0.01201 |   154050.0 |  5.0 | 52.0 |
          18.0 |             12.0 |           543.944 |  0.003704 |  2994419.2 | 25.0 | 52.0 |
          18.0 |             12.0 |           568.797 |  0.008735 |  3002452.2 | 26.0 | 52.0 |
          18.0 |             12.0 |           654.581 |    0.5491 |  3025492.2 | 31.0 | 52.0 |
          18.0 |             12.0 |           723.055 |   0.04354 |  3039959.5 | 32.0 | 52.0 |
          18.0 |             12.0 |          1115.962 |   0.02108 |  3088652.8 | 37.0 | 52.0 |
          18.0 |             12.0 |           31.4437 | 4.628e-05 |        0.0 |  1.0 | 53.0 |
          18.0 |             12.0 |           32.4621 |   0.02399 |    94815.0 |  2.0 | 53.0 |
          18.0 |             12.0 |           33.0382 |    0.2342 |   149175.0 |  4.0 | 53.0 |
          18.0 |             12.0 |           33.0937 |    0.1231 |   154050.0 |  5.0 | 53.0 |
          18.0 |             12.0 |           527.815 |  0.005951 |  2990830.2 | 23.0 | 53.0 |
          18.0 |             12.0 |           506.586 |    0.0603 |  2982890.5 | 24.0 | 53.0 |
          18.0 |             12.0 |           538.007 |  0.001059 |  2994419.2 | 25.0 | 53.0 |
          18.0 |             12.0 |           584.302 |   0.04375 |  3009146.0 | 27.0 | 53.0 |
          18.0 |             12.0 |           586.234 |  0.003836 |  3009710.2 | 28.0 | 53.0 |
          18.0 |             12.0 |           772.687 |   0.02223 |  3050872.0 | 33.0 | 53.0 |
          18.0 |             12.0 |           775.981 |   0.06552 |  3051421.5 | 34.0 | 53.0 |
          18.0 |             12.0 |           31.3883 |     3.007 |        0.0 |  1.0 | 54.0 |
          18.0 |             12.0 |           32.3511 |   0.00144 |    94815.0 |  2.0 | 54.0 |
          18.0 |             12.0 |           32.3862 |   0.01972 |    98162.0 |  3.0 | 54.0 |
          18.0 |             12.0 |           32.9832 |  0.001592 |   154050.0 |  5.0 | 54.0 |
          18.0 |             12.0 |           560.175 |   0.04259 |  3009710.2 | 28.0 | 54.0 |
          18.0 |             12.0 |           569.718 |   0.01768 |  3012700.5 | 29.0 | 54.0 |
          18.0 |             12.0 |           582.211 |    0.3328 |  3016467.0 | 30.0 | 54.0 |
          18.0 |             12.0 |           674.461 |   0.03238 |  3039959.5 | 32.0 | 54.0 |
          18.0 |             12.0 |           660.559 |     0.204 |  3036839.0 | 35.0 | 54.0 |
          18.0 |             12.0 |            31.347 |     2.178 |        0.0 |  1.0 | 55.0 |
          18.0 |             12.0 |           32.3422 |  0.008244 |    98162.0 |  3.0 | 55.0 |
          18.0 |             12.0 |           32.8847 | 0.0006872 |   149175.0 |  4.0 | 55.0 |
          18.0 |             12.0 |           32.9375 | 0.0004652 |   154050.0 |  5.0 | 55.0 |
          18.0 |             12.0 |           545.488 |   0.04783 |  3009146.0 | 27.0 | 55.0 |
          18.0 |             12.0 |           547.171 |   0.02924 |  3009710.2 | 28.0 | 55.0 |
          18.0 |             12.0 |           568.177 |    0.1207 |  3016467.0 | 30.0 | 55.0 |
          18.0 |             12.0 |             655.7 |  0.009601 |  3039959.5 | 32.0 | 55.0 |
          18.0 |             12.0 |           642.553 |    0.2081 |  3036839.0 | 35.0 | 55.0 |
          18.0 |             12.0 |           32.3443 |    0.6725 |    98162.0 |  3.0 | 56.0 |
          18.0 |             12.0 |           524.475 |  0.003203 |  3002452.2 | 26.0 | 56.0 |
          18.0 |             12.0 |           554.267 |   0.02209 |  3012700.5 | 29.0 | 56.0 |
          18.0 |             12.0 |           566.084 |  0.003217 |  3016467.0 | 30.0 | 56.0 |
          18.0 |             12.0 |           652.914 |    0.7602 |  3039959.5 | 32.0 | 56.0 |
          18.0 |             12.0 |           991.625 |   0.05364 |  3092274.5 | 38.0 | 56.0 |
          18.0 |             12.0 |           31.3026 |     1.134 |        0.0 |  1.0 | 57.0 |
          18.0 |             12.0 |           32.3117 | 0.0002003 |    94815.0 |  2.0 | 57.0 |
          18.0 |             12.0 |           539.152 |  0.009296 |  3009146.0 | 27.0 | 57.0 |
          18.0 |             12.0 |           540.797 |   0.06951 |  3009710.2 | 28.0 | 57.0 |
          18.0 |             12.0 |            633.78 |    0.1274 |  3036839.0 | 35.0 | 57.0 |
          18.0 |             12.0 |           32.5212 |       0.0 |    94815.0 |  2.0 | 58.0 |
          18.0 |             12.0 |           32.5592 |       0.0 |    98162.0 |  3.0 | 58.0 |
          18.0 |             12.0 |           33.1551 |       0.0 |   154050.0 |  5.0 | 58.0 |
          18.0 |             12.0 |           36.8871 | 4.519e-06 |   458100.0 |  7.0 | 58.0 |
          18.0 |             12.0 |           36.9708 |  9.73e-07 |   464043.0 |  8.0 | 58.0 |
          18.0 |             12.0 |           39.2665 |  0.003824 |   613803.0 |  9.0 | 58.0 |
          18.0 |             12.0 |           40.9158 |  0.001187 |   715277.0 | 11.0 | 58.0 |
          18.0 |             12.0 |            41.481 | 0.0008796 |   745738.0 | 12.0 | 58.0 |
          18.0 |             12.0 |           41.7673 |  0.002043 |   761797.0 | 13.0 | 58.0 |
          18.0 |             12.0 |           322.158 | 5.206e-05 |  2867000.0 | 16.0 | 58.0 |
          18.0 |             12.0 |           331.278 | 0.0001688 |  2875200.0 | 17.0 | 58.0 |
          18.0 |             12.0 |           361.825 |   0.02373 |  2898317.0 | 19.0 | 58.0 |
          18.0 |             12.0 |           379.907 |   0.01677 |  2911900.0 | 20.0 | 58.0 |
          18.0 |             12.0 |            463.68 | 4.056e-05 |  2959028.0 | 22.0 | 58.0 |
          18.0 |             12.0 |             690.4 |    0.2222 |  3029850.2 | 36.0 | 58.0 |
          18.0 |             12.0 |           32.5211 |       0.0 |    94815.0 |  2.0 | 59.0 |
          18.0 |             12.0 |           33.0993 |       0.0 |   149175.0 |  4.0 | 59.0 |
          18.0 |             12.0 |           36.7172 |    0.0031 |   445932.0 |  6.0 | 59.0 |
          18.0 |             12.0 |           39.2664 | 0.0002275 |   613803.0 |  9.0 | 59.0 |
          18.0 |             12.0 |            39.279 |  0.007325 |   614431.0 | 10.0 | 59.0 |
          18.0 |             12.0 |           322.155 | 5.121e-05 |  2867000.0 | 16.0 | 59.0 |
          18.0 |             12.0 |           331.276 |  0.000153 |  2875200.0 | 17.0 | 59.0 |
          18.0 |             12.0 |           343.998 |   0.00276 |  2884300.0 | 18.0 | 59.0 |
          18.0 |             12.0 |           361.822 |  0.005184 |  2898317.0 | 19.0 | 59.0 |
          18.0 |             12.0 |           379.903 |   0.06362 |  2911900.0 | 20.0 | 59.0 |
          18.0 |             12.0 |           463.675 |   0.01536 |  2959028.0 | 22.0 | 59.0 |
          18.0 |             12.0 |           690.389 |     0.425 |  3029850.2 | 36.0 | 59.0 |
          18.0 |             12.0 |           31.0424 |  0.001851 |        0.0 |  1.0 | 60.0 |
          18.0 |             12.0 |           31.9838 |    0.3483 |    94815.0 |  2.0 | 60.0 |
          18.0 |             12.0 |           32.0181 |    0.1385 |    98162.0 |  3.0 | 60.0 |
          18.0 |             12.0 |           32.5497 |    0.6049 |   149175.0 |  4.0 | 60.0 |
          18.0 |             12.0 |           32.6014 |    0.2672 |   154050.0 |  5.0 | 60.0 |
          18.0 |             12.0 |           462.116 |  0.003248 |  3009710.2 | 28.0 | 60.0 |
          18.0 |             12.0 |            498.47 |    0.0866 |  3025492.2 | 31.0 | 60.0 |
          18.0 |             12.0 |           570.665 |   0.07857 |  3050872.0 | 33.0 | 60.0 |
          18.0 |             12.0 |            572.46 |    0.2491 |  3051421.5 | 34.0 | 60.0 |
          18.0 |             12.0 |           915.049 |   0.01774 |  3116822.2 | 39.0 | 60.0 |
          18.0 |             12.0 |          1074.493 |    0.0265 |  3133039.0 | 41.0 | 60.0 |
          18.0 |             12.0 |           30.9914 |   0.01202 |        0.0 |  1.0 | 61.0 |
          18.0 |             12.0 |           31.9297 |    0.9063 |    94815.0 |  2.0 | 61.0 |
          18.0 |             12.0 |           31.9638 |     1.248 |    98162.0 |  3.0 | 61.0 |
          18.0 |             12.0 |           32.5452 |    0.4395 |   154050.0 |  5.0 | 61.0 |
          18.0 |             12.0 |           470.554 |  0.008226 |  3016467.0 | 30.0 | 61.0 |
          18.0 |             12.0 |           529.036 |   0.05736 |  3039959.5 | 32.0 | 61.0 |
          18.0 |             12.0 |           561.449 |    0.5297 |  3050872.0 | 33.0 | 61.0 |
          18.0 |             12.0 |           520.444 |   0.00724 |  3036839.0 | 35.0 | 61.0 |
          18.0 |             12.0 |           891.581 |   0.02896 |  3116822.2 | 39.0 | 61.0 |
          18.0 |             12.0 |           903.844 |   0.05601 |  3118344.0 | 40.0 | 61.0 |
          18.0 |             12.0 |           31.8394 |    0.1867 |    98162.0 |  3.0 | 62.0 |
          18.0 |             12.0 |           38.2243 |       0.0 |   613803.0 |  9.0 | 62.0 |
          18.0 |             12.0 |           439.248 | 0.0004994 |  3016467.0 | 30.0 | 62.0 |
          18.0 |             12.0 |           489.789 |  0.004534 |  3039959.5 | 32.0 | 62.0 |
          18.0 |             12.0 |           643.186 |    0.9253 |  3088652.8 | 37.0 | 62.0 |
          18.0 |             12.0 |           658.526 |  0.001704 |  3092274.5 | 38.0 | 62.0 |
          18.0 |             12.0 |           795.009 |  0.004508 |  3118344.0 | 40.0 | 62.0 |
          18.0 |             12.0 |           31.8182 |       0.0 |    98162.0 |  3.0 | 63.0 |
          18.0 |             12.0 |           35.7775 |       0.0 |   445932.0 |  6.0 | 63.0 |
          18.0 |             12.0 |           38.2057 |       0.0 |   614431.0 | 10.0 | 63.0 |
          18.0 |             12.0 |           347.304 |       0.0 |  2958290.8 | 21.0 | 63.0 |
          18.0 |             12.0 |           428.224 | 0.0002441 |  3012700.5 | 29.0 | 63.0 |
          18.0 |             12.0 |           649.567 |     1.165 |  3092274.5 | 38.0 | 63.0 |
          18.0 |             12.0 |           30.6911 |  0.001553 |        0.0 |  1.0 | 64.0 |
          18.0 |             12.0 |           31.6606 |    0.9906 |    94815.0 |  2.0 | 64.0 |
          18.0 |             12.0 |           31.6966 |    0.1284 |    98162.0 |  3.0 | 64.0 |
          18.0 |             12.0 |           32.2083 |    0.7257 |   149175.0 |  4.0 | 64.0 |
          18.0 |             12.0 |           32.2611 |   0.01293 |   154050.0 |  5.0 | 64.0 |
          18.0 |             12.0 |           402.307 |  0.003828 |  3009710.2 | 28.0 | 64.0 |
          18.0 |             12.0 |           429.582 |   0.09948 |  3025492.2 | 31.0 | 64.0 |
          18.0 |             12.0 |           458.049 |   0.02251 |  3039959.5 | 32.0 | 64.0 |
          18.0 |             12.0 |            482.15 |  0.006388 |  3050872.0 | 33.0 | 64.0 |
          18.0 |             12.0 |            483.43 |   0.01126 |  3051421.5 | 34.0 | 64.0 |
          18.0 |             12.0 |            589.54 |   0.03259 |  3088652.8 | 37.0 | 64.0 |
          18.0 |             12.0 |           706.942 |    0.1346 |  3116822.2 | 39.0 | 64.0 |
          18.0 |             12.0 |            714.63 |   0.02026 |  3118344.0 | 40.0 | 64.0 |
          18.0 |             12.0 |           798.482 |       0.1 |  3133039.0 | 41.0 | 64.0 |
          18.0 |             12.0 |           30.6725 | 0.0006979 |        0.0 |  1.0 | 65.0 |
          18.0 |             12.0 |           31.6408 |      1.31 |    94815.0 |  2.0 | 65.0 |
          18.0 |             12.0 |           31.6768 |     1.345 |    98162.0 |  3.0 | 65.0 |
          18.0 |             12.0 |           32.2406 |    0.6513 |   154050.0 |  5.0 | 65.0 |
          18.0 |             12.0 |           410.206 |  0.007093 |  3016467.0 | 30.0 | 65.0 |
          18.0 |             12.0 |           425.976 |   0.01978 |  3025492.2 | 31.0 | 65.0 |
          18.0 |             12.0 |           453.952 |    0.1382 |  3039959.5 | 32.0 | 65.0 |
          18.0 |             12.0 |           477.612 |  0.008393 |  3050872.0 | 33.0 | 65.0 |
          18.0 |             12.0 |           595.335 |   0.06211 |  3092274.5 | 38.0 | 65.0 |
          18.0 |             12.0 |           697.229 |    0.1545 |  3116822.2 | 39.0 | 65.0 |
          18.0 |             12.0 |           704.707 |    0.1809 |  3118344.0 | 40.0 | 65.0 |
          18.0 |             12.0 |            854.55 |   0.07374 |  3143226.5 | 42.0 | 65.0 |
          18.0 |             12.0 |           31.6432 |     5.712 |    98162.0 |  3.0 | 66.0 |
          18.0 |             12.0 |           443.316 |    0.0128 |  3039959.5 | 32.0 | 66.0 |
          18.0 |             12.0 |           577.176 |    0.2361 |  3092274.5 | 38.0 | 66.0 |
          18.0 |             12.0 |           679.403 |    0.6292 |  3118344.0 | 40.0 | 66.0 |
          18.0 |             12.0 |           30.5734 |  0.003248 |        0.0 |  1.0 | 67.0 |
          18.0 |             12.0 |           31.5353 |     1.994 |    94815.0 |  2.0 | 67.0 |
          18.0 |             12.0 |           31.5711 |  0.004863 |    98162.0 |  3.0 | 67.0 |
          18.0 |             12.0 |           32.1311 |     1.651 |   154050.0 |  5.0 | 67.0 |
          18.0 |             12.0 |           393.153 |  0.006641 |  3016467.0 | 30.0 | 67.0 |
          18.0 |             12.0 |           433.161 |   0.07086 |  3039959.5 | 32.0 | 67.0 |
          18.0 |             12.0 |           548.945 |    0.1611 |  3088652.8 | 37.0 | 67.0 |
          18.0 |             12.0 |           649.358 |    0.2334 |  3116822.2 | 39.0 | 67.0 |
          18.0 |             12.0 |           783.735 |     0.192 |  3143226.5 | 42.0 | 67.0 |
          18.0 |             12.0 |           30.5708 | 0.0001442 |        0.0 |  1.0 | 68.0 |
          18.0 |             12.0 |           31.4833 |    0.3194 |    94815.0 |  2.0 | 68.0 |
          18.0 |             12.0 |           32.0315 |    0.4095 |   149175.0 |  4.0 | 68.0 |
          18.0 |             12.0 |           32.0816 |    0.0642 |   154050.0 |  5.0 | 68.0 |
          18.0 |             12.0 |           47.9638 | 4.685e-05 |  1186193.0 | 15.0 | 68.0 |
          18.0 |             12.0 |           351.844 |  0.001007 |  2990830.2 | 23.0 | 68.0 |
          18.0 |             12.0 |           342.283 |   0.01332 |  2982890.5 | 24.0 | 68.0 |
          18.0 |             12.0 |            376.08 |  0.001975 |  3009146.0 | 27.0 | 68.0 |
          18.0 |             12.0 |            376.88 |  0.001652 |  3009710.2 | 28.0 | 68.0 |
          18.0 |             12.0 |           400.714 |   0.03425 |  3025492.2 | 31.0 | 68.0 |
          18.0 |             12.0 |           446.081 |   0.01132 |  3050872.0 | 33.0 | 68.0 |
          18.0 |             12.0 |           447.177 |   0.02011 |  3051421.5 | 34.0 | 68.0 |
          18.0 |             12.0 |           632.014 |   0.05935 |  3116822.2 | 39.0 | 68.0 |
          18.0 |             12.0 |           704.187 |    0.0942 |  3133039.0 | 41.0 | 68.0 |
          18.0 |             12.0 |           758.609 |   0.01373 |  3143226.5 | 42.0 | 68.0 |
          18.0 |             12.0 |           30.5157 |  0.001841 |        0.0 |  1.0 | 69.0 |
          18.0 |             12.0 |           31.4249 | 0.0001315 |    94815.0 |  2.0 | 69.0 |
          18.0 |             12.0 |            31.458 |    0.3071 |    98162.0 |  3.0 | 69.0 |
          18.0 |             12.0 |           31.9711 |    0.1716 |   149175.0 |  4.0 | 69.0 |
          18.0 |             12.0 |            32.021 |     1.225 |   154050.0 |  5.0 | 69.0 |
          18.0 |             12.0 |            47.384 | 0.0001441 |  1166585.0 | 14.0 | 69.0 |
          18.0 |             12.0 |           345.516 |  0.004306 |  2990830.2 | 23.0 | 69.0 |
          18.0 |             12.0 |           336.291 |   0.01382 |  2982890.5 | 24.0 | 69.0 |
          18.0 |             12.0 |           379.096 |  0.005976 |  3016467.0 | 30.0 | 69.0 |
          18.0 |             12.0 |           392.526 |  0.005888 |  3025492.2 | 31.0 | 69.0 |
          18.0 |             12.0 |           416.159 |   0.06314 |  3039959.5 | 32.0 | 69.0 |
          18.0 |             12.0 |           435.957 |   0.05711 |  3050872.0 | 33.0 | 69.0 |
          18.0 |             12.0 |           437.004 |   0.03366 |  3051421.5 | 34.0 | 69.0 |
          18.0 |             12.0 |           521.922 |  0.006484 |  3088652.8 | 37.0 | 69.0 |
          18.0 |             12.0 |           617.634 |   0.05315 |  3118344.0 | 40.0 | 69.0 |
          18.0 |             12.0 |           679.286 |   0.04396 |  3133039.0 | 41.0 | 69.0 |
          18.0 |             12.0 |           729.789 |    0.2024 |  3143226.5 | 42.0 | 69.0 |
          18.0 |             12.0 |            30.414 |  0.001252 |        0.0 |  1.0 | 70.0 |
          18.0 |             12.0 |           31.3658 |   0.03917 |    94815.0 |  2.0 | 70.0 |
          18.0 |             12.0 |           31.9033 |    0.1442 |   149175.0 |  4.0 | 70.0 |
          18.0 |             12.0 |           31.9551 |    0.4136 |   154050.0 |  5.0 | 70.0 |
          18.0 |             12.0 |           47.7613 | 4.009e-05 |  1166585.0 | 14.0 | 70.0 |
          18.0 |             12.0 |           48.2278 | 1.662e-05 |  1186193.0 | 15.0 | 70.0 |
          18.0 |             12.0 |           421.781 |   0.05657 |  3050872.0 | 33.0 | 70.0 |
          18.0 |             12.0 |           422.761 |   0.01965 |  3051421.5 | 34.0 | 70.0 |
          18.0 |             12.0 |           584.319 |   0.01293 |  3116822.2 | 39.0 | 70.0 |
          18.0 |             12.0 |           645.483 |   0.05902 |  3133039.0 | 41.0 | 70.0 |
          18.0 |             12.0 |           690.916 |    0.1089 |  3143226.5 | 42.0 | 70.0 |
          18.0 |             12.0 |           30.0431 | 1.814e-05 |        0.0 |  1.0 | 71.0 |
          18.0 |             12.0 |           30.9715 |   0.02824 |    94815.0 |  2.0 | 71.0 |
          18.0 |             12.0 |            31.006 |    0.1236 |    98162.0 |  3.0 | 71.0 |
          18.0 |             12.0 |           31.5459 |     1.528 |   154050.0 |  5.0 | 71.0 |
          18.0 |             12.0 |           346.509 |  0.002053 |  3039959.5 | 32.0 | 71.0 |
          18.0 |             12.0 |            423.23 |   0.01562 |  3092274.5 | 38.0 | 71.0 |
          18.0 |             12.0 |           475.718 |   0.01693 |  3118344.0 | 40.0 | 71.0 |
          18.0 |             12.0 |           539.589 |   0.02306 |  3143226.5 | 42.0 | 71.0 |
          18.0 |             12.0 |           649.957 |     0.649 |  3174696.2 | 59.0 | 71.0 |
          18.0 |             12.0 |           30.9365 |   0.03557 |    94815.0 |  2.0 | 72.0 |
          18.0 |             12.0 |           30.9709 |  0.008673 |    98162.0 |  3.0 | 72.0 |
          18.0 |             12.0 |           31.4593 |     1.071 |   149175.0 |  4.0 | 72.0 |
          18.0 |             12.0 |           31.5096 |    0.2586 |   154050.0 |  5.0 | 72.0 |
          18.0 |             12.0 |           326.039 |  0.001981 |  3025492.2 | 31.0 | 72.0 |
          18.0 |             12.0 |           410.592 |   0.01017 |  3088652.8 | 37.0 | 72.0 |
          18.0 |             12.0 |           464.292 |  0.005842 |  3116822.2 | 39.0 | 72.0 |
          18.0 |             12.0 |           502.097 |   0.01874 |  3133039.0 | 41.0 | 72.0 |
          18.0 |             12.0 |            634.88 |    0.3758 |  3174693.8 | 58.0 | 72.0 |
          18.0 |             12.0 |            634.89 |   0.07959 |  3174696.2 | 59.0 | 72.0 |
%CHIANTI