 Atomic Number | Ionization State | Wavelength (Ang.) |  g_i*f_ik | E_i(cm^-1) |    i |    j |
          18.0 |             11.0 |          6918.021 |       0.0 |        0.0 |  1.0 |  2.0 |
          18.0 |             11.0 |          5462.391 |       0.0 |        0.0 |  1.0 |  3.0 |
          18.0 |             11.0 |          25960.54 |       0.0 |    14455.0 |  2.0 |  3.0 |
          18.0 |             11.0 |          1392.098 |       0.0 |        0.0 |  1.0 |  4.0 |
          18.0 |             11.0 |          1742.798 |       0.0 |    14455.0 |  2.0 |  4.0 |
          18.0 |             11.0 |           673.342 |       0.0 |        0.0 |  1.0 |  5.0 |
          18.0 |             11.0 |           745.946 |       0.0 |    14455.0 |  2.0 |  5.0 |
          18.0 |             11.0 |          1304.138 |       0.0 |    71834.0 |  4.0 |  5.0 |
          18.0 |             11.0 |           188.806 |    0.4476 |        0.0 |  1.0 |  6.0 |
          18.0 |             11.0 |           194.104 |    0.1469 |    14455.0 |  2.0 |  6.0 |
          18.0 |             11.0 |           218.432 |  0.005832 |    71834.0 |  4.0 |  6.0 |
          18.0 |             11.0 |           184.524 |    0.1563 |        0.0 |  1.0 |  7.0 |
          18.0 |             11.0 |            189.58 |   0.09025 |    14455.0 |  2.0 |  7.0 |
          18.0 |             11.0 |           190.975 |    0.1182 |    18307.0 |  3.0 |  7.0 |
          18.0 |             11.0 |            212.72 | 0.0001221 |    71834.0 |  4.0 |  7.0 |
          18.0 |             11.0 |           254.179 |  0.001023 |   148513.0 |  5.0 |  7.0 |
          18.0 |             11.0 |            187.09 |    0.1224 |    14455.0 |  2.0 |  8.0 |
          18.0 |             11.0 |           136.918 |  0.008678 |        0.0 |  1.0 |  9.0 |
          18.0 |             11.0 |           139.683 | 0.0002767 |    14455.0 |  2.0 |  9.0 |
          18.0 |             11.0 |           140.439 |  0.000601 |    18307.0 |  3.0 |  9.0 |
          18.0 |             11.0 |           151.854 |    0.7637 |    71834.0 |  4.0 |  9.0 |
          18.0 |             11.0 |           171.866 |   0.06864 |   148513.0 |  5.0 |  9.0 |
          18.0 |             11.0 |           144.178 |  0.001157 |   541936.0 |  7.0 | 10.0 |
          18.0 |             11.0 |           197.957 |    0.3916 |   730362.0 |  9.0 | 10.0 |
          18.0 |             11.0 |            40.269 |  0.001487 |        0.0 |  1.0 | 11.0 |
          18.0 |             11.0 |           40.5048 | 0.0002915 |    14455.0 |  2.0 | 11.0 |
          18.0 |             11.0 |           41.4686 | 1.002e-07 |    71834.0 |  4.0 | 11.0 |
          18.0 |             11.0 |           39.6666 |    0.2425 |        0.0 |  1.0 | 12.0 |
          18.0 |             11.0 |           39.8953 |    0.1271 |    14455.0 |  2.0 | 12.0 |
          18.0 |             11.0 |           39.9567 |   0.04453 |    18307.0 |  3.0 | 12.0 |
          18.0 |             11.0 |             40.83 | 0.0008812 |    71834.0 |  4.0 | 12.0 |
          18.0 |             11.0 |           42.1496 | 6.458e-06 |   148513.0 |  5.0 | 12.0 |
          18.0 |             11.0 |           38.6528 |  0.006516 |        0.0 |  1.0 | 13.0 |
          18.0 |             11.0 |             38.87 |   0.07171 |    14455.0 |  2.0 | 13.0 |
          18.0 |             11.0 |           38.9283 |   0.04975 |    18307.0 |  3.0 | 13.0 |
          18.0 |             11.0 |           39.7567 |  0.003872 |    71834.0 |  4.0 | 13.0 |
          18.0 |             11.0 |           41.0068 |   0.00135 |   148513.0 |  5.0 | 13.0 |
          18.0 |             11.0 |           38.6339 |    0.1033 |        0.0 |  1.0 | 14.0 |
          18.0 |             11.0 |           38.8509 |    0.1087 |    14455.0 |  2.0 | 14.0 |
          18.0 |             11.0 |           39.7367 |  0.001941 |    71834.0 |  4.0 | 14.0 |
          18.0 |             11.0 |            38.615 |    0.2878 |        0.0 |  1.0 | 15.0 |
          18.0 |             11.0 |           39.7167 |  0.004761 |    71834.0 |  4.0 | 15.0 |
          18.0 |             11.0 |           38.4007 |   0.01736 |        0.0 |  1.0 | 16.0 |
          18.0 |             11.0 |             39.49 |    0.5006 |    71834.0 |  4.0 | 16.0 |
          18.0 |             11.0 |           38.1812 |       0.0 |        0.0 |  1.0 | 17.0 |
          18.0 |             11.0 |           38.3931 |       0.0 |    14455.0 |  2.0 | 17.0 |
          18.0 |             11.0 |           47.8595 | 3.524e-05 |   529643.0 |  6.0 | 17.0 |
          18.0 |             11.0 |           48.1427 | 3.502e-05 |   541936.0 |  7.0 | 17.0 |
          18.0 |             11.0 |           48.3061 | 2.078e-05 |   548958.0 |  8.0 | 17.0 |
          18.0 |             11.0 |            52.946 | 1.338e-07 |   730362.0 |  9.0 | 17.0 |
          18.0 |             11.0 |            736.42 |    0.3453 |  2483300.0 | 11.0 | 17.0 |
          18.0 |             11.0 |          1019.607 |   0.00125 |  2521015.0 | 12.0 | 17.0 |
          18.0 |             11.0 |           38.1649 |       0.0 |        0.0 |  1.0 | 18.0 |
          18.0 |             11.0 |           38.3766 |       0.0 |    14455.0 |  2.0 | 18.0 |
          18.0 |             11.0 |           38.4334 |       0.0 |    18307.0 |  3.0 | 18.0 |
          18.0 |             11.0 |           47.8339 | 1.263e-05 |   529643.0 |  6.0 | 18.0 |
          18.0 |             11.0 |           48.1169 | 2.557e-05 |   541936.0 |  7.0 | 18.0 |
          18.0 |             11.0 |            52.914 | 6.188e-07 |   730362.0 |  9.0 | 18.0 |
          18.0 |             11.0 |           730.412 |     0.576 |  2483300.0 | 11.0 | 18.0 |
          18.0 |             11.0 |          1008.125 |  0.004999 |  2521015.0 | 12.0 | 18.0 |
          18.0 |             11.0 |             38.13 |       0.0 |        0.0 |  1.0 | 19.0 |
          18.0 |             11.0 |           38.3414 |       0.0 |    14455.0 |  2.0 | 19.0 |
          18.0 |             11.0 |           47.7792 |  3.67e-05 |   529643.0 |  6.0 | 19.0 |
          18.0 |             11.0 |           717.849 |    0.8289 |  2483300.0 | 11.0 | 19.0 |
          18.0 |             11.0 |           37.7691 |       0.0 |        0.0 |  1.0 | 20.0 |
          18.0 |             11.0 |           37.9826 |       0.0 |    14455.0 |  2.0 | 20.0 |
          18.0 |             11.0 |           47.4471 | 0.0005797 |   529643.0 |  6.0 | 20.0 |
          18.0 |             11.0 |           47.7331 | 5.542e-05 |   541936.0 |  7.0 | 20.0 |
          18.0 |             11.0 |           47.8975 | 0.0001805 |   548958.0 |  8.0 | 20.0 |
          18.0 |             11.0 |            52.703 | 7.351e-08 |   730362.0 |  9.0 | 20.0 |
          18.0 |             11.0 |           588.218 |  0.002108 |  2483300.0 | 11.0 | 20.0 |
          18.0 |             11.0 |           744.014 |    0.3094 |  2521015.0 | 12.0 | 20.0 |
          18.0 |             11.0 |          1578.766 |  0.005952 |  2587133.0 | 13.0 | 20.0 |
          18.0 |             11.0 |          1595.684 |  0.007539 |  2588400.0 | 14.0 | 20.0 |
          18.0 |             11.0 |          2269.094 |  0.001226 |  2604121.0 | 16.0 | 20.0 |
          18.0 |             11.0 |           37.7514 |       0.0 |        0.0 |  1.0 | 21.0 |
          18.0 |             11.0 |           37.9646 |       0.0 |    14455.0 |  2.0 | 21.0 |
          18.0 |             11.0 |           38.0214 |       0.0 |    18307.0 |  3.0 | 21.0 |
          18.0 |             11.0 |           38.8576 |       0.0 |    71834.0 |  4.0 | 21.0 |
          18.0 |             11.0 |           47.4191 | 0.0009036 |   529643.0 |  6.0 | 21.0 |
          18.0 |             11.0 |           47.7047 | 0.0004878 |   541936.0 |  7.0 | 21.0 |
          18.0 |             11.0 |            52.669 | 3.073e-05 |   730362.0 |  9.0 | 21.0 |
          18.0 |             11.0 |            583.94 |  0.008588 |  2483300.0 | 11.0 | 21.0 |
          18.0 |             11.0 |           737.182 |    0.5046 |  2521015.0 | 12.0 | 21.0 |
          18.0 |             11.0 |          1548.317 | 0.0008677 |  2587133.0 | 13.0 | 21.0 |
          18.0 |             11.0 |          1564.585 |   0.00936 |  2588400.0 | 14.0 | 21.0 |
          18.0 |             11.0 |          1640.406 |   0.02149 |  2589667.0 | 15.0 | 21.0 |
          18.0 |             11.0 |          2206.721 | 0.0002064 |  2604121.0 | 16.0 | 21.0 |
          18.0 |             11.0 |           37.7436 |       0.0 |        0.0 |  1.0 | 22.0 |
          18.0 |             11.0 |           38.8494 |       0.0 |    71834.0 |  4.0 | 22.0 |
          18.0 |             11.0 |           47.6923 | 0.0001996 |   541936.0 |  7.0 | 22.0 |
          18.0 |             11.0 |            52.654 | 9.594e-06 |   730362.0 |  9.0 | 22.0 |
          18.0 |             11.0 |           734.241 |     0.105 |  2521015.0 | 12.0 | 22.0 |
          18.0 |             11.0 |            1535.4 |  0.004915 |  2587133.0 | 13.0 | 22.0 |
          18.0 |             11.0 |           38.1759 |   0.03882 |    14455.0 |  2.0 | 23.0 |
          18.0 |             11.0 |           37.9376 |   0.03082 |        0.0 |  1.0 | 24.0 |
          18.0 |             11.0 |           38.1529 |   0.02322 |    14455.0 |  2.0 | 24.0 |
          18.0 |             11.0 |           38.2102 |   0.06047 |    18307.0 |  3.0 | 24.0 |
          18.0 |             11.0 |           39.0549 |  0.006166 |    71834.0 |  4.0 | 24.0 |
          18.0 |             11.0 |           40.2324 |  0.000281 |   148513.0 |  5.0 | 24.0 |
          18.0 |             11.0 |             37.81 |   0.08138 |        0.0 |  1.0 | 25.0 |
          18.0 |             11.0 |           38.0178 |   0.08418 |    14455.0 |  2.0 | 25.0 |
          18.0 |             11.0 |           38.8657 |    0.0527 |    71834.0 |  4.0 | 25.0 |
          18.0 |             11.0 |           37.7388 | 0.0004674 |        0.0 |  1.0 | 26.0 |
          18.0 |             11.0 |           37.9458 | 1.171e-05 |    14455.0 |  2.0 | 26.0 |
          18.0 |             11.0 |           38.0014 |  0.001206 |    18307.0 |  3.0 | 26.0 |
          18.0 |             11.0 |           38.7904 |    0.1562 |    71834.0 |  4.0 | 26.0 |
          18.0 |             11.0 |           39.9796 |     0.158 |   148513.0 |  5.0 | 26.0 |
          18.0 |             11.0 |           36.8241 |       0.0 |        0.0 |  1.0 | 27.0 |
          18.0 |             11.0 |           37.0269 |       0.0 |    14455.0 |  2.0 | 27.0 |
          18.0 |             11.0 |           37.8758 |       0.0 |    71834.0 |  4.0 | 27.0 |
          18.0 |             11.0 |           45.9652 | 0.0002005 |   529643.0 |  6.0 | 27.0 |
          18.0 |             11.0 |           46.2335 | 5.195e-06 |   541936.0 |  7.0 | 27.0 |
          18.0 |             11.0 |           46.3878 |  0.000358 |   548958.0 |  8.0 | 27.0 |
          18.0 |             11.0 |            50.881 |  0.002374 |   730362.0 |  9.0 | 27.0 |
          18.0 |             11.0 |           494.179 | 6.494e-05 |  2521015.0 | 12.0 | 27.0 |
          18.0 |             11.0 |            761.67 |    0.1186 |  2587133.0 | 13.0 | 27.0 |
          18.0 |             11.0 |           765.586 |   0.02339 |  2588400.0 | 14.0 | 27.0 |
          18.0 |             11.0 |           892.696 |    0.1264 |  2604121.0 | 16.0 | 27.0 |
          18.0 |             11.0 |          1230.274 |  0.003618 |  2634332.0 | 23.0 | 27.0 |
          18.0 |             11.0 |          1254.635 |  0.004565 |  2635910.2 | 24.0 | 27.0 |
          18.0 |             11.0 |          1328.179 | 0.0008573 |  2644800.0 | 25.0 | 27.0 |
          18.0 |             11.0 |          1660.504 |   0.01102 |  2649791.0 | 26.0 | 27.0 |
          18.0 |             11.0 |           36.8692 |       0.0 |        0.0 |  1.0 | 28.0 |
          18.0 |             11.0 |           37.0726 |       0.0 |    14455.0 |  2.0 | 28.0 |
          18.0 |             11.0 |           37.1267 |       0.0 |    18307.0 |  3.0 | 28.0 |
          18.0 |             11.0 |           37.9236 |       0.0 |    71834.0 |  4.0 | 28.0 |
          18.0 |             11.0 |           39.0329 |       0.0 |   148513.0 |  5.0 | 28.0 |
          18.0 |             11.0 |           46.0355 | 0.0002276 |   529643.0 |  6.0 | 28.0 |
          18.0 |             11.0 |           46.3047 | 0.0009724 |   541936.0 |  7.0 | 28.0 |
          18.0 |             11.0 |            50.967 | 9.194e-06 |   730362.0 |  9.0 | 28.0 |
          18.0 |             11.0 |           426.202 |  1.16e-05 |  2483300.0 | 11.0 | 28.0 |
          18.0 |             11.0 |           502.432 |  0.001225 |  2521015.0 | 12.0 | 28.0 |
          18.0 |             11.0 |           781.455 |  0.002127 |  2587133.0 | 13.0 | 28.0 |
          18.0 |             11.0 |           785.578 |    0.4142 |  2588400.0 | 14.0 | 28.0 |
          18.0 |             11.0 |           804.242 |   0.09265 |  2589667.0 | 15.0 | 28.0 |
          18.0 |             11.0 |           919.995 |  0.002372 |  2604121.0 | 16.0 | 28.0 |
          18.0 |             11.0 |          1309.236 |   0.01233 |  2635910.2 | 24.0 | 28.0 |
          18.0 |             11.0 |          1389.525 | 0.0004042 |  2644800.0 | 25.0 | 28.0 |
          18.0 |             11.0 |          1757.511 | 0.0002375 |  2649791.0 | 26.0 | 28.0 |
          18.0 |             11.0 |            36.814 |       0.0 |        0.0 |  1.0 | 29.0 |
          18.0 |             11.0 |           37.0168 |       0.0 |    14455.0 |  2.0 | 29.0 |
          18.0 |             11.0 |           37.8652 |       0.0 |    71834.0 |  4.0 | 29.0 |
          18.0 |             11.0 |           45.9495 |  0.002156 |   529643.0 |  6.0 | 29.0 |
          18.0 |             11.0 |           418.941 | 0.0002392 |  2483300.0 | 11.0 | 29.0 |
          18.0 |             11.0 |           761.261 |  0.005292 |  2588400.0 | 14.0 | 29.0 |
          18.0 |             11.0 |           778.775 |    0.7234 |  2589667.0 | 15.0 | 29.0 |
          18.0 |             11.0 |            886.82 |  0.002993 |  2604121.0 | 16.0 | 29.0 |
          18.0 |             11.0 |          1315.215 |    0.0161 |  2644800.0 | 25.0 | 29.0 |
          18.0 |             11.0 |           36.9859 |       0.0 |        0.0 |  1.0 | 30.0 |
          18.0 |             11.0 |           37.1905 |       0.0 |    14455.0 |  2.0 | 30.0 |
          18.0 |             11.0 |            38.047 |       0.0 |    71834.0 |  4.0 | 30.0 |
          18.0 |             11.0 |           46.2175 | 0.0001428 |   529643.0 |  6.0 | 30.0 |
          18.0 |             11.0 |           46.4888 | 0.0003929 |   541936.0 |  7.0 | 30.0 |
          18.0 |             11.0 |           46.6448 | 0.0001505 |   548958.0 |  8.0 | 30.0 |
          18.0 |             11.0 |            51.191 |  0.002014 |   730362.0 |  9.0 | 30.0 |
          18.0 |             11.0 |           524.996 |  0.001385 |  2521015.0 | 12.0 | 30.0 |
          18.0 |             11.0 |           837.436 |   0.09568 |  2587133.0 | 13.0 | 30.0 |
          18.0 |             11.0 |           842.172 |   0.06773 |  2588400.0 | 14.0 | 30.0 |
          18.0 |             11.0 |           998.583 |   0.09033 |  2604121.0 | 16.0 | 30.0 |
          18.0 |             11.0 |          1440.832 |  0.002678 |  2634332.0 | 23.0 | 30.0 |
          18.0 |             11.0 |          1474.358 | 3.512e-05 |  2635910.2 | 24.0 | 30.0 |
          18.0 |             11.0 |           1576.97 |  0.001388 |  2644800.0 | 25.0 | 30.0 |
          18.0 |             11.0 |          2068.494 |  0.007948 |  2649791.0 | 26.0 | 30.0 |
          18.0 |             11.0 |           36.7307 |       0.0 |        0.0 |  1.0 | 31.0 |
          18.0 |             11.0 |           36.9325 |       0.0 |    14455.0 |  2.0 | 31.0 |
          18.0 |             11.0 |           36.9862 |       0.0 |    18307.0 |  3.0 | 31.0 |
          18.0 |             11.0 |           37.7771 |       0.0 |    71834.0 |  4.0 | 31.0 |
          18.0 |             11.0 |           38.8777 |       0.0 |   148513.0 |  5.0 | 31.0 |
          18.0 |             11.0 |           45.8198 |  0.000299 |   529643.0 |  6.0 | 31.0 |
          18.0 |             11.0 |           46.0864 | 0.0004849 |   541936.0 |  7.0 | 31.0 |
          18.0 |             11.0 |            50.703 | 0.0002387 |   730362.0 |  9.0 | 31.0 |
          18.0 |             11.0 |             408.4 | 4.291e-06 |  2483300.0 | 11.0 | 31.0 |
          18.0 |             11.0 |           477.876 | 0.0005834 |  2521015.0 | 12.0 | 31.0 |
          18.0 |             11.0 |           723.621 |    0.6122 |  2587133.0 | 13.0 | 31.0 |
          18.0 |             11.0 |           727.155 |   0.01062 |  2588400.0 | 14.0 | 31.0 |
          18.0 |             11.0 |           743.118 | 0.0008337 |  2589667.0 | 15.0 | 31.0 |
          18.0 |             11.0 |           840.875 |   0.00109 |  2604121.0 | 16.0 | 31.0 |
          18.0 |             11.0 |          1154.629 |  0.001244 |  2635910.2 | 24.0 | 31.0 |
          18.0 |             11.0 |          1216.626 | 0.0002916 |  2644800.0 | 25.0 | 31.0 |
          18.0 |             11.0 |           36.6915 |       0.0 |        0.0 |  1.0 | 32.0 |
          18.0 |             11.0 |           36.8929 |       0.0 |    14455.0 |  2.0 | 32.0 |
          18.0 |             11.0 |           45.7588 |  0.001856 |   529643.0 |  6.0 | 32.0 |
          18.0 |             11.0 |           403.608 | 5.851e-05 |  2483300.0 | 11.0 | 32.0 |
          18.0 |             11.0 |           712.103 |     0.878 |  2588400.0 | 14.0 | 32.0 |
          18.0 |             11.0 |           727.405 |  0.001225 |  2589667.0 | 15.0 | 32.0 |
          18.0 |             11.0 |           820.812 |  0.005586 |  2604121.0 | 16.0 | 32.0 |
          18.0 |             11.0 |          1175.069 |  0.002974 |  2644800.0 | 25.0 | 32.0 |
          18.0 |             11.0 |           36.6502 |       0.0 |        0.0 |  1.0 | 33.0 |
          18.0 |             11.0 |           37.6919 |       0.0 |    71834.0 |  4.0 | 33.0 |
          18.0 |             11.0 |             711.5 |     1.156 |  2589667.0 | 15.0 | 33.0 |
          18.0 |             11.0 |           36.6073 |       0.0 |        0.0 |  1.0 | 34.0 |
          18.0 |             11.0 |           36.8077 |       0.0 |    14455.0 |  2.0 | 34.0 |
          18.0 |             11.0 |           37.6465 |       0.0 |    71834.0 |  4.0 | 34.0 |
          18.0 |             11.0 |           45.6279 | 0.0005074 |   529643.0 |  6.0 | 34.0 |
          18.0 |             11.0 |           681.648 |  0.005864 |  2588400.0 | 14.0 | 34.0 |
          18.0 |             11.0 |           695.657 |  0.003961 |  2589667.0 | 15.0 | 34.0 |
          18.0 |             11.0 |           780.612 |    0.8036 |  2604121.0 | 16.0 | 34.0 |
          18.0 |             11.0 |          1094.386 |  0.001796 |  2644800.0 | 25.0 | 34.0 |
          18.0 |             11.0 |           36.1665 |       0.0 |        0.0 |  1.0 | 35.0 |
          18.0 |             11.0 |           45.2016 |   0.00495 |   541936.0 |  7.0 | 35.0 |
          18.0 |             11.0 |           49.6343 | 2.853e-05 |   730362.0 |  9.0 | 35.0 |
          18.0 |             11.0 |           397.246 |   0.02358 |  2521015.0 | 12.0 | 35.0 |
          18.0 |             11.0 |           553.502 |    0.1455 |  2587133.0 | 13.0 | 35.0 |
          18.0 |             11.0 |           774.703 |   0.01015 |  2635910.2 | 24.0 | 35.0 |
          18.0 |             11.0 |           912.409 | 0.0001101 |  2649791.0 | 26.0 | 35.0 |
          18.0 |             11.0 |            36.039 |       0.0 |        0.0 |  1.0 | 36.0 |
          18.0 |             11.0 |           36.2333 |       0.0 |    14455.0 |  2.0 | 36.0 |
          18.0 |             11.0 |           37.0458 |       0.0 |    71834.0 |  4.0 | 36.0 |
          18.0 |             11.0 |           44.7484 | 3.387e-05 |   529643.0 |  6.0 | 36.0 |
          18.0 |             11.0 |           45.0026 |  0.007816 |   541936.0 |  7.0 | 36.0 |
          18.0 |             11.0 |           45.1488 |  0.008537 |   548958.0 |  8.0 | 36.0 |
          18.0 |             11.0 |           49.3945 | 0.0002452 |   730362.0 |  9.0 | 36.0 |
          18.0 |             11.0 |           336.572 | 6.494e-05 |  2483300.0 | 11.0 | 36.0 |
          18.0 |             11.0 |           382.389 |   0.03879 |  2521015.0 | 12.0 | 36.0 |
          18.0 |             11.0 |           525.076 |   0.05026 |  2587133.0 | 13.0 | 36.0 |
          18.0 |             11.0 |           526.934 |    0.1742 |  2588400.0 | 14.0 | 36.0 |
          18.0 |             11.0 |           584.186 |  0.001844 |  2604121.0 | 16.0 | 36.0 |
          18.0 |             11.0 |           712.044 |   0.09267 |  2634332.0 | 23.0 | 36.0 |
          18.0 |             11.0 |           720.137 |   0.06576 |  2635910.2 | 24.0 | 36.0 |
          18.0 |             11.0 |           743.776 |   0.03953 |  2644800.0 | 25.0 | 36.0 |
          18.0 |             11.0 |           837.656 | 0.0004474 |  2649791.0 | 26.0 | 36.0 |
          18.0 |             11.0 |           36.1052 |       0.0 |        0.0 |  1.0 | 37.0 |
          18.0 |             11.0 |           36.2946 |       0.0 |    14455.0 |  2.0 | 37.0 |
          18.0 |             11.0 |           36.3454 |       0.0 |    18307.0 |  3.0 | 37.0 |
          18.0 |             11.0 |           37.0665 |       0.0 |    71834.0 |  4.0 | 37.0 |
          18.0 |             11.0 |           38.1509 |       0.0 |   148513.0 |  5.0 | 37.0 |
          18.0 |             11.0 |            44.642 |   0.03048 |   529643.0 |  6.0 | 37.0 |
          18.0 |             11.0 |           44.8883 |  0.004025 |   541936.0 |  7.0 | 37.0 |
          18.0 |             11.0 |           49.0359 | 0.0009903 |   730362.0 |  9.0 | 37.0 |
          18.0 |             11.0 |           402.138 |    0.1912 |  2521015.0 | 12.0 | 37.0 |
          18.0 |             11.0 |           547.786 |  0.004862 |  2587133.0 | 13.0 | 37.0 |
          18.0 |             11.0 |           551.615 |     0.124 |  2588400.0 | 14.0 | 37.0 |
          18.0 |             11.0 |           555.497 |    0.4894 |  2589667.0 | 15.0 | 37.0 |
          18.0 |             11.0 |           603.992 |   0.05019 |  2604121.0 | 16.0 | 37.0 |
          18.0 |             11.0 |           736.002 |   0.02091 |  2635910.2 | 24.0 | 37.0 |
          18.0 |             11.0 |            800.73 |   0.02243 |  2644800.0 | 25.0 | 37.0 |
          18.0 |             11.0 |           834.063 |   0.02547 |  2649791.0 | 26.0 | 37.0 |
          18.0 |             11.0 |           36.0704 | 0.0009582 |    14455.0 |  2.0 | 38.0 |
          18.0 |             11.0 |           576.508 |    0.1456 |  2619092.0 | 17.0 | 38.0 |
          18.0 |             11.0 |           716.506 | 0.0005586 |  2647664.8 | 20.0 | 38.0 |
          18.0 |             11.0 |           35.8767 |  0.001465 |        0.0 |  1.0 | 39.0 |
          18.0 |             11.0 |           36.0692 | 0.0007757 |    14455.0 |  2.0 | 39.0 |
          18.0 |             11.0 |           36.1204 | 0.0004779 |    18307.0 |  3.0 | 39.0 |
          18.0 |             11.0 |           36.8743 |  1.03e-06 |    71834.0 |  4.0 | 39.0 |
          18.0 |             11.0 |           37.9223 | 1.402e-07 |   148513.0 |  5.0 | 39.0 |
          18.0 |             11.0 |           576.198 |    0.3282 |  2619092.0 | 17.0 | 39.0 |
          18.0 |             11.0 |            580.16 |     0.108 |  2620209.0 | 18.0 | 39.0 |
          18.0 |             11.0 |           716.027 | 0.0007528 |  2647664.8 | 20.0 | 39.0 |
          18.0 |             11.0 |           722.471 | 0.0008822 |  2648910.5 | 21.0 | 39.0 |
          18.0 |             11.0 |           725.318 | 9.377e-05 |  2649454.0 | 22.0 | 39.0 |
          18.0 |             11.0 |             35.96 |   0.00283 |        0.0 |  1.0 | 40.0 |
          18.0 |             11.0 |           36.1479 | 0.0001439 |    14455.0 |  2.0 | 40.0 |
          18.0 |             11.0 |           36.9135 | 1.153e-06 |    71834.0 |  4.0 | 40.0 |
          18.0 |             11.0 |           618.139 |    0.2565 |  2619092.0 | 17.0 | 40.0 |
          18.0 |             11.0 |           622.436 |    0.4213 |  2620209.0 | 18.0 | 40.0 |
          18.0 |             11.0 |            631.86 |   0.04797 |  2622605.0 | 19.0 | 40.0 |
          18.0 |             11.0 |           715.188 | 2.704e-05 |  2647664.8 | 20.0 | 40.0 |
          18.0 |             11.0 |           721.616 |   0.00235 |  2648910.5 | 21.0 | 40.0 |
          18.0 |             11.0 |           35.8716 | 0.0004875 |        0.0 |  1.0 | 41.0 |
          18.0 |             11.0 |            36.064 |       0.0 |    14455.0 |  2.0 | 41.0 |
          18.0 |             11.0 |           36.8689 | 1.463e-05 |    71834.0 |  4.0 | 41.0 |
          18.0 |             11.0 |           322.514 |       0.0 |  2483300.0 | 11.0 | 41.0 |
          18.0 |             11.0 |           578.817 |    0.6782 |  2620209.0 | 18.0 | 41.0 |
          18.0 |             11.0 |           586.563 |    0.3354 |  2622605.0 | 19.0 | 41.0 |
          18.0 |             11.0 |            720.39 |   0.00141 |  2648910.5 | 21.0 | 41.0 |
          18.0 |             11.0 |            1401.2 | 7.735e-05 |  2716356.8 | 29.0 | 41.0 |
          18.0 |             11.0 |           35.8665 |       0.0 |        0.0 |  1.0 | 42.0 |
          18.0 |             11.0 |           322.107 |       0.0 |  2483300.0 | 11.0 | 42.0 |
          18.0 |             11.0 |           585.218 |     1.297 |  2622605.0 | 19.0 | 42.0 |
          18.0 |             11.0 |           36.0357 |       0.0 |        0.0 |  1.0 | 43.0 |
          18.0 |             11.0 |           36.2299 |       0.0 |    14455.0 |  2.0 | 43.0 |
          18.0 |             11.0 |           36.2816 |       0.0 |    18307.0 |  3.0 | 43.0 |
          18.0 |             11.0 |           37.0423 |       0.0 |    71834.0 |  4.0 | 43.0 |
          18.0 |             11.0 |           38.0999 |       0.0 |   148513.0 |  5.0 | 43.0 |
          18.0 |             11.0 |           44.7433 | 0.0002222 |   529643.0 |  6.0 | 43.0 |
          18.0 |             11.0 |           44.9975 |    0.0121 |   541936.0 |  7.0 | 43.0 |
          18.0 |             11.0 |           49.3882 | 0.0002407 |   730362.0 |  9.0 | 43.0 |
          18.0 |             11.0 |           336.284 | 2.661e-05 |  2483300.0 | 11.0 | 43.0 |
          18.0 |             11.0 |           382.016 |    0.0254 |  2521015.0 | 12.0 | 43.0 |
          18.0 |             11.0 |           524.374 |  0.001029 |  2587133.0 | 13.0 | 43.0 |
          18.0 |             11.0 |           526.228 | 2.295e-05 |  2588400.0 | 14.0 | 43.0 |
          18.0 |             11.0 |           534.537 |     0.132 |  2589667.0 | 15.0 | 43.0 |
          18.0 |             11.0 |           583.317 |   0.06061 |  2604121.0 | 16.0 | 43.0 |
          18.0 |             11.0 |           718.817 |    0.3833 |  2635910.2 | 24.0 | 43.0 |
          18.0 |             11.0 |           742.368 |   0.07423 |  2644800.0 | 25.0 | 43.0 |
          18.0 |             11.0 |           835.871 |   0.01907 |  2649791.0 | 26.0 | 43.0 |
          18.0 |             11.0 |           36.2592 |       0.0 |        0.0 |  1.0 | 44.0 |
          18.0 |             11.0 |           36.4559 |       0.0 |    14455.0 |  2.0 | 44.0 |
          18.0 |             11.0 |           37.2785 |       0.0 |    71834.0 |  4.0 | 44.0 |
          18.0 |             11.0 |           45.0884 |    0.0176 |   529643.0 |  6.0 | 44.0 |
          18.0 |             11.0 |           45.3466 | 0.0008495 |   541936.0 |  7.0 | 44.0 |
          18.0 |             11.0 |           49.8091 | 1.768e-05 |   730362.0 |  9.0 | 44.0 |
          18.0 |             11.0 |           356.812 | 1.903e-05 |  2483300.0 | 11.0 | 44.0 |
          18.0 |             11.0 |           408.729 |   0.02927 |  2521015.0 | 12.0 | 44.0 |
          18.0 |             11.0 |           576.051 |   0.05394 |  2587133.0 | 13.0 | 44.0 |
          18.0 |             11.0 |           578.288 |    0.1463 |  2588400.0 | 14.0 | 44.0 |
          18.0 |             11.0 |           809.141 |   0.00829 |  2634332.0 | 23.0 | 44.0 |
          18.0 |             11.0 |           819.607 |   0.02548 |  2635910.2 | 24.0 | 44.0 |
          18.0 |             11.0 |           850.367 |    0.1163 |  2644800.0 | 25.0 | 44.0 |
          18.0 |             11.0 |           975.344 |  0.005843 |  2649791.0 | 26.0 | 44.0 |
          18.0 |             11.0 |           36.0609 |       0.0 |        0.0 |  1.0 | 45.0 |
          18.0 |             11.0 |           36.2554 |       0.0 |    14455.0 |  2.0 | 45.0 |
          18.0 |             11.0 |           37.0689 |       0.0 |    71834.0 |  4.0 | 45.0 |
          18.0 |             11.0 |           44.7822 | 5.974e-05 |   529643.0 |  6.0 | 45.0 |
          18.0 |             11.0 |           45.0368 |  0.003496 |   541936.0 |  7.0 | 45.0 |
          18.0 |             11.0 |           45.1832 |  0.001863 |   548958.0 |  8.0 | 45.0 |
          18.0 |             11.0 |           49.4356 | 0.0007591 |   730362.0 |  9.0 | 45.0 |
          18.0 |             11.0 |           384.871 | 0.0005829 |  2521015.0 | 12.0 | 45.0 |
          18.0 |             11.0 |           529.768 |   0.01956 |  2587133.0 | 13.0 | 45.0 |
          18.0 |             11.0 |            531.66 | 0.0007213 |  2588400.0 | 14.0 | 45.0 |
          18.0 |             11.0 |             590.0 |   0.01376 |  2604121.0 | 16.0 | 45.0 |
          18.0 |             11.0 |             720.7 |    0.1579 |  2634332.0 | 23.0 | 45.0 |
          18.0 |             11.0 |           728.992 |    0.1782 |  2635910.2 | 24.0 | 45.0 |
          18.0 |             11.0 |           753.225 | 0.0006457 |  2644800.0 | 25.0 | 45.0 |
          18.0 |             11.0 |           849.661 |  0.009674 |  2649791.0 | 26.0 | 45.0 |
          18.0 |             11.0 |           36.1134 |       0.0 |    14455.0 |  2.0 | 46.0 |
          18.0 |             11.0 |           36.1648 |       0.0 |    18307.0 |  3.0 | 46.0 |
          18.0 |             11.0 |           36.9205 |       0.0 |    71834.0 |  4.0 | 46.0 |
          18.0 |             11.0 |           37.9711 |       0.0 |   148513.0 |  5.0 | 46.0 |
          18.0 |             11.0 |           44.5658 |  0.003313 |   529643.0 |  6.0 | 46.0 |
          18.0 |             11.0 |           44.8179 | 0.0001354 |   541936.0 |  7.0 | 46.0 |
          18.0 |             11.0 |            49.172 |  0.008639 |   730362.0 |  9.0 | 46.0 |
          18.0 |             11.0 |           326.509 | 0.0001371 |  2483300.0 | 11.0 | 46.0 |
          18.0 |             11.0 |           369.451 |   0.03875 |  2521015.0 | 12.0 | 46.0 |
          18.0 |             11.0 |           500.986 |  0.004446 |  2587133.0 | 13.0 | 46.0 |
          18.0 |             11.0 |           502.678 |   0.03197 |  2588400.0 | 14.0 | 46.0 |
          18.0 |             11.0 |           510.255 |   0.01213 |  2589667.0 | 15.0 | 46.0 |
          18.0 |             11.0 |            554.52 |    0.3789 |  2604121.0 | 16.0 | 46.0 |
          18.0 |             11.0 |           675.583 |    0.1438 |  2635910.2 | 24.0 | 46.0 |
          18.0 |             11.0 |           696.346 |  0.002578 |  2644800.0 | 25.0 | 46.0 |
          18.0 |             11.0 |           777.977 |    0.1775 |  2649791.0 | 26.0 | 46.0 |
          18.0 |             11.0 |           35.9891 |       0.0 |        0.0 |  1.0 | 47.0 |
          18.0 |             11.0 |           36.1828 |       0.0 |    14455.0 |  2.0 | 47.0 |
          18.0 |             11.0 |           36.9931 |       0.0 |    71834.0 |  4.0 | 47.0 |
          18.0 |             11.0 |           44.6715 |   0.01141 |   529643.0 |  6.0 | 47.0 |
          18.0 |             11.0 |           332.271 | 6.377e-05 |  2483300.0 | 11.0 | 47.0 |
          18.0 |             11.0 |           516.466 |   0.00622 |  2588400.0 | 14.0 | 47.0 |
          18.0 |             11.0 |           524.468 |   0.05421 |  2589667.0 | 15.0 | 47.0 |
          18.0 |             11.0 |           571.348 |  0.001304 |  2604121.0 | 16.0 | 47.0 |
          18.0 |             11.0 |           723.089 |    0.8312 |  2644800.0 | 25.0 | 47.0 |
          18.0 |             11.0 |           35.8658 |       0.0 |        0.0 |  1.0 | 48.0 |
          18.0 |             11.0 |           36.0583 |       0.0 |    14455.0 |  2.0 | 48.0 |
          18.0 |             11.0 |           36.8628 |       0.0 |    71834.0 |  4.0 | 48.0 |
          18.0 |             11.0 |           44.4817 |  0.001253 |   529643.0 |  6.0 | 48.0 |
          18.0 |             11.0 |            44.733 |  0.002453 |   541936.0 |  7.0 | 48.0 |
          18.0 |             11.0 |           44.8774 |  0.000188 |   548958.0 |  8.0 | 48.0 |
          18.0 |             11.0 |           49.0698 |  0.003789 |   730362.0 |  9.0 | 48.0 |
          18.0 |             11.0 |           363.756 |   0.01724 |  2521015.0 | 12.0 | 48.0 |
          18.0 |             11.0 |           490.571 |  0.009164 |  2587133.0 | 13.0 | 48.0 |
          18.0 |             11.0 |           492.193 |  0.005689 |  2588400.0 | 14.0 | 48.0 |
          18.0 |             11.0 |           541.789 |   0.06846 |  2604121.0 | 16.0 | 48.0 |
          18.0 |             11.0 |           650.042 |    0.0321 |  2634332.0 | 23.0 | 48.0 |
          18.0 |             11.0 |            656.78 |  0.000135 |  2635910.2 | 24.0 | 48.0 |
          18.0 |             11.0 |           676.386 | 0.0008146 |  2644800.0 | 25.0 | 48.0 |
          18.0 |             11.0 |           753.147 |     0.267 |  2649791.0 | 26.0 | 48.0 |
          18.0 |             11.0 |           35.7312 |       0.0 |        0.0 |  1.0 | 49.0 |
          18.0 |             11.0 |           35.9222 |       0.0 |    14455.0 |  2.0 | 49.0 |
          18.0 |             11.0 |            35.973 |       0.0 |    18307.0 |  3.0 | 49.0 |
          18.0 |             11.0 |           36.7206 |       0.0 |    71834.0 |  4.0 | 49.0 |
          18.0 |             11.0 |           37.7598 |       0.0 |   148513.0 |  5.0 | 49.0 |
          18.0 |             11.0 |           44.2749 | 0.0001458 |   529643.0 |  6.0 | 49.0 |
          18.0 |             11.0 |           44.5238 | 0.0008289 |   541936.0 |  7.0 | 49.0 |
          18.0 |             11.0 |           48.8181 |  0.001954 |   730362.0 |  9.0 | 49.0 |
          18.0 |             11.0 |           311.514 | 0.0003309 |  2483300.0 | 11.0 | 49.0 |
          18.0 |             11.0 |           350.368 |   0.03172 |  2521015.0 | 12.0 | 49.0 |
          18.0 |             11.0 |           466.529 | 2.334e-05 |  2587133.0 | 13.0 | 49.0 |
          18.0 |             11.0 |           467.996 |  0.001262 |  2588400.0 | 14.0 | 49.0 |
          18.0 |             11.0 |           474.557 |  0.002841 |  2589667.0 | 15.0 | 49.0 |
          18.0 |             11.0 |           512.614 |   0.00243 |  2604121.0 | 16.0 | 49.0 |
          18.0 |             11.0 |           614.391 |   0.06438 |  2635910.2 | 24.0 | 49.0 |
          18.0 |             11.0 |           631.515 |    0.5243 |  2644800.0 | 25.0 | 49.0 |
          18.0 |             11.0 |           697.929 |    0.1295 |  2649791.0 | 26.0 | 49.0 |
          18.0 |             11.0 |           35.6942 |       0.0 |        0.0 |  1.0 | 50.0 |
          18.0 |             11.0 |           36.6816 |       0.0 |    71834.0 |  4.0 | 50.0 |
          18.0 |             11.0 |           44.2181 |   0.00249 |   529643.0 |  6.0 | 50.0 |
          18.0 |             11.0 |           44.4663 |  0.001246 |   541936.0 |  7.0 | 50.0 |
          18.0 |             11.0 |            44.609 |  0.003433 |   548958.0 |  8.0 | 50.0 |
          18.0 |             11.0 |           48.7491 | 0.0004487 |   730362.0 |  9.0 | 50.0 |
          18.0 |             11.0 |           308.724 | 0.0001109 |  2483300.0 | 11.0 | 50.0 |
          18.0 |             11.0 |           346.842 |   0.07135 |  2521015.0 | 12.0 | 50.0 |
          18.0 |             11.0 |           460.299 |   0.01492 |  2587133.0 | 13.0 | 50.0 |
          18.0 |             11.0 |           461.727 |   0.01084 |  2588400.0 | 14.0 | 50.0 |
          18.0 |             11.0 |           505.102 |  0.001844 |  2604121.0 | 16.0 | 50.0 |
          18.0 |             11.0 |           597.935 |   0.08921 |  2634332.0 | 23.0 | 50.0 |
          18.0 |             11.0 |           603.631 |   0.09979 |  2635910.2 | 24.0 | 50.0 |
          18.0 |             11.0 |           620.153 |    0.1976 |  2644800.0 | 25.0 | 50.0 |
          18.0 |             11.0 |           684.078 |   0.02716 |  2649791.0 | 26.0 | 50.0 |
          18.0 |             11.0 |            35.383 |    0.2356 |        0.0 |  1.0 | 51.0 |
          18.0 |             11.0 |           35.5649 |    0.5436 |    14455.0 |  2.0 | 51.0 |
          18.0 |             11.0 |           36.3058 |  0.002902 |    71834.0 |  4.0 | 51.0 |
          18.0 |             11.0 |           566.224 |    0.5264 |  2647664.8 | 20.0 | 51.0 |
          18.0 |             11.0 |           570.246 |    0.1682 |  2648910.5 | 21.0 | 51.0 |
          18.0 |             11.0 |           892.995 |  0.009701 |  2712290.8 | 28.0 | 51.0 |
          18.0 |             11.0 |           35.3979 |   0.01715 |        0.0 |  1.0 | 52.0 |
          18.0 |             11.0 |             35.58 |     0.208 |    14455.0 |  2.0 | 52.0 |
          18.0 |             11.0 |           35.6288 |    0.2686 |    18307.0 |  3.0 | 52.0 |
          18.0 |             11.0 |           36.3215 | 0.0006255 |    71834.0 |  4.0 | 52.0 |
          18.0 |             11.0 |           563.065 |    0.1719 |  2647664.8 | 20.0 | 52.0 |
          18.0 |             11.0 |           567.042 |   0.01103 |  2648910.5 | 21.0 | 52.0 |
          18.0 |             11.0 |           568.795 |    0.2325 |  2649454.0 | 22.0 | 52.0 |
          18.0 |             11.0 |           911.996 |  0.004199 |  2715614.8 | 27.0 | 52.0 |
          18.0 |             11.0 |           885.163 |  0.004234 |  2712290.8 | 28.0 | 52.0 |
          18.0 |             11.0 |           822.856 |  0.006438 |  2703736.2 | 30.0 | 52.0 |
          18.0 |             11.0 |           36.6631 |       0.0 |    71834.0 |  4.0 | 53.0 |
          18.0 |             11.0 |           44.4392 |  0.003412 |   541936.0 |  7.0 | 53.0 |
          18.0 |             11.0 |           48.7165 | 6.208e-05 |   730362.0 |  9.0 | 53.0 |
          18.0 |             11.0 |           345.197 |   0.03117 |  2521015.0 | 12.0 | 53.0 |
          18.0 |             11.0 |           457.407 |  0.009032 |  2587133.0 | 13.0 | 53.0 |
          18.0 |             11.0 |           598.667 |    0.1394 |  2635910.2 | 24.0 | 53.0 |
          18.0 |             11.0 |           677.708 | 0.0004834 |  2649791.0 | 26.0 | 53.0 |
          18.0 |             11.0 |            485.42 |  0.005095 |  2620209.0 | 18.0 | 54.0 |
          18.0 |             11.0 |           564.197 |    0.9683 |  2648910.5 | 21.0 | 54.0 |
          18.0 |             11.0 |           910.775 |   0.01738 |  2716356.8 | 29.0 | 54.0 |
          18.0 |             11.0 |           992.768 |   0.01041 |  2725425.0 | 32.0 | 54.0 |
          18.0 |             11.0 |           35.3035 |       0.0 |        0.0 |  1.0 | 55.0 |
          18.0 |             11.0 |           35.5395 |       0.0 |    18307.0 |  3.0 | 55.0 |
          18.0 |             11.0 |            36.269 |       0.0 |    71834.0 |  4.0 | 55.0 |
          18.0 |             11.0 |           37.2824 |       0.0 |   148513.0 |  5.0 | 55.0 |
          18.0 |             11.0 |             43.62 | 0.0003923 |   529643.0 |  6.0 | 55.0 |
          18.0 |             11.0 |           43.8616 | 0.0002068 |   541936.0 |  7.0 | 55.0 |
          18.0 |             11.0 |           48.0232 | 0.0002318 |   730362.0 |  9.0 | 55.0 |
          18.0 |             11.0 |           313.163 |  0.002399 |  2521015.0 | 12.0 | 55.0 |
          18.0 |             11.0 |           402.808 |  0.003064 |  2587133.0 | 13.0 | 55.0 |
          18.0 |             11.0 |           403.901 |  0.003163 |  2588400.0 | 14.0 | 55.0 |
          18.0 |             11.0 |           408.778 |  0.002522 |  2589667.0 | 15.0 | 55.0 |
          18.0 |             11.0 |           436.706 |    0.5545 |  2604121.0 | 16.0 | 55.0 |
          18.0 |             11.0 |           508.463 |    0.0124 |  2635910.2 | 24.0 | 55.0 |
          18.0 |             11.0 |           520.135 |    0.1155 |  2644800.0 | 25.0 | 55.0 |
          18.0 |             11.0 |           564.368 |    0.3755 |  2649791.0 | 26.0 | 55.0 |
          18.0 |             11.0 |           34.6258 |   0.01015 |        0.0 |  1.0 | 56.0 |
          18.0 |             11.0 |              34.8 |    0.0172 |    14455.0 |  2.0 | 56.0 |
          18.0 |             11.0 |            35.509 |  0.003004 |    71834.0 |  4.0 | 56.0 |
          18.0 |             11.0 |           429.401 | 0.0001542 |  2647664.8 | 20.0 | 56.0 |
          18.0 |             11.0 |           431.711 | 8.464e-05 |  2648910.5 | 21.0 | 56.0 |
          18.0 |             11.0 |           606.308 |    0.1711 |  2715614.8 | 27.0 | 56.0 |
          18.0 |             11.0 |            594.33 |    0.1597 |  2712290.8 | 28.0 | 56.0 |
          18.0 |             11.0 |           609.049 |    0.0118 |  2716356.8 | 29.0 | 56.0 |
          18.0 |             11.0 |           565.576 |    0.2399 |  2703736.2 | 30.0 | 56.0 |
          18.0 |             11.0 |           632.795 |   0.09799 |  2722518.0 | 31.0 | 56.0 |
          18.0 |             11.0 |           644.653 |    0.0163 |  2725425.0 | 32.0 | 56.0 |
          18.0 |             11.0 |           945.408 | 0.0005531 |  2774772.8 | 36.0 | 56.0 |
          18.0 |             11.0 |           930.568 |  0.001655 |  2773086.0 | 45.0 | 56.0 |
          18.0 |             11.0 |          1035.017 | 0.0006167 |  2783930.5 | 46.0 | 56.0 |
          18.0 |             11.0 |          1082.497 | 0.0005617 |  2788168.2 | 48.0 | 56.0 |
          18.0 |             11.0 |           34.6732 |   0.04384 |        0.0 |  1.0 | 57.0 |
          18.0 |             11.0 |           35.6041 |  0.005304 |    71834.0 |  4.0 | 57.0 |
          18.0 |             11.0 |           425.237 | 0.0004435 |  2648910.5 | 21.0 | 57.0 |
          18.0 |             11.0 |           582.131 |    0.5768 |  2712290.8 | 28.0 | 57.0 |
          18.0 |             11.0 |           596.244 |       0.2 |  2716356.8 | 29.0 | 57.0 |
          18.0 |             11.0 |           618.983 |   0.01744 |  2722518.0 | 31.0 | 57.0 |
          18.0 |             11.0 |           630.325 |     0.158 |  2725425.0 | 32.0 | 57.0 |
          18.0 |             11.0 |           642.776 |   0.02602 |  2728498.0 | 33.0 | 57.0 |
          18.0 |             11.0 |           656.279 | 0.0002745 |  2731699.0 | 34.0 | 57.0 |
          18.0 |             11.0 |           917.047 |  0.005346 |  2775027.8 | 43.0 | 57.0 |
          18.0 |             11.0 |           34.6404 |       0.0 |        0.0 |  1.0 | 58.0 |
          18.0 |             11.0 |           34.8199 |  0.001407 |    14455.0 |  2.0 | 58.0 |
          18.0 |             11.0 |           42.6122 |       0.0 |   529643.0 |  6.0 | 58.0 |
          18.0 |             11.0 |           366.266 | 2.704e-06 |  2619092.0 | 17.0 | 58.0 |
          18.0 |             11.0 |           418.175 | 0.0005794 |  2647664.8 | 20.0 | 58.0 |
          18.0 |             11.0 |           584.166 |   0.05712 |  2715614.8 | 27.0 | 58.0 |
          18.0 |             11.0 |           546.261 |   0.07788 |  2703736.2 | 30.0 | 58.0 |
          18.0 |             11.0 |           892.649 | 0.0005227 |  2774772.8 | 36.0 | 58.0 |
          18.0 |             11.0 |           775.922 | 0.0001219 |  2757920.0 | 44.0 | 58.0 |
          18.0 |             11.0 |           879.408 |  0.001922 |  2773086.0 | 45.0 | 58.0 |
          18.0 |             11.0 |          1013.883 |  0.007764 |  2788168.2 | 48.0 | 58.0 |
          18.0 |             11.0 |          1173.369 | 0.0001097 |  2801574.2 | 50.0 | 58.0 |
          18.0 |             11.0 |           35.5518 |       0.0 |    71834.0 |  4.0 | 59.0 |
          18.0 |             11.0 |           42.5867 |       0.0 |   529643.0 |  6.0 | 59.0 |
          18.0 |             11.0 |            333.05 |       0.0 |  2589667.0 | 15.0 | 59.0 |
          18.0 |             11.0 |            369.05 | 9.646e-05 |  2622605.0 | 19.0 | 59.0 |
          18.0 |             11.0 |           581.908 |    0.8343 |  2716356.8 | 29.0 | 59.0 |
          18.0 |             11.0 |           614.325 |  0.004237 |  2725425.0 | 32.0 | 59.0 |
          18.0 |             11.0 |           626.145 |    0.3929 |  2728498.0 | 33.0 | 59.0 |
          18.0 |             11.0 |           638.952 |   0.03295 |  2731699.0 | 34.0 | 59.0 |
          18.0 |             11.0 |           912.524 |  0.005427 |  2778619.2 | 47.0 | 59.0 |
          18.0 |             11.0 |           34.5402 |  0.009945 |        0.0 |  1.0 | 60.0 |
          18.0 |             11.0 |           35.4639 |   0.01671 |    71834.0 |  4.0 | 60.0 |
          18.0 |             11.0 |           406.064 | 0.0001507 |  2648910.5 | 21.0 | 60.0 |
          18.0 |             11.0 |           546.787 |    0.0105 |  2712290.8 | 28.0 | 60.0 |
          18.0 |             11.0 |           559.221 | 0.0006413 |  2716356.8 | 29.0 | 60.0 |
          18.0 |             11.0 |           579.176 |     1.043 |  2722518.0 | 31.0 | 60.0 |
          18.0 |             11.0 |           589.094 |   0.02193 |  2725425.0 | 32.0 | 60.0 |
          18.0 |             11.0 |           611.703 | 0.0002424 |  2731699.0 | 34.0 | 60.0 |
          18.0 |             11.0 |           832.297 | 0.0005482 |  2775027.8 | 43.0 | 60.0 |
          18.0 |             11.0 |           898.904 | 0.0004075 |  2783930.5 | 46.0 | 60.0 |
          18.0 |             11.0 |           42.4318 |       0.0 |   529643.0 |  6.0 | 61.0 |
          18.0 |             11.0 |           320.734 |       0.0 |  2588400.0 | 14.0 | 61.0 |
          18.0 |             11.0 |           357.729 | 3.244e-05 |  2622605.0 | 19.0 | 61.0 |
          18.0 |             11.0 |           554.251 |  0.005424 |  2716356.8 | 29.0 | 61.0 |
          18.0 |             11.0 |           583.582 |     1.356 |  2725425.0 | 32.0 | 61.0 |
          18.0 |             11.0 |           594.239 | 0.0001958 |  2728498.0 | 33.0 | 61.0 |
          18.0 |             11.0 |           605.761 |   0.01323 |  2731699.0 | 34.0 | 61.0 |
          18.0 |             11.0 |             846.3 |  0.001112 |  2778619.2 | 47.0 | 61.0 |
          18.0 |             11.0 |           321.707 |       0.0 |  2589667.0 | 15.0 | 62.0 |
          18.0 |             11.0 |           587.219 |     1.672 |  2728498.0 | 33.0 | 62.0 |
          18.0 |             11.0 |           35.3789 |       0.0 |    71834.0 |  4.0 | 63.0 |
          18.0 |             11.0 |           42.3388 |       0.0 |   529643.0 |  6.0 | 63.0 |
          18.0 |             11.0 |           335.168 |       0.0 |  2604121.0 | 16.0 | 63.0 |
          18.0 |             11.0 |           538.807 |   0.01964 |  2716356.8 | 29.0 | 63.0 |
          18.0 |             11.0 |           566.485 |   0.01097 |  2725425.0 | 32.0 | 63.0 |
          18.0 |             11.0 |           576.522 |   0.02329 |  2728498.0 | 33.0 | 63.0 |
          18.0 |             11.0 |           587.361 |     1.324 |  2731699.0 | 34.0 | 63.0 |
          18.0 |             11.0 |           810.814 | 0.0005611 |  2778619.2 | 47.0 | 63.0 |
          18.0 |             11.0 |           34.3442 |   0.07122 |        0.0 |  1.0 | 64.0 |
          18.0 |             11.0 |           34.5155 |    0.1885 |    14455.0 |  2.0 | 64.0 |
          18.0 |             11.0 |           34.5615 |    0.1225 |    18307.0 |  3.0 | 64.0 |
          18.0 |             11.0 |           35.2129 |    0.3163 |    71834.0 |  4.0 | 64.0 |
          18.0 |             11.0 |           36.1901 |   0.06208 |   148513.0 |  5.0 | 64.0 |
          18.0 |             11.0 |           376.476 |  0.001119 |  2647664.8 | 20.0 | 64.0 |
          18.0 |             11.0 |           379.029 |  0.003678 |  2649454.0 | 22.0 | 64.0 |
          18.0 |             11.0 |           505.891 |    0.2573 |  2715614.8 | 27.0 | 64.0 |
          18.0 |             11.0 |           497.524 |   0.05063 |  2712290.8 | 28.0 | 64.0 |
          18.0 |             11.0 |           477.214 |  0.004203 |  2703736.2 | 30.0 | 64.0 |
          18.0 |             11.0 |           674.337 |   0.03917 |  2764992.0 | 35.0 | 64.0 |
          18.0 |             11.0 |           721.953 |   0.01674 |  2774772.8 | 36.0 | 64.0 |
          18.0 |             11.0 |           723.285 |  0.009913 |  2775027.8 | 43.0 | 64.0 |
          18.0 |             11.0 |           643.642 |   0.01028 |  2757920.0 | 44.0 | 64.0 |
          18.0 |             11.0 |           773.064 |   0.03044 |  2783930.5 | 46.0 | 64.0 |
          18.0 |             11.0 |           799.248 |   0.01495 |  2788168.2 | 48.0 | 64.0 |
          18.0 |             11.0 |           35.6099 |       0.0 |    71834.0 |  4.0 | 65.0 |
          18.0 |             11.0 |           42.9012 |  0.000246 |   541936.0 |  7.0 | 65.0 |
          18.0 |             11.0 |           46.8743 |   0.00735 |   730362.0 |  9.0 | 65.0 |
          18.0 |             11.0 |           270.009 | 8.687e-05 |  2521015.0 | 12.0 | 65.0 |
          18.0 |             11.0 |           334.121 |  0.001394 |  2587133.0 | 13.0 | 65.0 |
          18.0 |             11.0 |           403.703 |  0.001058 |  2635910.2 | 24.0 | 65.0 |
          18.0 |             11.0 |           438.164 |    0.2413 |  2649791.0 | 26.0 | 65.0 |
          18.0 |             11.0 |           34.3486 |   0.02775 |        0.0 |  1.0 | 66.0 |
          18.0 |             11.0 |             34.52 |     1.363 |    14455.0 |  2.0 | 66.0 |
          18.0 |             11.0 |           35.2176 | 0.0001244 |    71834.0 |  4.0 | 66.0 |
          18.0 |             11.0 |           379.089 |  0.002068 |  2647664.8 | 20.0 | 66.0 |
          18.0 |             11.0 |           380.887 |   0.02143 |  2648910.5 | 21.0 | 66.0 |
          18.0 |             11.0 |           510.619 |   0.02667 |  2715614.8 | 27.0 | 66.0 |
          18.0 |             11.0 |           502.097 |    0.2777 |  2712290.8 | 28.0 | 66.0 |
          18.0 |             11.0 |           512.561 |   0.05643 |  2716356.8 | 29.0 | 66.0 |
          18.0 |             11.0 |           481.419 |   0.03638 |  2703736.2 | 30.0 | 66.0 |
          18.0 |             11.0 |           529.276 |   0.05729 |  2722518.0 | 31.0 | 66.0 |
          18.0 |             11.0 |           537.546 |   0.01635 |  2725425.0 | 32.0 | 66.0 |
          18.0 |             11.0 |           731.621 |   0.09354 |  2774772.8 | 36.0 | 66.0 |
          18.0 |             11.0 |           706.015 |  0.006159 |  2769686.0 | 37.0 | 66.0 |
          18.0 |             11.0 |           732.988 |  0.009703 |  2775027.8 | 43.0 | 66.0 |
          18.0 |             11.0 |           651.315 |     0.144 |  2757920.0 | 44.0 | 66.0 |
          18.0 |             11.0 |           34.4515 |   0.02921 |        0.0 |  1.0 | 67.0 |
          18.0 |             11.0 |           34.6239 |   0.03168 |    14455.0 |  2.0 | 67.0 |
          18.0 |             11.0 |           34.6702 |    0.2745 |    18307.0 |  3.0 | 67.0 |
          18.0 |             11.0 |           35.3258 |    0.2914 |    71834.0 |  4.0 | 67.0 |
          18.0 |             11.0 |           36.3093 |   0.09124 |   148513.0 |  5.0 | 67.0 |
          18.0 |             11.0 |           390.278 |  0.006595 |  2647664.8 | 20.0 | 67.0 |
          18.0 |             11.0 |           392.185 |  0.003105 |  2648910.5 | 21.0 | 67.0 |
          18.0 |             11.0 |           521.916 |   0.03558 |  2712290.8 | 28.0 | 67.0 |
          18.0 |             11.0 |            499.61 |    0.2752 |  2703736.2 | 30.0 | 67.0 |
          18.0 |             11.0 |           551.346 |  0.009957 |  2722518.0 | 31.0 | 67.0 |
          18.0 |             11.0 |            719.94 |   0.04772 |  2764992.0 | 35.0 | 67.0 |
          18.0 |             11.0 |           774.476 |   0.01002 |  2774772.8 | 36.0 | 67.0 |
          18.0 |             11.0 |           685.061 |     0.015 |  2757920.0 | 44.0 | 67.0 |
          18.0 |             11.0 |           833.598 |   0.02289 |  2783930.5 | 46.0 | 67.0 |
          18.0 |             11.0 |           864.123 |  0.005712 |  2788168.2 | 48.0 | 67.0 |
          18.0 |             11.0 |             34.33 |     2.698 |        0.0 |  1.0 | 68.0 |
          18.0 |             11.0 |            35.198 |   0.01124 |    71834.0 |  4.0 | 68.0 |
          18.0 |             11.0 |            377.09 |   0.02051 |  2648910.5 | 21.0 | 68.0 |
          18.0 |             11.0 |            495.52 |   0.05556 |  2712290.8 | 28.0 | 68.0 |
          18.0 |             11.0 |           505.709 |    0.4552 |  2716356.8 | 29.0 | 68.0 |
          18.0 |             11.0 |           530.014 |    0.1172 |  2725425.0 | 32.0 | 68.0 |
          18.0 |             11.0 |            538.79 |    0.0527 |  2728498.0 | 33.0 | 68.0 |
          18.0 |             11.0 |           698.236 |    0.3146 |  2769686.0 | 37.0 | 68.0 |
          18.0 |             11.0 |           719.055 |   0.02616 |  2775027.8 | 43.0 | 68.0 |
          18.0 |             11.0 |           34.2241 |     1.979 |        0.0 |  1.0 | 69.0 |
          18.0 |             11.0 |           34.3943 |     0.166 |    14455.0 |  2.0 | 69.0 |
          18.0 |             11.0 |           35.0867 |    0.1464 |    71834.0 |  4.0 | 69.0 |
          18.0 |             11.0 |           364.885 |    0.0296 |  2647664.8 | 20.0 | 69.0 |
          18.0 |             11.0 |           366.551 |   0.05916 |  2648910.5 | 21.0 | 69.0 |
          18.0 |             11.0 |            485.18 |    0.0236 |  2715614.8 | 27.0 | 69.0 |
          18.0 |             11.0 |           486.933 |    0.1586 |  2716356.8 | 29.0 | 69.0 |
          18.0 |             11.0 |           509.428 |   0.01688 |  2725425.0 | 32.0 | 69.0 |
          18.0 |             11.0 |           656.896 |    0.3045 |  2769686.0 | 37.0 | 69.0 |
          18.0 |             11.0 |           681.682 |   0.01505 |  2775027.8 | 43.0 | 69.0 |
          18.0 |             11.0 |           610.487 |   0.07351 |  2757920.0 | 44.0 | 69.0 |
          18.0 |             11.0 |            698.79 |   0.02829 |  2778619.2 | 47.0 | 69.0 |
          18.0 |             11.0 |           34.3538 |    0.3002 |    14455.0 |  2.0 | 70.0 |
          18.0 |             11.0 |           359.581 |   0.01387 |  2647664.8 | 20.0 | 70.0 |
          18.0 |             11.0 |           475.847 |   0.02496 |  2715614.8 | 27.0 | 70.0 |
          18.0 |             11.0 |            450.39 |   0.02339 |  2703736.2 | 30.0 | 70.0 |
          18.0 |             11.0 |            662.28 |   0.05015 |  2774772.8 | 36.0 | 70.0 |
          18.0 |             11.0 |           595.783 |   0.04406 |  2757920.0 | 44.0 | 70.0 |
          18.0 |             11.0 |           654.964 |  0.003649 |  2773086.0 | 45.0 | 70.0 |
          18.0 |             11.0 |           726.754 |  0.001569 |  2788168.2 | 48.0 | 70.0 |
          18.0 |             11.0 |            34.091 |    0.4325 |        0.0 |  1.0 | 71.0 |
          18.0 |             11.0 |           34.2598 |    0.3919 |    14455.0 |  2.0 | 71.0 |
          18.0 |             11.0 |           34.3051 |    0.3047 |    18307.0 |  3.0 | 71.0 |
          18.0 |             11.0 |           34.9468 |   0.04542 |    71834.0 |  4.0 | 71.0 |
          18.0 |             11.0 |           35.9091 | 8.893e-05 |   148513.0 |  5.0 | 71.0 |
          18.0 |             11.0 |           358.732 |    0.0137 |  2647664.8 | 20.0 | 71.0 |
          18.0 |             11.0 |           360.343 |   0.01848 |  2648910.5 | 21.0 | 71.0 |
          18.0 |             11.0 |           361.049 |   0.01886 |  2649454.0 | 22.0 | 71.0 |
          18.0 |             11.0 |           474.362 |   0.02433 |  2715614.8 | 27.0 | 71.0 |
          18.0 |             11.0 |           466.998 |   0.09892 |  2712290.8 | 28.0 | 71.0 |
          18.0 |             11.0 |           490.422 |  0.008083 |  2722518.0 | 31.0 | 71.0 |
          18.0 |             11.0 |           619.455 |   0.08858 |  2764992.0 | 35.0 | 71.0 |
          18.0 |             11.0 |           659.407 |   0.04792 |  2774772.8 | 36.0 | 71.0 |
          18.0 |             11.0 |           611.098 |    0.0662 |  2769686.0 | 37.0 | 71.0 |
          18.0 |             11.0 |           660.517 |   0.04484 |  2775027.8 | 43.0 | 71.0 |
          18.0 |             11.0 |           593.456 |   0.02506 |  2757920.0 | 44.0 | 71.0 |
          18.0 |             11.0 |           652.153 |  0.008339 |  2773086.0 | 45.0 | 71.0 |
          18.0 |             11.0 |           367.635 |  0.002768 |  2647664.8 | 20.0 | 72.0 |
          18.0 |             11.0 |           369.327 |  0.008034 |  2648910.5 | 21.0 | 72.0 |
          18.0 |             11.0 |           490.055 |    0.2048 |  2715614.8 | 27.0 | 72.0 |
          18.0 |             11.0 |           491.844 |  0.007439 |  2716356.8 | 29.0 | 72.0 |
          18.0 |             11.0 |           463.098 |    0.1391 |  2703736.2 | 30.0 | 72.0 |
          18.0 |             11.0 |           531.987 |   0.02715 |  2731699.0 | 34.0 | 72.0 |
          18.0 |             11.0 |           691.344 |   0.01509 |  2775027.8 | 43.0 | 72.0 |
          18.0 |             11.0 |           618.224 |   0.00841 |  2757920.0 | 44.0 | 72.0 |
          18.0 |             11.0 |           682.186 |   0.01477 |  2773086.0 | 45.0 | 72.0 |
          18.0 |             11.0 |           736.686 |    0.2104 |  2783930.5 | 46.0 | 72.0 |
          18.0 |             11.0 |           760.425 |   0.04788 |  2788168.2 | 48.0 | 72.0 |
          18.0 |             11.0 |           352.959 |   0.03125 |  2647664.8 | 20.0 | 73.0 |
          18.0 |             11.0 |           354.517 |   0.07386 |  2648910.5 | 21.0 | 73.0 |
          18.0 |             11.0 |           355.202 |  0.008301 |  2649454.0 | 22.0 | 73.0 |
          18.0 |             11.0 |           602.438 |   0.04411 |  2764992.0 | 35.0 | 73.0 |
          18.0 |             11.0 |           640.158 |   0.02311 |  2774772.8 | 36.0 | 73.0 |
          18.0 |             11.0 |           641.204 |    0.0257 |  2775027.8 | 43.0 | 73.0 |
          18.0 |             11.0 |            577.82 |    0.1131 |  2757920.0 | 44.0 | 73.0 |
          18.0 |             11.0 |           33.9513 |    0.1149 |        0.0 |  1.0 | 74.0 |
          18.0 |             11.0 |           436.599 |  0.004541 |  2716356.8 | 29.0 | 74.0 |
          18.0 |             11.0 |           448.668 |  0.004333 |  2722518.0 | 31.0 | 74.0 |
          18.0 |             11.0 |           454.597 |   0.01068 |  2725425.0 | 32.0 | 74.0 |
          18.0 |             11.0 |           461.037 |  0.002003 |  2728498.0 | 33.0 | 74.0 |
          18.0 |             11.0 |           467.943 |    0.2301 |  2731699.0 | 34.0 | 74.0 |
          18.0 |             11.0 |           569.116 |     0.114 |  2769686.0 | 37.0 | 74.0 |
          18.0 |             11.0 |           586.949 |    0.5741 |  2775027.8 | 43.0 | 74.0 |
          18.0 |             11.0 |           619.311 |    0.1097 |  2783930.5 | 46.0 | 74.0 |
          18.0 |             11.0 |           599.589 |   0.05711 |  2778619.2 | 47.0 | 74.0 |
          18.0 |             11.0 |           886.378 |   0.02084 |  2832581.5 | 55.0 | 74.0 |
          18.0 |             11.0 |           33.9115 |  0.001599 |        0.0 |  1.0 | 75.0 |
          18.0 |             11.0 |           34.0835 |   0.03211 |    14455.0 |  2.0 | 75.0 |
          18.0 |             11.0 |           34.8015 |   0.04972 |    71834.0 |  4.0 | 75.0 |
          18.0 |             11.0 |           41.8589 |       0.0 |   548958.0 |  8.0 | 75.0 |
          18.0 |             11.0 |           428.751 | 0.0008311 |  2715614.8 | 27.0 | 75.0 |
          18.0 |             11.0 |           422.726 |   0.00475 |  2712290.8 | 28.0 | 75.0 |
          18.0 |             11.0 |           407.973 | 0.0001745 |  2703736.2 | 30.0 | 75.0 |
          18.0 |             11.0 |           441.828 |   0.01502 |  2722518.0 | 31.0 | 75.0 |
          18.0 |             11.0 |           447.576 |  0.004847 |  2725425.0 | 32.0 | 75.0 |
          18.0 |             11.0 |           460.508 |  0.002639 |  2731699.0 | 34.0 | 75.0 |
          18.0 |             11.0 |           574.456 |   0.05064 |  2774772.8 | 36.0 | 75.0 |
          18.0 |             11.0 |           564.745 |   0.01952 |  2769686.0 | 37.0 | 75.0 |
          18.0 |             11.0 |           575.298 |      0.07 |  2775027.8 | 43.0 | 75.0 |
          18.0 |             11.0 |           523.751 |  0.004269 |  2757920.0 | 44.0 | 75.0 |
          18.0 |             11.0 |           568.943 |    0.5933 |  2773086.0 | 45.0 | 75.0 |
          18.0 |             11.0 |           606.354 |  0.000902 |  2783930.5 | 46.0 | 75.0 |
          18.0 |             11.0 |           587.436 |  0.001695 |  2778619.2 | 47.0 | 75.0 |
          18.0 |             11.0 |           622.346 |   0.02975 |  2788168.2 | 48.0 | 75.0 |
          18.0 |             11.0 |           665.879 |  0.002384 |  2798673.0 | 49.0 | 75.0 |
          18.0 |             11.0 |           678.996 |  0.001652 |  2801574.2 | 50.0 | 75.0 |
          18.0 |             11.0 |           860.074 |  0.001482 |  2832581.5 | 55.0 | 75.0 |
          18.0 |             11.0 |           34.7984 |       0.0 |    71834.0 |  4.0 | 76.0 |
          18.0 |             11.0 |           41.5102 |       0.0 |   529643.0 |  6.0 | 76.0 |
          18.0 |             11.0 |            301.33 | 5.847e-05 |  2622605.0 | 19.0 | 76.0 |
          18.0 |             11.0 |           323.858 |       0.0 |  2644800.0 | 25.0 | 76.0 |
          18.0 |             11.0 |           429.656 | 0.0004359 |  2716356.8 | 29.0 | 76.0 |
          18.0 |             11.0 |           447.074 |  0.005094 |  2725425.0 | 32.0 | 76.0 |
          18.0 |             11.0 |           453.302 |    0.0567 |  2728498.0 | 33.0 | 76.0 |
          18.0 |             11.0 |           459.977 |  0.000111 |  2731699.0 | 34.0 | 76.0 |
          18.0 |             11.0 |           586.572 |      1.34 |  2778619.2 | 47.0 | 76.0 |
          18.0 |             11.0 |           33.9509 |    0.6062 |        0.0 |  1.0 | 77.0 |
          18.0 |             11.0 |           34.7996 |     0.599 |    71834.0 |  4.0 | 77.0 |
          18.0 |             11.0 |           425.931 |  0.007071 |  2716356.8 | 29.0 | 77.0 |
          18.0 |             11.0 |           443.043 |   0.01101 |  2725425.0 | 32.0 | 77.0 |
          18.0 |             11.0 |           449.158 |  0.006584 |  2728498.0 | 33.0 | 77.0 |
          18.0 |             11.0 |            455.71 |    0.1484 |  2731699.0 | 34.0 | 77.0 |
          18.0 |             11.0 |           569.009 |  0.003368 |  2769686.0 | 37.0 | 77.0 |
          18.0 |             11.0 |           567.829 |    0.2734 |  2775027.8 | 43.0 | 77.0 |
          18.0 |             11.0 |           598.063 |    0.6407 |  2783930.5 | 46.0 | 77.0 |
          18.0 |             11.0 |           579.651 |  0.003708 |  2778619.2 | 47.0 | 77.0 |
          18.0 |             11.0 |           655.893 |  0.009734 |  2798673.0 | 49.0 | 77.0 |
          18.0 |             11.0 |           843.487 |   0.01724 |  2832581.5 | 55.0 | 77.0 |
          18.0 |             11.0 |           34.0739 |    0.2506 |    14455.0 |  2.0 | 78.0 |
          18.0 |             11.0 |           331.117 |  0.003046 |  2647664.8 | 20.0 | 78.0 |
          18.0 |             11.0 |           571.755 |   0.01963 |  2774772.8 | 36.0 | 78.0 |
          18.0 |             11.0 |           521.504 |   0.07115 |  2757920.0 | 44.0 | 78.0 |
          18.0 |             11.0 |           675.226 |   0.04847 |  2801574.2 | 50.0 | 78.0 |
          18.0 |             11.0 |           33.8678 | 0.0003852 |        0.0 |  1.0 | 79.0 |
          18.0 |             11.0 |           34.0393 |    0.3065 |    14455.0 |  2.0 | 79.0 |
          18.0 |             11.0 |           34.0849 |    0.2771 |    18307.0 |  3.0 | 79.0 |
          18.0 |             11.0 |           34.7554 |   0.02197 |    71834.0 |  4.0 | 79.0 |
          18.0 |             11.0 |           35.6849 |   0.01774 |   148513.0 |  5.0 | 79.0 |
          18.0 |             11.0 |           327.874 |  0.008824 |  2647664.8 | 20.0 | 79.0 |
          18.0 |             11.0 |           329.219 |  0.003369 |  2648910.5 | 21.0 | 79.0 |
          18.0 |             11.0 |           329.809 |  0.005859 |  2649454.0 | 22.0 | 79.0 |
          18.0 |             11.0 |           416.027 |  0.002955 |  2712290.8 | 28.0 | 79.0 |
          18.0 |             11.0 |            401.73 |  0.003718 |  2703736.2 | 30.0 | 79.0 |
          18.0 |             11.0 |           532.857 |  0.003204 |  2764992.0 | 35.0 | 79.0 |
          18.0 |             11.0 |           562.155 |   0.09296 |  2774772.8 | 36.0 | 79.0 |
          18.0 |             11.0 |           552.852 |   0.03462 |  2769686.0 | 37.0 | 79.0 |
          18.0 |             11.0 |           513.506 |    0.1302 |  2757920.0 | 44.0 | 79.0 |
          18.0 |             11.0 |           556.874 |    0.0162 |  2773086.0 | 45.0 | 79.0 |
          18.0 |             11.0 |           607.934 |  0.005438 |  2788168.2 | 48.0 | 79.0 |
          18.0 |             11.0 |           649.407 |    0.0543 |  2798673.0 | 49.0 | 79.0 |
          18.0 |             11.0 |           661.877 |   0.03653 |  2801574.2 | 50.0 | 79.0 |
          18.0 |             11.0 |           667.951 |   0.04933 |  2802948.0 | 53.0 | 79.0 |
          18.0 |             11.0 |           33.8456 |  0.006962 |        0.0 |  1.0 | 80.0 |
          18.0 |             11.0 |           34.0169 |   0.04381 |    14455.0 |  2.0 | 80.0 |
          18.0 |             11.0 |            34.732 |   0.02238 |    71834.0 |  4.0 | 80.0 |
          18.0 |             11.0 |           41.4157 |       0.0 |   529643.0 |  6.0 | 80.0 |
          18.0 |             11.0 |           41.6334 |       0.0 |   541936.0 |  7.0 | 80.0 |
          18.0 |             11.0 |           293.406 | 6.611e-05 |  2619092.0 | 17.0 | 80.0 |
          18.0 |             11.0 |           327.133 | 0.0003373 |  2648910.5 | 21.0 | 80.0 |
          18.0 |             11.0 |           418.441 |   0.00182 |  2715614.8 | 27.0 | 80.0 |
          18.0 |             11.0 |           412.701 |  0.007003 |  2712290.8 | 28.0 | 80.0 |
          18.0 |             11.0 |           419.744 |   0.02623 |  2716356.8 | 29.0 | 80.0 |
          18.0 |             11.0 |           430.888 |  0.002672 |  2722518.0 | 31.0 | 80.0 |
          18.0 |             11.0 |           436.353 |  0.005872 |  2725425.0 | 32.0 | 80.0 |
          18.0 |             11.0 |           448.636 | 0.0003873 |  2731699.0 | 34.0 | 80.0 |
          18.0 |             11.0 |           556.098 |    0.3108 |  2774772.8 | 36.0 | 80.0 |
          18.0 |             11.0 |           546.993 |   0.02334 |  2769686.0 | 37.0 | 80.0 |
          18.0 |             11.0 |           556.888 |   0.05112 |  2775027.8 | 43.0 | 80.0 |
          18.0 |             11.0 |           508.448 |    0.1163 |  2757920.0 | 44.0 | 80.0 |
          18.0 |             11.0 |           550.931 |   0.02584 |  2773086.0 | 45.0 | 80.0 |
          18.0 |             11.0 |           585.938 |  0.007622 |  2783930.5 | 46.0 | 80.0 |
          18.0 |             11.0 |           568.254 | 0.0009578 |  2778619.2 | 47.0 | 80.0 |
          18.0 |             11.0 |           600.857 |  0.007611 |  2788168.2 | 48.0 | 80.0 |
          18.0 |             11.0 |           641.338 |     0.137 |  2798673.0 | 49.0 | 80.0 |
          18.0 |             11.0 |           653.497 |    0.0687 |  2801574.2 | 50.0 | 80.0 |
          18.0 |             11.0 |           819.567 |  0.003342 |  2832581.5 | 55.0 | 80.0 |
          18.0 |             11.0 |           33.7231 |    0.2755 |        0.0 |  1.0 | 81.0 |
          18.0 |             11.0 |           33.8883 |     1.352 |    14455.0 |  2.0 | 81.0 |
          18.0 |             11.0 |           34.5603 |    0.2357 |    71834.0 |  4.0 | 81.0 |
          18.0 |             11.0 |            316.44 |  0.001705 |  2648910.5 | 21.0 | 81.0 |
          18.0 |             11.0 |           402.302 |  0.004719 |  2716356.8 | 29.0 | 81.0 |
          18.0 |             11.0 |           428.766 |   0.01462 |  2731699.0 | 34.0 | 81.0 |
          18.0 |             11.0 |            525.89 |   0.02126 |  2774772.8 | 36.0 | 81.0 |
          18.0 |             11.0 |           511.132 |   0.02477 |  2769686.0 | 37.0 | 81.0 |
          18.0 |             11.0 |           526.596 |     0.103 |  2775027.8 | 43.0 | 81.0 |
          18.0 |             11.0 |           483.076 |   0.01175 |  2757920.0 | 44.0 | 81.0 |
          18.0 |             11.0 |           536.747 |   0.01437 |  2778619.2 | 47.0 | 81.0 |
          18.0 |             11.0 |           565.744 |    0.1906 |  2788168.2 | 48.0 | 81.0 |
          18.0 |             11.0 |           601.491 |    0.1924 |  2798673.0 | 49.0 | 81.0 |
          18.0 |             11.0 |           612.173 |    0.1952 |  2801574.2 | 50.0 | 81.0 |
          18.0 |             11.0 |             755.6 |   0.00999 |  2832581.5 | 55.0 | 81.0 |
          18.0 |             11.0 |            33.679 |     1.001 |        0.0 |  1.0 | 82.0 |
          18.0 |             11.0 |            34.514 |   0.06099 |    71834.0 |  4.0 | 82.0 |
          18.0 |             11.0 |           397.078 |  0.003801 |  2716356.8 | 29.0 | 82.0 |
          18.0 |             11.0 |           411.909 |  0.001869 |  2725425.0 | 32.0 | 82.0 |
          18.0 |             11.0 |            417.19 |  0.005577 |  2728498.0 | 33.0 | 82.0 |
          18.0 |             11.0 |           422.837 |  0.008121 |  2731699.0 | 34.0 | 82.0 |
          18.0 |             11.0 |           517.681 |  0.002983 |  2775027.8 | 43.0 | 82.0 |
          18.0 |             11.0 |           542.693 |  0.007675 |  2783930.5 | 46.0 | 82.0 |
          18.0 |             11.0 |           527.489 |    0.3073 |  2778619.2 | 47.0 | 82.0 |
          18.0 |             11.0 |           589.888 |    0.7903 |  2798673.0 | 49.0 | 82.0 |
          18.0 |             11.0 |           33.5683 |   0.01935 |        0.0 |  1.0 | 83.0 |
          18.0 |             11.0 |            33.732 |    0.5525 |    14455.0 |  2.0 | 83.0 |
          18.0 |             11.0 |           33.7759 |    0.7762 |    18307.0 |  3.0 | 83.0 |
          18.0 |             11.0 |           34.3978 | 0.0006284 |    71834.0 |  4.0 | 83.0 |
          18.0 |             11.0 |           35.3296 |   0.00448 |   148513.0 |  5.0 | 83.0 |
          18.0 |             11.0 |           406.682 |  0.002974 |  2722518.0 | 31.0 | 83.0 |
          18.0 |             11.0 |           491.598 |   0.01425 |  2764992.0 | 35.0 | 83.0 |
          18.0 |             11.0 |           477.751 |  0.003852 |  2769686.0 | 37.0 | 83.0 |
          18.0 |             11.0 |           517.109 |    0.0202 |  2775027.8 | 43.0 | 83.0 |
          18.0 |             11.0 |           475.081 |  0.006479 |  2757920.0 | 44.0 | 83.0 |
          18.0 |             11.0 |           511.969 |   0.09246 |  2773086.0 | 45.0 | 83.0 |
          18.0 |             11.0 |           589.145 |   0.01628 |  2798673.0 | 49.0 | 83.0 |
          18.0 |             11.0 |            599.39 |     0.146 |  2801574.2 | 50.0 | 83.0 |
          18.0 |             11.0 |           604.367 |    0.1614 |  2802948.0 | 53.0 | 83.0 |
          18.0 |             11.0 |           33.6757 |   0.02222 |        0.0 |  1.0 | 84.0 |
          18.0 |             11.0 |           33.8404 |    0.1841 |    14455.0 |  2.0 | 84.0 |
          18.0 |             11.0 |           34.5105 |     2.105 |    71834.0 |  4.0 | 84.0 |
          18.0 |             11.0 |           376.586 |   0.01308 |  2715614.8 | 27.0 | 84.0 |
          18.0 |             11.0 |           360.462 |   0.01116 |  2703736.2 | 30.0 | 84.0 |
          18.0 |             11.0 |           400.867 |   0.05319 |  2731699.0 | 34.0 | 84.0 |
          18.0 |             11.0 |           500.465 |  0.006946 |  2769686.0 | 37.0 | 84.0 |
          18.0 |             11.0 |           485.129 |   0.02145 |  2775027.8 | 43.0 | 84.0 |
          18.0 |             11.0 |           480.602 |   0.02799 |  2773086.0 | 45.0 | 84.0 |
          18.0 |             11.0 |           493.732 |    0.0183 |  2778619.2 | 47.0 | 84.0 |
          18.0 |             11.0 |           518.161 |    0.2974 |  2788168.2 | 48.0 | 84.0 |
          18.0 |             11.0 |           547.989 |    0.0172 |  2798673.0 | 49.0 | 84.0 |
          18.0 |             11.0 |           556.842 |     0.147 |  2801574.2 | 50.0 | 84.0 |
          18.0 |             11.0 |           673.052 |    0.2296 |  2832581.5 | 55.0 | 84.0 |
          18.0 |             11.0 |           33.5039 |   0.02876 |        0.0 |  1.0 | 85.0 |
          18.0 |             11.0 |           34.3301 |     4.759 |    71834.0 |  4.0 | 85.0 |
          18.0 |             11.0 |           395.082 |   0.06389 |  2731699.0 | 34.0 | 85.0 |
          18.0 |             11.0 |           465.021 |   0.02297 |  2769686.0 | 37.0 | 85.0 |
          18.0 |             11.0 |           497.808 |    0.1619 |  2783930.5 | 46.0 | 85.0 |
          18.0 |             11.0 |           484.985 |   0.03571 |  2778619.2 | 47.0 | 85.0 |
          18.0 |             11.0 |           537.235 |   0.02424 |  2798673.0 | 49.0 | 85.0 |
          18.0 |             11.0 |           656.902 |    0.7136 |  2832581.5 | 55.0 | 85.0 |
          18.0 |             11.0 |           33.1628 | 2.299e-05 |        0.0 |  1.0 | 86.0 |
          18.0 |             11.0 |           33.3225 |  0.002984 |    14455.0 |  2.0 | 86.0 |
          18.0 |             11.0 |           33.3653 |   0.00255 |    18307.0 |  3.0 | 86.0 |
          18.0 |             11.0 |           33.9721 |    0.1221 |    71834.0 |  4.0 | 86.0 |
          18.0 |             11.0 |           34.8807 |     1.955 |   148513.0 |  5.0 | 86.0 |
          18.0 |             11.0 |            56.183 | 7.923e-05 |  1235523.0 | 10.0 | 86.0 |
          18.0 |             11.0 |           414.901 |  0.003845 |  2774772.8 | 36.0 | 86.0 |
          18.0 |             11.0 |           412.018 |   0.01986 |  2773086.0 | 45.0 | 86.0 |
          18.0 |             11.0 |           439.317 |    0.2589 |  2788168.2 | 48.0 | 86.0 |
          18.0 |             11.0 |            466.81 |   0.02927 |  2801574.2 | 50.0 | 86.0 |
          18.0 |             11.0 |           545.814 |    0.0135 |  2832581.5 | 55.0 | 86.0 |
          18.0 |             11.0 |           756.562 |    0.1775 |  2883617.2 | 65.0 | 86.0 |
%CHIANTI