 Atomic Number | Ionization State |  Wavelength (Ang.) |             g_i*f_ik |      E_i(cm^-1) |     i |     j |
           4.0 |              2.0 |  707.2000122070312 | 0.002624217886477709 |             0.0 | 333.0 | 666.0 |
           4.0 |              2.0 |  714.5999755859375 | 0.004466836806386709 |             0.0 | 333.0 | 666.0 |
           4.0 |              2.0 |     725.7099609375 | 0.006397348362952471 |             0.0 | 333.0 | 666.0 |
           4.0 |              2.0 |  743.5790405273438 | 0.010939564555883408 |             0.0 | 333.0 | 666.0 |
           4.0 |              2.0 |            775.375 | 0.019815271720290184 |             0.0 | 333.0 | 666.0 |
           4.0 |              2.0 |  842.0570068359375 |  0.04168693721294403 |             0.0 | 333.0 | 666.0 |
           4.0 |              2.0 |  925.2459716796875 | 0.030130058526992798 |   31935.3203125 | 333.0 | 666.0 |
           4.0 |              2.0 |  943.5590209960938 | 0.005284453276544809 |   31935.3203125 | 333.0 | 666.0 |
           4.0 |              2.0 |  949.7460327148438 | 0.004168692510575056 |   31935.3203125 | 333.0 | 666.0 |
           4.0 |              2.0 |  973.2659912109375 |  0.08279421180486679 |   31935.3203125 | 333.0 | 666.0 |
           4.0 |              2.0 |  984.0249633789062 | 0.007194491568952799 |   31935.3203125 | 333.0 | 666.0 |
           4.0 |              2.0 |  1026.926025390625 |  0.09268298745155334 | 31928.744140625 | 333.0 | 666.0 |
           4.0 |              2.0 |   1036.27099609375 |  0.11078985780477524 |             0.0 | 333.0 | 666.0 |
           4.0 |              2.0 | 1048.2340087890625 | 0.014893610030412674 |   31935.3203125 | 333.0 | 666.0 |
           4.0 |              2.0 |    1142.9560546875 |  0.24603673815727234 | 31928.744140625 | 333.0 | 666.0 |
           4.0 |              2.0 |  1143.030029296875 |   0.4415704607963562 |   31935.3203125 | 333.0 | 666.0 |
           4.0 |              2.0 | 1197.1900634765625 |  0.04156234487891197 |   31935.3203125 | 333.0 | 666.0 |
           4.0 |              2.0 |  1512.258056640625 |    1.264154076576233 | 31928.744140625 | 333.0 | 666.0 |
           4.0 |              2.0 | 1512.4119873046875 |    2.275097370147705 |   31935.3203125 | 333.0 | 666.0 |
           4.0 |              2.0 | 1776.0999755859375 |  0.12876564264297485 | 31928.744140625 | 333.0 | 666.0 |
           4.0 |              2.0 |   1776.30712890625 |  0.25751349329948425 |   31935.3203125 | 333.0 | 666.0 |
           4.0 |              2.0 |   2297.68017578125 |  0.03435579687356949 |    96495.359375 | 333.0 | 666.0 |
           4.0 |              2.0 |            2382.75 |  0.05794287100434303 |   98054.5703125 | 333.0 | 666.0 |
           4.0 |              2.0 |  2414.073974609375 |  0.05741163715720177 |    96495.359375 | 333.0 | 666.0 |
           4.0 |              2.0 |   2414.18896484375 |  0.01148153468966484 |   96497.2890625 | 333.0 | 666.0 |
           4.0 |              2.0 |    2454.5869140625 |  0.03828246891498566 |   88231.9140625 | 333.0 | 666.0 |
           4.0 |              2.0 |   2508.18408203125 |  0.10280163586139679 |   98054.5703125 | 333.0 | 666.0 |
           4.0 |              2.0 |  2618.765869140625 |   0.1088930070400238 |    96495.359375 | 333.0 | 666.0 |
           4.0 |              2.0 |  2618.913818359375 | 0.021827299147844315 |   96497.2890625 | 333.0 | 666.0 |
           4.0 |              2.0 |    2698.2548828125 | 0.016106456518173218 |    96495.359375 | 333.0 | 666.0 |
           4.0 |              2.0 |  2698.385009765625 | 0.032210689038038254 |   96497.2890625 | 333.0 | 666.0 |
           4.0 |              2.0 |   2729.68505859375 |  0.21577443182468414 |   98054.5703125 | 333.0 | 666.0 |
           4.0 |              2.0 |  3047.409912109375 |  0.25941792130470276 |    96495.359375 | 333.0 | 666.0 |
           4.0 |              2.0 |  3047.576904296875 |   0.4677351415157318 |   96497.2890625 | 333.0 | 666.0 |
           4.0 |              2.0 |  3131.329345703125 |   0.6639570593833923 |             0.0 | 333.0 | 666.0 |
           4.0 |              2.0 |   3131.97412109375 |  0.33190974593162537 |             0.0 | 333.0 | 666.0 |
           4.0 |              2.0 |  3198.027099609375 |   0.6280583739280701 |   98054.5703125 | 333.0 | 666.0 |
           4.0 |              2.0 |    3198.0732421875 |   0.8974288105964661 |   98055.1015625 | 333.0 | 666.0 |
           4.0 |              2.0 |  3234.451904296875 |  0.01174897700548172 |   98054.5703125 | 333.0 | 666.0 |
           4.0 |              2.0 |   3242.56005859375 |  0.04375221207737923 |    96495.359375 | 333.0 | 666.0 |
           4.0 |              2.0 |   3242.76220703125 |  0.08749838173389435 |   96497.2890625 | 333.0 | 666.0 |
           4.0 |              2.0 |   3275.52783203125 |   0.0907820388674736 |   88231.9140625 | 333.0 | 666.0 |
           4.0 |              2.0 |  3275.614013671875 | 0.045394156128168106 |   88231.9140625 | 333.0 | 666.0 |
           4.0 |              2.0 |   4361.88916015625 |    1.037528395652771 |    96495.359375 | 333.0 | 666.0 |
           4.0 |              2.0 |    4362.2138671875 |   1.8749945163726807 |   96497.2890625 | 333.0 | 666.0 |
           4.0 |              2.0 |   4674.63720703125 |    4.064433574676514 |   98054.5703125 | 333.0 | 666.0 |
           4.0 |              2.0 |   4674.73095703125 |    5.794287204742432 |   98055.1015625 | 333.0 | 666.0 |
           4.0 |              2.0 |   4703.89013671875 |  0.06280583143234253 |  118760.5078125 | 333.0 | 666.0 |
           4.0 |              2.0 |       4829.5078125 |    0.110153928399086 |   98055.1015625 | 333.0 | 666.0 |
           4.0 |              2.0 |   5219.56787109375 |  0.11534532159566879 |  118760.5078125 | 333.0 | 666.0 |
           4.0 |              2.0 |     5219.779296875 |  0.20796968042850494 |  118761.3203125 | 333.0 | 666.0 |
           4.0 |              2.0 |    5271.7509765625 |  0.26946350932121277 |    96495.359375 | 333.0 | 666.0 |
           4.0 |              2.0 |   5272.27783203125 |   0.5388898253440857 |   96497.2890625 | 333.0 | 666.0 |
           4.0 |              2.0 |    5417.2099609375 | 0.024945944547653198 |  118760.5078125 | 333.0 | 666.0 |
           4.0 |              2.0 |       6281.1640625 |    0.263633131980896 |  118760.5078125 | 333.0 | 666.0 |
           4.0 |              2.0 |   6281.46728515625 |   0.4753352105617523 |  118761.3203125 | 333.0 | 666.0 |
           4.0 |              2.0 |      6758.58984375 |  0.06698846071958542 |  118760.5078125 | 333.0 | 666.0 |
           4.0 |              2.0 |             6759.0 |  0.13427650928497314 |  118761.3203125 | 333.0 | 666.0 |
           4.0 |              2.0 |   7403.23974609375 |  0.08336812257766724 |     115464.4375 | 333.0 | 666.0 |
           4.0 |              2.0 |    7403.4697265625 |  0.04168693721294403 |     115464.4375 | 333.0 | 666.0 |
           4.0 |              2.0 |     9479.025390625 |    0.974989652633667 |  118760.5078125 | 333.0 | 666.0 |
           4.0 |              2.0 |      9479.62890625 |   1.7579236030578613 |  118761.3203125 | 333.0 | 666.0 |
           4.0 |              2.0 |      11176.7890625 | 0.054075438529253006 |   128972.046875 | 333.0 | 666.0 |
           4.0 |              2.0 |    11663.439453125 |   0.8279421329498291 |  118761.3203125 | 333.0 | 666.0 |
           4.0 |              2.0 |    12098.669921875 |    1.106878638267517 |   88231.9140625 | 333.0 | 666.0 |
           4.0 |              2.0 |    12101.490234375 |   0.5534775257110596 |   88231.9140625 | 333.0 | 666.0 |
%NIST