 Atomic Number | Ionization State | Wavelength (Ang.) |  g_i*f_ik | E_i(cm^-1) |    i |    j |
          17.0 |             16.0 |            4.4972 |       0.0 |        0.0 |  1.0 |  2.0 |
          17.0 |             16.0 |           706.015 |   0.01515 | 22236180.0 |  2.0 |  4.0 |
          17.0 |             16.0 |            4.4679 |  0.009485 |        0.0 |  1.0 |  5.0 |
          17.0 |             16.0 |           686.059 |   0.04599 | 22236180.0 |  2.0 |  5.0 |
          17.0 |             16.0 |            4.4645 |       0.0 |        0.0 |  1.0 |  6.0 |
          17.0 |             16.0 |           613.798 |   0.08742 | 22236180.0 |  2.0 |  6.0 |
          17.0 |             16.0 |            4.4443 |     0.753 |        0.0 |  1.0 |  7.0 |
          17.0 |             16.0 |           903.506 |   0.05223 | 22390000.0 |  3.0 |  7.0 |
          17.0 |             16.0 |            25.403 |  0.001508 | 22377820.0 |  4.0 |  8.0 |
          17.0 |             16.0 |           25.4296 |   0.01374 | 22381940.0 |  5.0 |  8.0 |
          17.0 |             16.0 |           25.5411 |   0.03778 | 22399100.0 |  6.0 |  8.0 |
          17.0 |             16.0 |           25.9446 |   0.04077 | 22500680.0 |  7.0 |  9.0 |
          17.0 |             16.0 |           24.2884 |    0.1222 | 22236180.0 |  2.0 | 10.0 |
          17.0 |             16.0 |            3.7944 |  0.001908 |        0.0 |  1.0 | 11.0 |
          17.0 |             16.0 |            24.281 |    0.3624 | 22236180.0 |  2.0 | 11.0 |
          17.0 |             16.0 |            25.223 |  0.004544 | 22390000.0 |  3.0 | 11.0 |
          17.0 |             16.0 |           24.2509 |    0.6128 | 22236180.0 |  2.0 | 12.0 |
          17.0 |             16.0 |            3.7897 |    0.1452 |        0.0 |  1.0 | 13.0 |
          17.0 |             16.0 |           24.0901 |  0.004773 | 22236180.0 |  2.0 | 13.0 |
          17.0 |             16.0 |           25.0171 |    0.3511 | 22390000.0 |  3.0 | 13.0 |
          17.0 |             16.0 |           24.9778 |   0.07782 | 22377820.0 |  4.0 | 14.0 |
          17.0 |             16.0 |           25.0036 |    0.1742 | 22381940.0 |  5.0 | 14.0 |
          17.0 |             16.0 |           25.1113 |    0.8683 | 22399100.0 |  6.0 | 14.0 |
          17.0 |             16.0 |           25.0034 |    0.5229 | 22381940.0 |  5.0 | 15.0 |
          17.0 |             16.0 |           25.1112 |    0.2897 | 22399100.0 |  6.0 | 15.0 |
          17.0 |             16.0 |           25.0984 |     1.627 | 22399100.0 |  6.0 | 16.0 |
          17.0 |             16.0 |           25.7476 |      2.09 | 22500680.0 |  7.0 | 17.0 |
          17.0 |             16.0 |           18.7158 |  0.000338 | 22377820.0 |  4.0 | 18.0 |
          17.0 |             16.0 |           18.7302 |  0.003076 | 22381940.0 |  5.0 | 18.0 |
          17.0 |             16.0 |           18.7906 |  0.008465 | 22399100.0 |  6.0 | 18.0 |
          17.0 |             16.0 |            73.125 |  0.003582 | 26353380.0 | 10.0 | 18.0 |
          17.0 |             16.0 |            73.192 |   0.03262 | 26354630.0 | 11.0 | 18.0 |
          17.0 |             16.0 |            73.466 |   0.08971 | 26359730.0 | 12.0 | 18.0 |
          17.0 |             16.0 |           19.0937 |  0.009135 | 22500680.0 |  7.0 | 19.0 |
          17.0 |             16.0 |            74.034 |   0.09674 | 26387270.0 | 13.0 | 19.0 |
          17.0 |             16.0 |           18.1781 |   0.03061 | 22236180.0 |  2.0 | 20.0 |
          17.0 |             16.0 |            70.277 |    0.1614 | 26314360.0 |  8.0 | 20.0 |
          17.0 |             16.0 |             73.75 |  0.003647 | 26381370.0 | 14.0 | 20.0 |
          17.0 |             16.0 |            3.6052 | 0.0007398 |        0.0 |  1.0 | 21.0 |
          17.0 |             16.0 |           18.1765 |   0.09053 | 22236180.0 |  2.0 | 21.0 |
          17.0 |             16.0 |           18.6993 |  0.001224 | 22390000.0 |  3.0 | 21.0 |
          17.0 |             16.0 |            70.252 |    0.4838 | 26314360.0 |  8.0 | 21.0 |
          17.0 |             16.0 |            73.723 |  0.002734 | 26381370.0 | 14.0 | 21.0 |
          17.0 |             16.0 |            73.724 |   0.01368 | 26381390.0 | 15.0 | 21.0 |
          17.0 |             16.0 |           18.1692 |    0.1531 | 22236180.0 |  2.0 | 22.0 |
          17.0 |             16.0 |            70.144 |    0.8087 | 26314360.0 |  8.0 | 22.0 |
          17.0 |             16.0 |            73.604 |  0.008212 | 26381370.0 | 14.0 | 22.0 |
          17.0 |             16.0 |            73.605 |  0.004559 | 26381390.0 | 15.0 | 22.0 |
          17.0 |             16.0 |            73.714 |   0.03585 | 26383410.0 | 16.0 | 22.0 |
          17.0 |             16.0 |            3.6034 |    0.0531 |        0.0 |  1.0 | 23.0 |
          17.0 |             16.0 |            18.131 |  0.001265 | 22236180.0 |  2.0 | 23.0 |
          17.0 |             16.0 |           18.6511 |   0.08811 | 22390000.0 |  3.0 | 23.0 |
          17.0 |             16.0 |            71.605 |    0.4843 | 26355050.0 |  9.0 | 23.0 |
          17.0 |             16.0 |            73.149 |   0.05482 | 26384530.0 | 17.0 | 23.0 |
          17.0 |             16.0 |           18.6175 |   0.01352 | 22377820.0 |  4.0 | 24.0 |
          17.0 |             16.0 |           18.6318 |   0.03042 | 22381940.0 |  5.0 | 24.0 |
          17.0 |             16.0 |           18.6916 |    0.1519 | 22399100.0 |  6.0 | 24.0 |
          17.0 |             16.0 |            71.648 |   0.06859 | 26353380.0 | 10.0 | 24.0 |
          17.0 |             16.0 |            71.712 |    0.1542 | 26354630.0 | 11.0 | 24.0 |
          17.0 |             16.0 |            71.975 |     0.771 | 26359730.0 | 12.0 | 24.0 |
          17.0 |             16.0 |           18.6884 |    0.2841 | 22399100.0 |  6.0 | 26.0 |
          17.0 |             16.0 |            71.928 |     1.443 | 26359730.0 | 12.0 | 26.0 |
          17.0 |             16.0 |           19.0486 |    0.3638 | 22500680.0 |  7.0 | 27.0 |
          17.0 |             16.0 |            73.361 |     1.851 | 26387270.0 | 13.0 | 27.0 |
          17.0 |             16.0 |             72.67 |    0.6018 | 26381370.0 | 14.0 | 28.0 |
          17.0 |             16.0 |            72.671 |    0.1856 | 26381390.0 | 15.0 | 28.0 |
          17.0 |             16.0 |            72.778 |    0.3629 | 26383410.0 | 16.0 | 28.0 |
          17.0 |             16.0 |            72.792 |     3.005 | 26383410.0 | 16.0 | 30.0 |
          17.0 |             16.0 |            72.852 |     5.008 | 26384530.0 | 17.0 | 31.0 |
          17.0 |             16.0 |           16.6948 | 0.0001346 | 22377820.0 |  4.0 | 32.0 |
          17.0 |             16.0 |           16.7063 |  0.001225 | 22381940.0 |  5.0 | 32.0 |
          17.0 |             16.0 |           16.7543 |  0.003372 | 22399100.0 |  6.0 | 32.0 |
          17.0 |             16.0 |           49.6445 | 0.0008248 | 26353380.0 | 10.0 | 32.0 |
          17.0 |             16.0 |           49.6754 |  0.007504 | 26354630.0 | 11.0 | 32.0 |
          17.0 |             16.0 |           49.8015 |   0.02065 | 26359730.0 | 12.0 | 32.0 |
          17.0 |             16.0 |           158.629 |  0.005876 | 27737300.0 | 20.0 | 32.0 |
          17.0 |             16.0 |           158.755 |   0.05349 | 27737800.0 | 21.0 | 32.0 |
          17.0 |             16.0 |           159.312 |    0.1472 | 27740000.0 | 22.0 | 32.0 |
          17.0 |             16.0 |           17.0189 |  0.003638 | 22500680.0 |  7.0 | 33.0 |
          17.0 |             16.0 |            50.271 |   0.02228 | 26387270.0 | 13.0 | 33.0 |
          17.0 |             16.0 |           160.026 |    0.1587 | 27751600.0 | 23.0 | 33.0 |
          17.0 |             16.0 |           16.2869 |   0.01244 | 22236180.0 |  2.0 | 34.0 |
          17.0 |             16.0 |           48.5027 |   0.04029 | 26314360.0 |  8.0 | 34.0 |
          17.0 |             16.0 |            50.132 | 0.0007331 | 26381370.0 | 14.0 | 34.0 |
          17.0 |             16.0 |           152.625 |     0.181 | 27720900.0 | 18.0 | 34.0 |
          17.0 |             16.0 |            159.49 |  0.009217 | 27749100.0 | 24.0 | 34.0 |
          17.0 |             16.0 |            3.5241 | 0.0003676 |        0.0 |  1.0 | 35.0 |
          17.0 |             16.0 |           16.2861 |   0.03679 | 22236180.0 |  2.0 | 35.0 |
          17.0 |             16.0 |           16.7045 | 0.0005137 | 22390000.0 |  3.0 | 35.0 |
          17.0 |             16.0 |           48.4957 |    0.1208 | 26314360.0 |  8.0 | 35.0 |
          17.0 |             16.0 |            50.125 | 0.0005509 | 26381370.0 | 14.0 | 35.0 |
          17.0 |             16.0 |           152.555 |    0.5427 | 27720900.0 | 18.0 | 35.0 |
          17.0 |             16.0 |           159.413 |  0.006948 | 27749100.0 | 24.0 | 35.0 |
          17.0 |             16.0 |           16.2831 |   0.06221 | 22236180.0 |  2.0 | 36.0 |
          17.0 |             16.0 |           48.4698 |    0.2018 | 26314360.0 |  8.0 | 36.0 |
          17.0 |             16.0 |            50.097 |  0.001653 | 26381370.0 | 14.0 | 36.0 |
          17.0 |             16.0 |            50.148 |  0.007214 | 26383410.0 | 16.0 | 36.0 |
          17.0 |             16.0 |             152.3 |    0.9068 | 27720900.0 | 18.0 | 36.0 |
          17.0 |             16.0 |           159.134 |   0.02082 | 27749100.0 | 24.0 | 36.0 |
          17.0 |             16.0 |           159.363 |   0.09033 | 27750000.0 | 26.0 | 36.0 |
          17.0 |             16.0 |            3.5232 |   0.02528 |        0.0 |  1.0 | 37.0 |
          17.0 |             16.0 |           16.2675 | 0.0005284 | 22236180.0 |  2.0 | 37.0 |
          17.0 |             16.0 |            16.685 |   0.03586 | 22390000.0 |  3.0 | 37.0 |
          17.0 |             16.0 |           49.3012 |    0.1209 | 26355050.0 |  9.0 | 37.0 |
          17.0 |             16.0 |            50.028 |   0.01103 | 26384530.0 | 17.0 | 37.0 |
          17.0 |             16.0 |           154.943 |    0.5439 | 27738000.0 | 19.0 | 37.0 |
          17.0 |             16.0 |           157.978 |    0.1384 | 27750400.0 | 27.0 | 37.0 |
          17.0 |             16.0 |           16.6548 |  0.004925 | 22377820.0 |  4.0 | 38.0 |
          17.0 |             16.0 |           16.6662 |   0.01108 | 22381940.0 |  5.0 | 38.0 |
          17.0 |             16.0 |            16.714 |   0.05539 | 22399100.0 |  6.0 | 38.0 |
          17.0 |             16.0 |           49.2922 |   0.01545 | 26353380.0 | 10.0 | 38.0 |
          17.0 |             16.0 |           49.3226 |   0.03475 | 26354630.0 | 11.0 | 38.0 |
          17.0 |             16.0 |           49.4469 |    0.1737 | 26359730.0 | 12.0 | 38.0 |
          17.0 |             16.0 |           155.087 |   0.06767 | 27737300.0 | 20.0 | 38.0 |
          17.0 |             16.0 |           155.207 |    0.1526 | 27737800.0 | 21.0 | 38.0 |
          17.0 |             16.0 |           155.739 |    0.7625 | 27740000.0 | 22.0 | 38.0 |
          17.0 |             16.0 |           160.089 |   0.00896 | 27757446.0 | 28.0 | 38.0 |
          17.0 |             16.0 |           16.7129 |    0.1035 | 22399100.0 |  6.0 | 40.0 |
          17.0 |             16.0 |           49.4372 |    0.3244 | 26359730.0 | 12.0 | 40.0 |
          17.0 |             16.0 |           155.642 |     1.424 | 27740000.0 | 22.0 | 40.0 |
          17.0 |             16.0 |           159.986 |       0.0 | 27757446.0 | 28.0 | 40.0 |
          17.0 |             16.0 |           159.918 |   0.03472 | 27757178.0 | 30.0 | 40.0 |
          17.0 |             16.0 |           17.0007 |    0.1325 | 22500680.0 |  7.0 | 41.0 |
          17.0 |             16.0 |            50.112 |    0.4163 | 26387270.0 | 13.0 | 41.0 |
          17.0 |             16.0 |           158.428 |     1.822 | 27751600.0 | 23.0 | 41.0 |
          17.0 |             16.0 |           159.841 |   0.06293 | 27757178.0 | 31.0 | 41.0 |
          17.0 |             16.0 |             50.09 |   0.02869 | 26381390.0 | 15.0 | 42.0 |
          17.0 |             16.0 |            50.177 |   0.05615 | 26383410.0 | 16.0 | 42.0 |
          17.0 |             16.0 |           157.846 |    0.5266 | 27749100.0 | 24.0 | 42.0 |
          17.0 |             16.0 |           158.367 |    0.3172 | 27750000.0 | 26.0 | 42.0 |
          17.0 |             16.0 |            50.175 |    0.4647 | 26383410.0 | 16.0 | 44.0 |
          17.0 |             16.0 |           158.353 |     2.624 | 27750000.0 | 26.0 | 44.0 |
          17.0 |             16.0 |             50.21 |    0.7742 | 26384530.0 | 17.0 | 45.0 |
          17.0 |             16.0 |           158.795 |     4.352 | 27750400.0 | 27.0 | 45.0 |
          17.0 |             16.0 |           158.778 |     1.602 | 27757446.0 | 28.0 | 46.0 |
          17.0 |             16.0 |           158.707 |  0.003996 | 27757178.0 | 30.0 | 46.0 |
%CHIANTI