 Atomic Number | Ionization State | Wavelength (Ang.) |  g_i*f_ik | E_i(cm^-1) |    i |    j |
          24.0 |              9.0 |         12785.271 |       0.0 |        0.0 |  1.0 |  2.0 |
          24.0 |              9.0 |         10471.752 |       0.0 |        0.0 |  1.0 |  3.0 |
          24.0 |              9.0 |          57870.37 |       0.0 |     7821.5 |  2.0 |  3.0 |
          24.0 |              9.0 |          3302.368 |       0.0 |        0.0 |  1.0 |  4.0 |
          24.0 |              9.0 |          4452.399 |       0.0 |     7821.5 |  2.0 |  4.0 |
          24.0 |              9.0 |          4823.508 |       0.0 |     9549.5 |  3.0 |  4.0 |
          24.0 |              9.0 |          1495.893 |       0.0 |        0.0 |  1.0 |  5.0 |
          24.0 |              9.0 |          1694.106 |       0.0 |     7821.5 |  2.0 |  5.0 |
          24.0 |              9.0 |          2734.601 |       0.0 |    30281.3 |  4.0 |  5.0 |
          24.0 |              9.0 |           418.291 |    0.2425 |        0.0 |  1.0 |  6.0 |
          24.0 |              9.0 |           432.439 |   0.08149 |     7821.5 |  2.0 |  6.0 |
          24.0 |              9.0 |           478.958 |  0.005092 |    30281.3 |  4.0 |  6.0 |
          24.0 |              9.0 |           407.636 |     0.085 |        0.0 |  1.0 |  7.0 |
          24.0 |              9.0 |           421.061 |   0.04923 |     7821.5 |  2.0 |  7.0 |
          24.0 |              9.0 |           424.147 |   0.06354 |     9549.5 |  3.0 |  7.0 |
          24.0 |              9.0 |           465.039 | 3.663e-05 |    30281.3 |  4.0 |  7.0 |
          24.0 |              9.0 |           560.327 |  0.001523 |    66849.7 |  5.0 |  7.0 |
          24.0 |              9.0 |           414.603 |   0.06599 |     7821.5 |  2.0 |  8.0 |
          24.0 |              9.0 |           327.267 |  0.005307 |        0.0 |  1.0 |  9.0 |
          24.0 |              9.0 |           335.864 |  0.000368 |     7821.5 |  2.0 |  9.0 |
          24.0 |              9.0 |           337.825 | 0.0003283 |     9549.5 |  3.0 |  9.0 |
          24.0 |              9.0 |           363.267 |    0.3499 |    30281.3 |  4.0 |  9.0 |
          24.0 |              9.0 |           418.916 |  0.001503 |    66849.7 |  5.0 |  9.0 |
          24.0 |              9.0 |           322.449 | 0.0006821 |     7821.5 |  2.0 | 10.0 |
          24.0 |              9.0 |           314.444 | 0.0009167 |        0.0 |  1.0 | 11.0 |
          24.0 |              9.0 |           322.346 | 0.0007061 |     7821.5 |  2.0 | 11.0 |
          24.0 |              9.0 |           324.056 | 0.0001848 |     9549.5 |  3.0 | 11.0 |
          24.0 |              9.0 |           351.642 | 6.156e-06 |    30281.3 |  4.0 | 11.0 |
          24.0 |              9.0 |           392.809 | 2.441e-06 |    66849.7 |  5.0 | 11.0 |
          24.0 |              9.0 |           314.284 |   0.00201 |        0.0 |  1.0 | 12.0 |
          24.0 |              9.0 |           322.178 | 7.759e-06 |     7821.5 |  2.0 | 12.0 |
          24.0 |              9.0 |           351.442 | 1.535e-05 |    30281.3 |  4.0 | 12.0 |
          24.0 |              9.0 |          1218.886 |       0.0 |   245317.0 |  7.0 | 12.0 |
          24.0 |              9.0 |           314.042 |   0.00119 |        0.0 |  1.0 | 13.0 |
          24.0 |              9.0 |           321.924 |       0.0 |     7821.5 |  2.0 | 13.0 |
          24.0 |              9.0 |           351.139 | 6.164e-06 |    30281.3 |  4.0 | 13.0 |
          24.0 |              9.0 |          1129.285 |       0.0 |   239068.0 |  6.0 | 13.0 |
          24.0 |              9.0 |           313.576 |       0.0 |        0.0 |  1.0 | 14.0 |
          24.0 |              9.0 |           350.556 |       0.0 |    30281.3 |  4.0 | 14.0 |
          24.0 |              9.0 |          1123.273 |       0.0 |   239068.0 |  6.0 | 14.0 |
          24.0 |              9.0 |         211010.97 |       0.0 |   318428.3 | 13.0 | 14.0 |
          24.0 |              9.0 |           288.355 |   0.00128 |        0.0 |  1.0 | 15.0 |
          24.0 |              9.0 |           294.986 |     9e-05 |     7821.5 |  2.0 | 15.0 |
          24.0 |              9.0 |           296.416 |       0.0 |     9549.5 |  3.0 | 15.0 |
          24.0 |              9.0 |           319.331 | 0.0001328 |    30281.3 |  4.0 | 15.0 |
          24.0 |              9.0 |           855.296 |       0.0 |   239068.0 |  6.0 | 15.0 |
          24.0 |              9.0 |           3475.34 |       0.0 |   318021.2 | 11.0 | 15.0 |
          24.0 |              9.0 |          3495.012 |       0.0 |  318183.16 | 12.0 | 15.0 |
          24.0 |              9.0 |           287.656 | 5.195e-05 |        0.0 |  1.0 | 16.0 |
          24.0 |              9.0 |           294.255 |       0.0 |     7821.5 |  2.0 | 16.0 |
          24.0 |              9.0 |           318.475 |   4.1e-05 |    30281.3 |  4.0 | 16.0 |
          24.0 |              9.0 |           849.181 |       0.0 |   239068.0 |  6.0 | 16.0 |
          24.0 |              9.0 |           896.891 |       0.0 |   245317.0 |  7.0 | 16.0 |
          24.0 |              9.0 |          3395.111 |       0.0 |  318183.16 | 12.0 | 16.0 |
          24.0 |              9.0 |           3423.61 |       0.0 |   318428.3 | 13.0 | 16.0 |
          24.0 |              9.0 |          3480.073 |       0.0 |  318902.25 | 14.0 | 16.0 |
          24.0 |              9.0 |           286.746 | 0.0002814 |        0.0 |  1.0 | 17.0 |
          24.0 |              9.0 |           293.302 | 0.0003929 |     7821.5 |  2.0 | 17.0 |
          24.0 |              9.0 |           294.717 | 1.171e-05 |     9549.5 |  3.0 | 17.0 |
          24.0 |              9.0 |            317.36 | 3.775e-05 |    30281.3 |  4.0 | 17.0 |
          24.0 |              9.0 |           350.513 | 4.331e-05 |    66849.7 |  5.0 | 17.0 |
          24.0 |              9.0 |           888.102 |       0.0 |   245317.0 |  7.0 | 17.0 |
          24.0 |              9.0 |           281.959 | 0.0003801 |        0.0 |  1.0 | 18.0 |
          24.0 |              9.0 |           288.296 | 3.157e-05 |     7821.5 |  2.0 | 18.0 |
          24.0 |              9.0 |           311.506 | 3.095e-05 |    30281.3 |  4.0 | 18.0 |
          24.0 |              9.0 |           843.734 |       0.0 |   245317.0 |  7.0 | 18.0 |
          24.0 |              9.0 |           870.637 |       0.0 |   249016.0 |  8.0 | 18.0 |
          24.0 |              9.0 |          2729.213 |       0.0 |   318021.2 | 11.0 | 18.0 |
          24.0 |              9.0 |          2741.331 |       0.0 |  318183.16 | 12.0 | 18.0 |
          24.0 |              9.0 |         12712.247 |       0.0 |  346795.34 | 15.0 | 18.0 |
          24.0 |              9.0 |           280.233 | 0.0005461 |        0.0 |  1.0 | 19.0 |
          24.0 |              9.0 |           309.401 | 0.0007086 |    30281.3 |  4.0 | 19.0 |
          24.0 |              9.0 |           787.593 |       0.0 |   239068.0 |  6.0 | 19.0 |
          24.0 |              9.0 |           828.467 |       0.0 |   245317.0 |  7.0 | 19.0 |
          24.0 |              9.0 |          2586.471 |       0.0 |  318183.16 | 12.0 | 19.0 |
          24.0 |              9.0 |          2602.979 |       0.0 |   318428.3 | 13.0 | 19.0 |
          24.0 |              9.0 |           278.059 |       0.0 |        0.0 |  1.0 | 20.0 |
          24.0 |              9.0 |           306.753 |       0.0 |    30281.3 |  4.0 | 20.0 |
          24.0 |              9.0 |            770.66 |       0.0 |   239068.0 |  6.0 | 20.0 |
          24.0 |              9.0 |          2426.757 |       0.0 |   318428.3 | 13.0 | 20.0 |
          24.0 |              9.0 |          2454.991 |       0.0 |  318902.25 | 14.0 | 20.0 |
          24.0 |              9.0 |          8334.497 |       0.0 |  347637.25 | 16.0 | 20.0 |
          24.0 |              9.0 |         35845.723 |       0.0 |  356845.84 | 19.0 | 20.0 |
          24.0 |              9.0 |           276.542 |       0.0 |        0.0 |  1.0 | 21.0 |
          24.0 |              9.0 |           282.635 | 0.0004026 |     7821.5 |  2.0 | 21.0 |
          24.0 |              9.0 |           304.908 |       0.0 |    30281.3 |  4.0 | 21.0 |
          24.0 |              9.0 |           797.017 |       0.0 |   245317.0 |  7.0 | 21.0 |
          24.0 |              9.0 |           265.466 | 0.0005993 |        0.0 |  1.0 | 22.0 |
          24.0 |              9.0 |           291.498 |  0.002715 |    30281.3 |  4.0 | 22.0 |
          24.0 |              9.0 |           264.892 |       0.0 |        0.0 |  1.0 | 23.0 |
          24.0 |              9.0 |           290.806 |       0.0 |    30281.3 |  4.0 | 23.0 |
          24.0 |              9.0 |           677.342 |       0.0 |   239068.0 |  6.0 | 23.0 |
          24.0 |              9.0 |          1685.502 |       0.0 |  318183.16 | 12.0 | 23.0 |
          24.0 |              9.0 |          1692.496 |       0.0 |   318428.3 | 13.0 | 23.0 |
          24.0 |              9.0 |          1706.181 |       0.0 |  318902.25 | 14.0 | 23.0 |
          24.0 |              9.0 |          3255.494 |       0.0 |  346795.34 | 15.0 | 23.0 |
          24.0 |              9.0 |          3347.237 |       0.0 |  347637.25 | 16.0 | 23.0 |
          24.0 |              9.0 |            4376.2 |       0.0 |  354661.78 | 18.0 | 23.0 |
          24.0 |              9.0 |          4838.679 |       0.0 |  356845.84 | 19.0 | 23.0 |
          24.0 |              9.0 |           5593.76 |       0.0 |   359635.6 | 20.0 | 23.0 |
          24.0 |              9.0 |         122487.33 |       0.0 |  376696.25 | 22.0 | 23.0 |
          24.0 |              9.0 |          1662.839 |       0.0 |   318428.3 | 13.0 | 24.0 |
          24.0 |              9.0 |          1676.047 |       0.0 |  318902.25 | 14.0 | 24.0 |
          24.0 |              9.0 |          3233.194 |       0.0 |  347637.25 | 16.0 | 24.0 |
          24.0 |              9.0 |          4603.929 |       0.0 |  356845.84 | 19.0 | 24.0 |
          24.0 |              9.0 |          5282.385 |       0.0 |   359635.6 | 20.0 | 24.0 |
          24.0 |              9.0 |          94896.47 |       0.0 |  377512.66 | 23.0 | 24.0 |
          24.0 |              9.0 |           257.795 |       0.0 |        0.0 |  1.0 | 25.0 |
          24.0 |              9.0 |           282.275 |       0.0 |    30281.3 |  4.0 | 25.0 |
          24.0 |              9.0 |           632.795 |       0.0 |   239068.0 |  6.0 | 25.0 |
          24.0 |              9.0 |          1434.254 |       0.0 |  318183.16 | 12.0 | 25.0 |
          24.0 |              9.0 |          1439.315 |       0.0 |   318428.3 | 13.0 | 25.0 |
          24.0 |              9.0 |            1449.2 |       0.0 |  318902.25 | 14.0 | 25.0 |
          24.0 |              9.0 |          2432.471 |       0.0 |  346795.34 | 15.0 | 25.0 |
          24.0 |              9.0 |          2483.328 |       0.0 |  347637.25 | 16.0 | 25.0 |
          24.0 |              9.0 |          3008.058 |       0.0 |  354661.78 | 18.0 | 25.0 |
          24.0 |              9.0 |          3219.579 |       0.0 |  356845.84 | 19.0 | 25.0 |
          24.0 |              9.0 |           3537.29 |       0.0 |   359635.6 | 20.0 | 25.0 |
          24.0 |              9.0 |           9621.71 |       0.0 |  377512.66 | 23.0 | 25.0 |
          24.0 |              9.0 |         10707.345 |       0.0 |  378566.44 | 24.0 | 25.0 |
          24.0 |              9.0 |           253.207 |  0.001807 |        0.0 |  1.0 | 26.0 |
          24.0 |              9.0 |           258.306 | 0.0007395 |     7821.5 |  2.0 | 26.0 |
          24.0 |              9.0 |           276.784 |   0.05449 |    30281.3 |  4.0 | 26.0 |
          24.0 |              9.0 |           243.038 | 0.0003346 |        0.0 |  1.0 | 27.0 |
          24.0 |              9.0 |           247.732 |  0.004796 |     7821.5 |  2.0 | 27.0 |
          24.0 |              9.0 |            248.74 |    0.0183 |     9549.5 |  3.0 | 27.0 |
          24.0 |              9.0 |           264.678 |  0.003072 |    30281.3 |  4.0 | 27.0 |
          24.0 |              9.0 |           287.345 | 0.0003915 |    66849.7 |  5.0 | 27.0 |
          24.0 |              9.0 |           242.734 |  0.004842 |        0.0 |  1.0 | 28.0 |
          24.0 |              9.0 |           264.318 |  0.001886 |    30281.3 |  4.0 | 28.0 |
          24.0 |              9.0 |            549.16 |       0.0 |   239068.0 |  6.0 | 28.0 |
          24.0 |              9.0 |           568.725 |       0.0 |   245317.0 |  7.0 | 28.0 |
          24.0 |              9.0 |          1066.214 |       0.0 |  318183.16 | 12.0 | 28.0 |
          24.0 |              9.0 |          1069.009 |       0.0 |   318428.3 | 13.0 | 28.0 |
          24.0 |              9.0 |          1074.452 |       0.0 |  318902.25 | 14.0 | 28.0 |
          24.0 |              9.0 |          2834.731 |       0.0 |  376696.25 | 22.0 | 28.0 |
          24.0 |              9.0 |          4155.044 |       0.0 |   387905.8 | 25.0 | 28.0 |
          24.0 |              9.0 |           242.733 |       0.0 |        0.0 |  1.0 | 29.0 |
          24.0 |              9.0 |           264.316 |       0.0 |    30281.3 |  4.0 | 29.0 |
          24.0 |              9.0 |           549.153 |       0.0 |   239068.0 |  6.0 | 29.0 |
          24.0 |              9.0 |          1066.187 |       0.0 |  318183.16 | 12.0 | 29.0 |
          24.0 |              9.0 |          1068.982 |       0.0 |   318428.3 | 13.0 | 29.0 |
          24.0 |              9.0 |          1074.425 |       0.0 |  318902.25 | 14.0 | 29.0 |
          24.0 |              9.0 |          1534.214 |       0.0 |  346795.34 | 15.0 | 29.0 |
          24.0 |              9.0 |          1554.291 |       0.0 |  347637.25 | 16.0 | 29.0 |
          24.0 |              9.0 |          1813.913 |       0.0 |  356845.84 | 19.0 | 29.0 |
          24.0 |              9.0 |          1910.596 |       0.0 |   359635.6 | 20.0 | 29.0 |
          24.0 |              9.0 |          2834.544 |       0.0 |  376696.25 | 22.0 | 29.0 |
          24.0 |              9.0 |          2901.693 |       0.0 |  377512.66 | 23.0 | 29.0 |
          24.0 |              9.0 |          2993.218 |       0.0 |  378566.44 | 24.0 | 29.0 |
          24.0 |              9.0 |           4154.64 |       0.0 |   387905.8 | 25.0 | 29.0 |
          24.0 |              9.0 |           242.157 | 4.256e-05 |        0.0 |  1.0 | 30.0 |
          24.0 |              9.0 |           246.816 | 2.474e-05 |     7821.5 |  2.0 | 30.0 |
          24.0 |              9.0 |           247.817 |       0.0 |     9549.5 |  3.0 | 30.0 |
          24.0 |              9.0 |           263.634 |  0.003041 |    30281.3 |  4.0 | 30.0 |
          24.0 |              9.0 |           565.566 |       0.0 |   245317.0 |  7.0 | 30.0 |
          24.0 |              9.0 |           577.528 |       0.0 |   249016.0 |  8.0 | 30.0 |
          24.0 |              9.0 |          1055.164 |       0.0 |  318183.16 | 12.0 | 30.0 |
          24.0 |              9.0 |          1057.901 |       0.0 |   318428.3 | 13.0 | 30.0 |
          24.0 |              9.0 |          1511.492 |       0.0 |  346795.34 | 15.0 | 30.0 |
          24.0 |              9.0 |          1557.282 |       0.0 |   348740.7 | 17.0 | 30.0 |
          24.0 |              9.0 |          1782.236 |       0.0 |  356845.84 | 19.0 | 30.0 |
          24.0 |              9.0 |          2757.944 |       0.0 |  376696.25 | 22.0 | 30.0 |
          24.0 |              9.0 |           246.626 |  0.003556 |     7821.5 |  2.0 | 31.0 |
          24.0 |              9.0 |           545.281 |       0.0 |   239068.0 |  6.0 | 31.0 |
          24.0 |              9.0 |          1049.899 |       0.0 |   318021.2 | 11.0 | 31.0 |
          24.0 |              9.0 |          1706.292 |       0.0 |  354661.78 | 18.0 | 31.0 |
          24.0 |              9.0 |           240.901 |   0.04128 |        0.0 |  1.0 | 32.0 |
          24.0 |              9.0 |           245.512 | 0.0001613 |     7821.5 |  2.0 | 32.0 |
          24.0 |              9.0 |           246.502 |  0.002371 |     9549.5 |  3.0 | 32.0 |
          24.0 |              9.0 |           262.146 |  0.003482 |    30281.3 |  4.0 | 32.0 |
          24.0 |              9.0 |           284.362 | 0.0003977 |    66849.7 |  5.0 | 32.0 |
          24.0 |              9.0 |           240.296 | 5.826e-05 |        0.0 |  1.0 | 33.0 |
          24.0 |              9.0 |           244.884 |   0.03935 |     7821.5 |  2.0 | 33.0 |
          24.0 |              9.0 |            261.43 |  0.002674 |    30281.3 |  4.0 | 33.0 |
          24.0 |              9.0 |            237.62 |   0.09837 |        0.0 |  1.0 | 34.0 |
          24.0 |              9.0 |           242.105 |   0.02942 |     7821.5 |  2.0 | 34.0 |
          24.0 |              9.0 |           258.265 |  0.001524 |    30281.3 |  4.0 | 34.0 |
          24.0 |              9.0 |           237.178 |   0.03058 |        0.0 |  1.0 | 35.0 |
          24.0 |              9.0 |           257.743 |  0.002376 |    30281.3 |  4.0 | 35.0 |
          24.0 |              9.0 |           521.521 |       0.0 |   239068.0 |  6.0 | 35.0 |
          24.0 |              9.0 |           973.508 |       0.0 |  318902.25 | 14.0 | 35.0 |
          24.0 |              9.0 |           222.249 |   0.01322 |        0.0 |  1.0 | 36.0 |
          24.0 |              9.0 |           240.209 | 0.0005313 |    30281.3 |  4.0 | 36.0 |
          24.0 |              9.0 |           665.135 |       0.0 |   305561.0 |  9.0 | 36.0 |
          24.0 |              9.0 |           977.442 |       0.0 |  347637.25 | 16.0 | 36.0 |
          24.0 |              9.0 |          1365.209 |       0.0 |  376696.25 | 22.0 | 36.0 |
          24.0 |              9.0 |          1380.596 |       0.0 |  377512.66 | 23.0 | 36.0 |
          24.0 |              9.0 |          1611.881 |       0.0 |   387905.8 | 25.0 | 36.0 |
          24.0 |              9.0 |           220.138 |       1.1 |        0.0 |  1.0 | 37.0 |
          24.0 |              9.0 |           223.982 |    0.4814 |     7821.5 |  2.0 | 37.0 |
          24.0 |              9.0 |           224.806 |    0.1429 |     9549.5 |  3.0 | 37.0 |
          24.0 |              9.0 |           237.744 |   0.02312 |    30281.3 |  4.0 | 37.0 |
          24.0 |              9.0 |           255.875 |  0.001024 |    66849.7 |  5.0 | 37.0 |
          24.0 |              9.0 |           220.017 |     4.404 |        0.0 |  1.0 | 38.0 |
          24.0 |              9.0 |            223.87 |      1.02 |     7821.5 |  2.0 | 38.0 |
          24.0 |              9.0 |           235.722 |   0.03757 |    30281.3 |  4.0 | 38.0 |
          24.0 |              9.0 |           209.587 |     1.295 |        0.0 |  1.0 | 39.0 |
          24.0 |              9.0 |           213.068 |    0.9391 |     7821.5 |  2.0 | 39.0 |
          24.0 |              9.0 |           213.814 |     0.892 |     9549.5 |  3.0 | 39.0 |
          24.0 |              9.0 |           225.485 |    0.2333 |    30281.3 |  4.0 | 39.0 |
          24.0 |              9.0 |            211.49 |     1.127 |     7821.5 |  2.0 | 40.0 |
          24.0 |              9.0 |           206.472 |   0.01627 |        0.0 |  1.0 | 41.0 |
          24.0 |              9.0 |            209.85 |   0.05885 |     7821.5 |  2.0 | 41.0 |
          24.0 |              9.0 |           210.573 |    0.2147 |     9549.5 |  3.0 | 41.0 |
          24.0 |              9.0 |           221.884 |     2.952 |    30281.3 |  4.0 | 41.0 |
          24.0 |              9.0 |           237.596 |   0.07643 |    66849.7 |  5.0 | 41.0 |
          24.0 |              9.0 |           210.611 |     7.056 |        0.0 |  1.0 | 42.0 |
          24.0 |              9.0 |           224.957 |  0.005199 |    30281.3 |  4.0 | 42.0 |
          24.0 |              9.0 |            208.52 |    0.9366 |        0.0 |  1.0 | 43.0 |
          24.0 |              9.0 |           211.977 |     3.861 |     7821.5 |  2.0 | 43.0 |
          24.0 |              9.0 |           222.574 |    0.1369 |    30281.3 |  4.0 | 43.0 |
          24.0 |              9.0 |           207.142 |   0.05134 |        0.0 |  1.0 | 44.0 |
          24.0 |              9.0 |           210.554 |     1.208 |     7821.5 |  2.0 | 44.0 |
          24.0 |              9.0 |           211.322 |     1.712 |     9549.5 |  3.0 | 44.0 |
          24.0 |              9.0 |           221.005 |   0.06266 |    30281.3 |  4.0 | 44.0 |
          24.0 |              9.0 |           240.436 |  0.002746 |    66849.7 |  5.0 | 44.0 |
          24.0 |              9.0 |           202.712 |   0.01127 |        0.0 |  1.0 | 45.0 |
          24.0 |              9.0 |           205.978 |    0.2319 |     7821.5 |  2.0 | 45.0 |
          24.0 |              9.0 |           215.969 |     3.451 |    30281.3 |  4.0 | 45.0 |
          24.0 |              9.0 |           196.947 |   0.01523 |        0.0 |  1.0 | 46.0 |
          24.0 |              9.0 |           209.438 |      8.05 |    30281.3 |  4.0 | 46.0 |
          24.0 |              9.0 |           188.012 | 0.0004669 |        0.0 |  1.0 | 47.0 |
          24.0 |              9.0 |           190.818 |  0.001931 |     7821.5 |  2.0 | 47.0 |
          24.0 |              9.0 |            191.45 |   0.01493 |     9549.5 |  3.0 | 47.0 |
          24.0 |              9.0 |           199.363 |   0.02289 |    30281.3 |  4.0 | 47.0 |
          24.0 |              9.0 |            215.04 |     2.749 |    66849.7 |  5.0 | 47.0 |
          24.0 |              9.0 |           160.816 |       0.0 |    30281.3 |  4.0 | 48.0 |
          24.0 |              9.0 |           238.477 |   0.00597 |   245317.0 |  7.0 | 48.0 |
          24.0 |              9.0 |           281.003 |    0.8243 |   305561.0 |  9.0 | 48.0 |
          24.0 |              9.0 |            409.82 |  0.001756 |  411458.44 | 27.0 | 48.0 |
          24.0 |              9.0 |           416.043 |  0.001284 |  415108.16 | 32.0 | 48.0 |
          24.0 |              9.0 |           560.732 |   0.04822 |  477129.38 | 39.0 | 48.0 |
          24.0 |              9.0 |           584.314 |     0.266 |  484326.94 | 41.0 | 48.0 |
          24.0 |              9.0 |           628.503 |  0.008358 |   482760.0 | 44.0 | 48.0 |
          24.0 |              9.0 |           983.109 |   0.07155 |   531880.0 | 47.0 | 48.0 |
%CHIANTI