 Atomic Number | Ionization State |  Wavelength (Ang.) |               g_i*f_ik |   E_i(cm^-1) |    i |    j |
           2.0 |              2.0 |  303.7799987792969 |     0.8324000239372253 |          0.0 |  1.0 |  2.0 |
           2.0 |              2.0 | 256.32000732421875 |     0.1581999957561493 |          0.0 |  1.0 |  3.0 |
           2.0 |              2.0 | 243.02999877929688 |     0.0579800009727478 |          0.0 |  1.0 |  4.0 |
           2.0 |              2.0 |  237.3300018310547 |   0.027879999950528145 |          0.0 |  1.0 |  5.0 |
           2.0 |              2.0 | 234.35000610351562 |   0.015598000027239323 |          0.0 |  1.0 |  6.0 |
           2.0 |              2.0 |  232.5800018310547 |   0.009627999737858772 |          0.0 |  1.0 |  7.0 |
           2.0 |              2.0 |  231.4499969482422 |   0.006366000045090914 |          0.0 |  1.0 |  8.0 |
           2.0 |              2.0 | 230.69000244140625 |    0.00443200021982193 |          0.0 |  1.0 |  9.0 |
           2.0 |              2.0 | 230.13999938964844 |  0.0032099999953061342 |          0.0 |  1.0 | 10.0 |
           2.0 |              2.0 | 229.74000549316406 |  0.0024019998963922262 |          0.0 |  1.0 | 11.0 |
           2.0 |              2.0 | 229.42999267578125 |  0.0018427999457344413 |          0.0 |  1.0 | 12.0 |
           2.0 |              2.0 | 229.19000244140625 |  0.0014453999465331435 |          0.0 |  1.0 | 13.0 |
           2.0 |              2.0 | 229.00999450683594 |   0.001154799945652485 |          0.0 |  1.0 | 14.0 |
           2.0 |              2.0 | 228.85000610351562 |  0.0009371999767608941 |          0.0 |  1.0 | 15.0 |
           2.0 |              2.0 | 228.72999572753906 |  0.0007711999933235347 |          0.0 |  1.0 | 16.0 |
           2.0 |              2.0 |  228.6300048828125 |  0.0006422000005841255 |          0.0 |  1.0 | 17.0 |
           2.0 |              2.0 |  228.5399932861328 |  0.0005403999821282923 |          0.0 |  1.0 | 18.0 |
           2.0 |              2.0 | 228.47000122070312 |  0.0004592000041157007 |          0.0 |  1.0 | 19.0 |
           2.0 |              2.0 | 228.41000366210938 | 0.00039339999784715474 |          0.0 |  1.0 | 20.0 |
           2.0 |              2.0 | 228.36000061035156 |  0.0003395999956410378 |          0.0 |  1.0 | 21.0 |
           2.0 |              2.0 | 228.30999755859375 | 0.00029520000680349767 |          0.0 |  1.0 | 22.0 |
           2.0 |              2.0 | 228.27000427246094 |  0.0002581999870017171 |          0.0 |  1.0 | 23.0 |
           2.0 |              2.0 | 228.22999572753906 |  0.0002271999983349815 |          0.0 |  1.0 | 24.0 |
           2.0 |              2.0 |  228.1999969482422 | 0.00020080000103916973 |          0.0 |  1.0 | 25.0 |
           2.0 |              2.0 | 228.17999267578125 |  0.0001785200001904741 |          0.0 |  1.0 | 26.0 |
           2.0 |              2.0 | 228.14999389648438 | 0.00015936000272631645 |          0.0 |  1.0 | 27.0 |
           2.0 |              2.0 |  228.1300048828125 |  0.0001428399991709739 |          0.0 |  1.0 | 28.0 |
           2.0 |              2.0 | 228.11000061035156 | 0.00012854000669904053 |          0.0 |  1.0 | 29.0 |
           2.0 |              2.0 | 228.08999633789062 | 0.00011608000204432756 |          0.0 |  1.0 | 30.0 |
           2.0 |              2.0 | 1640.4200439453125 |     5.1255998611450195 |  329182.1875 |  2.0 |  3.0 |
           2.0 |              2.0 | 1215.1300048828125 |     0.9544000029563904 |  329182.1875 |  2.0 |  4.0 |
           2.0 |              2.0 |   1084.93994140625 |    0.35736000537872314 |  329182.1875 |  2.0 |  5.0 |
           2.0 |              2.0 |   1025.27001953125 |    0.17671999335289001 |  329182.1875 |  2.0 |  6.0 |
           2.0 |              2.0 |  992.3599853515625 |    0.10159999877214432 |  329182.1875 |  2.0 |  7.0 |
           2.0 |              2.0 |  972.1099853515625 |    0.06428799778223038 |  329182.1875 |  2.0 |  8.0 |
           2.0 |              2.0 |  958.7000122070312 |   0.043432001024484634 |  329182.1875 |  2.0 |  9.0 |
           2.0 |              2.0 |  949.3300170898438 |    0.03080799989402294 |  329182.1875 |  2.0 | 10.0 |
           2.0 |              2.0 |   942.510009765625 |   0.022679999470710754 |  329182.1875 |  2.0 | 11.0 |
           2.0 |              2.0 |  937.3900146484375 |   0.017208000645041466 |  329182.1875 |  2.0 | 12.0 |
           2.0 |              2.0 |  933.4500122070312 |   0.013376000337302685 |  329182.1875 |  2.0 | 13.0 |
           2.0 |              2.0 |  930.3400268554688 |   0.010607999749481678 |  329182.1875 |  2.0 | 14.0 |
           2.0 |              2.0 |  927.8499755859375 |   0.008559999987483025 |  329182.1875 |  2.0 | 15.0 |
           2.0 |              2.0 |  925.8200073242188 |   0.007011199835687876 |  329182.1875 |  2.0 | 16.0 |
           2.0 |              2.0 |  924.1500244140625 |   0.005816000048071146 |  329182.1875 |  2.0 | 17.0 |
           2.0 |              2.0 |             922.75 |  0.0048791998997330666 |  329182.1875 |  2.0 | 18.0 |
           2.0 |              2.0 |  921.5700073242188 |  0.0041335998103022575 |  329182.1875 |  2.0 | 19.0 |
           2.0 |              2.0 |  920.5599975585938 |   0.003532799892127514 |  329182.1875 |  2.0 | 20.0 |
           2.0 |              2.0 |  919.7000122070312 |  0.0030431998893618584 |  329182.1875 |  2.0 | 21.0 |
           2.0 |              2.0 |  918.9500122070312 |  0.0026400000788271427 |  329182.1875 |  2.0 | 22.0 |
           2.0 |              2.0 |  918.2999877929688 |    0.00230560009367764 |  329182.1875 |  2.0 | 23.0 |
           2.0 |              2.0 |    917.72998046875 |  0.0020256000570952892 |  329182.1875 |  2.0 | 24.0 |
           2.0 |              2.0 |    917.22998046875 |  0.0017896000063046813 |  329182.1875 |  2.0 | 25.0 |
           2.0 |              2.0 |   916.780029296875 |  0.0015879999846220016 |  329182.1875 |  2.0 | 26.0 |
           2.0 |              2.0 |  916.3800048828125 |  0.0014167999615892768 |  329182.1875 |  2.0 | 27.0 |
           2.0 |              2.0 |   916.030029296875 |  0.0012687999987974763 |  329182.1875 |  2.0 | 28.0 |
           2.0 |              2.0 |  915.7100219726562 |  0.0011407999554648995 |  329182.1875 |  2.0 | 29.0 |
           2.0 |              2.0 |  915.4199829101562 |  0.0010296000400558114 |  329182.1875 |  2.0 | 30.0 |
           2.0 |              2.0 |    4685.7001953125 |     15.157800674438477 | 390142.34375 |  3.0 |  4.0 |
           2.0 |              2.0 |  3203.090087890625 |     2.7107999324798584 | 390142.34375 |  3.0 |  5.0 |
           2.0 |              2.0 |    2733.2900390625 |      1.005120038986206 | 390142.34375 |  3.0 |  6.0 |
           2.0 |              2.0 |  2511.199951171875 |    0.49823999404907227 | 390142.34375 |  3.0 |  7.0 |
           2.0 |              2.0 |   2385.39990234375 |     0.2887199819087982 | 390142.34375 |  3.0 |  8.0 |
           2.0 |              2.0 |  2306.199951171875 |    0.18413999676704407 | 390142.34375 |  3.0 |  9.0 |
           2.0 |              2.0 |   2252.68994140625 |    0.12564000487327576 | 390142.34375 |  3.0 | 10.0 |
           2.0 |              2.0 |     2214.669921875 |    0.08992800116539001 | 390142.34375 |  3.0 | 11.0 |
           2.0 |              2.0 |  2186.610107421875 |    0.06679800152778625 | 390142.34375 |  3.0 | 12.0 |
           2.0 |              2.0 |            2165.25 |    0.05110199749469757 | 390142.34375 |  3.0 | 13.0 |
           2.0 |              2.0 |   2148.60009765625 |   0.040031999349594116 | 390142.34375 |  3.0 | 14.0 |
           2.0 |              2.0 |   2135.35009765625 |   0.031968001276254654 | 390142.34375 |  3.0 | 15.0 |
           2.0 |              2.0 |    2124.6298828125 |   0.025974001735448837 | 390142.34375 |  3.0 | 16.0 |
           2.0 |              2.0 |     2115.830078125 |   0.021383998915553093 | 390142.34375 |  3.0 | 17.0 |
           2.0 |              2.0 |  2108.510009765625 |   0.017848799005150795 | 390142.34375 |  3.0 | 18.0 |
           2.0 |              2.0 |   2102.35009765625 |   0.015049800276756287 | 390142.34375 |  3.0 | 19.0 |
           2.0 |              2.0 |    2097.1201171875 |   0.012812400236725807 | 390142.34375 |  3.0 | 20.0 |
           2.0 |              2.0 |  2092.639892578125 |   0.010996200144290924 | 390142.34375 |  3.0 | 21.0 |
           2.0 |              2.0 |  2088.780029296875 |   0.009511199779808521 | 390142.34375 |  3.0 | 22.0 |
           2.0 |              2.0 |  2085.409912109375 |   0.008283600211143494 | 390142.34375 |  3.0 | 23.0 |
           2.0 |              2.0 |  2082.469970703125 |   0.007261199876666069 | 390142.34375 |  3.0 | 24.0 |
           2.0 |              2.0 |    2079.8798828125 |   0.006399000063538551 | 390142.34375 |  3.0 | 25.0 |
           2.0 |              2.0 |  2077.590087890625 |   0.005670000333338976 | 390142.34375 |  3.0 | 26.0 |
           2.0 |              2.0 |   2075.56005859375 |  0.0050490000285208225 | 390142.34375 |  3.0 | 27.0 |
           2.0 |              2.0 |  2073.739990234375 |   0.004514399915933609 | 390142.34375 |  3.0 | 28.0 |
           2.0 |              2.0 |  2072.110107421875 |  0.0040536001324653625 | 390142.34375 |  3.0 | 29.0 |
           2.0 |              2.0 |  2070.639892578125 |  0.0036540001165121794 | 390142.34375 |  3.0 | 30.0 |
           2.0 |              2.0 |     10123.58984375 |     33.215999603271484 | 411477.90625 |  4.0 |  5.0 |
           2.0 |              2.0 |      6560.08984375 |      5.737599849700928 | 411477.90625 |  4.0 |  6.0 |
           2.0 |              2.0 |   5411.52001953125 |      2.095679998397827 | 411477.90625 |  4.0 |  7.0 |
           2.0 |              2.0 |   4859.31982421875 |     1.0335999727249146 | 411477.90625 |  4.0 |  8.0 |
           2.0 |              2.0 |      4541.58984375 |     0.5983999967575073 | 411477.90625 |  4.0 |  9.0 |
           2.0 |              2.0 |   4338.68017578125 |     0.3827199935913086 | 411477.90625 |  4.0 | 10.0 |
           2.0 |              2.0 |      4199.83984375 |     0.2619839906692505 | 411477.90625 |  4.0 | 11.0 |
           2.0 |              2.0 |    4100.0498046875 |    0.18835200369358063 | 411477.90625 |  4.0 | 12.0 |
           2.0 |              2.0 |  4025.610107421875 |    0.14057600498199463 | 411477.90625 |  4.0 | 13.0 |
           2.0 |              2.0 |   3968.43994140625 |     0.1080000028014183 | 411477.90625 |  4.0 | 14.0 |
           2.0 |              2.0 |  3923.489990234375 |    0.08499199897050858 | 411477.90625 |  4.0 | 15.0 |
           2.0 |              2.0 |  3887.449951171875 |     0.0681919977068901 | 411477.90625 |  4.0 | 16.0 |
           2.0 |              2.0 |     3858.080078125 |    0.05564799904823303 | 411477.90625 |  4.0 | 17.0 |
           2.0 |              2.0 |   3833.81005859375 |    0.04604800045490265 | 411477.90625 |  4.0 | 18.0 |
           2.0 |              2.0 |             3813.5 |    0.03852799907326698 | 411477.90625 |  4.0 | 19.0 |
           2.0 |              2.0 |  3796.340087890625 |   0.032607998698949814 | 411477.90625 |  4.0 | 20.0 |
           2.0 |              2.0 |   3781.68994140625 |    0.02784319967031479 | 411477.90625 |  4.0 | 21.0 |
           2.0 |              2.0 |     3769.080078125 |   0.023974400013685226 | 411477.90625 |  4.0 | 22.0 |
           2.0 |              2.0 |   3758.14990234375 |   0.020800000056624413 | 411477.90625 |  4.0 | 23.0 |
           2.0 |              2.0 |  3748.610107421875 |   0.018166400492191315 | 411477.90625 |  4.0 | 24.0 |
           2.0 |              2.0 |   3740.22998046875 |   0.015964800491929054 | 411477.90625 |  4.0 | 25.0 |
           2.0 |              2.0 |     3732.830078125 |   0.014108800329267979 | 411477.90625 |  4.0 | 26.0 |
           2.0 |              2.0 |   3726.27001953125 |   0.012534400448203087 | 411477.90625 |  4.0 | 27.0 |
           2.0 |              2.0 |  3720.409912109375 |    0.01118400041013956 | 411477.90625 |  4.0 | 28.0 |
           2.0 |              2.0 |  3715.159912109375 |   0.010025599971413612 | 411477.90625 |  4.0 | 29.0 |
           2.0 |              2.0 |  3710.449951171875 |   0.009020799770951271 | 411477.90625 |  4.0 | 30.0 |
           2.0 |              2.0 |           18636.75 |      61.54999542236328 |   421353.125 |  5.0 |  6.0 |
           2.0 |              2.0 |     11626.41015625 |     10.345000267028809 |   421353.125 |  5.0 |  7.0 |
           2.0 |              2.0 |       9344.9296875 |     3.7239999771118164 |   421353.125 |  5.0 |  8.0 |
           2.0 |              2.0 |    8236.7900390625 |     1.8224999904632568 |   421353.125 |  5.0 |  9.0 |
           2.0 |              2.0 |     7592.759765625 |     1.0520000457763672 |   421353.125 |  5.0 | 10.0 |
           2.0 |              2.0 |   7177.52978515625 |      0.671999990940094 |   421353.125 |  5.0 | 11.0 |
           2.0 |              2.0 |      6890.91015625 |     0.4604499936103821 |   421353.125 |  5.0 | 12.0 |
           2.0 |              2.0 |    6683.2099609375 |     0.3315500020980835 |   421353.125 |  5.0 | 13.0 |
           2.0 |              2.0 |   6527.10986328125 |     0.2479499876499176 |   421353.125 |  5.0 | 14.0 |
           2.0 |              2.0 |   6406.39013671875 |     0.1910499930381775 |   421353.125 |  5.0 | 15.0 |
           2.0 |              2.0 |   6310.85986328125 |    0.15069998800754547 |   421353.125 |  5.0 | 16.0 |
           2.0 |              2.0 |     6233.830078125 |    0.12125000357627869 |   421353.125 |  5.0 | 17.0 |
           2.0 |              2.0 |    6170.7001953125 |    0.09919999539852142 |   421353.125 |  5.0 | 18.0 |
           2.0 |              2.0 |   6118.27001953125 |    0.08229999989271164 |   421353.125 |  5.0 | 19.0 |
           2.0 |              2.0 |    6074.2099609375 |    0.06909999996423721 |   421353.125 |  5.0 | 20.0 |
           2.0 |              2.0 |    6036.7900390625 |    0.05859999731183052 |   421353.125 |  5.0 | 21.0 |
           2.0 |              2.0 |   6004.72998046875 |    0.05014999955892563 |   421353.125 |  5.0 | 22.0 |
           2.0 |              2.0 |    5977.0400390625 |    0.04332499951124191 |   421353.125 |  5.0 | 23.0 |
           2.0 |              2.0 |   5952.93994140625 |   0.037689998745918274 |   421353.125 |  5.0 | 24.0 |
           2.0 |              2.0 |      5931.83984375 |     0.0330049991607666 |   421353.125 |  5.0 | 25.0 |
           2.0 |              2.0 |            5913.25 |   0.029075000435113907 |   421353.125 |  5.0 | 26.0 |
           2.0 |              2.0 |    5896.7900390625 |   0.025755001232028008 |   421353.125 |  5.0 | 27.0 |
           2.0 |              2.0 |   5882.14013671875 |   0.022929999977350235 |   421353.125 |  5.0 | 28.0 |
           2.0 |              2.0 |    5869.0400390625 |    0.02050499990582466 |   421353.125 |  5.0 | 29.0 |
           2.0 |              2.0 |   5857.27001953125 |   0.018415000289678574 |   421353.125 |  5.0 | 30.0 |
           2.0 |              2.0 |    18743.330078125 |     16.847999572753906 | 426717.40625 |  6.0 |  8.0 |
           2.0 |              2.0 |   14760.3798828125 |      5.986800193786621 | 426717.40625 |  6.0 |  9.0 |
           2.0 |              2.0 |    12812.830078125 |      2.907360076904297 | 426717.40625 |  6.0 | 10.0 |
           2.0 |              2.0 |           11673.25 |     1.6704000234603882 | 426717.40625 |  6.0 | 11.0 |
           2.0 |              2.0 |   10933.6201171875 |     1.0648800134658813 | 426717.40625 |  6.0 | 12.0 |
           2.0 |              2.0 |    10419.830078125 |     0.7286399602890015 | 426717.40625 |  6.0 | 13.0 |
           2.0 |              2.0 |     10045.26953125 |     0.5248079895973206 | 426717.40625 |  6.0 | 14.0 |
           2.0 |              2.0 |     9762.169921875 |     0.3927599787712097 | 426717.40625 |  6.0 | 15.0 |
           2.0 |              2.0 |       9542.0703125 |    0.30290400981903076 | 426717.40625 |  6.0 | 16.0 |
           2.0 |              2.0 |    9367.0498046875 |    0.23932799696922302 | 426717.40625 |  6.0 | 17.0 |
           2.0 |              2.0 |            9225.25 |    0.19288799166679382 | 426717.40625 |  6.0 | 18.0 |
           2.0 |              2.0 |    9108.5498046875 |    0.15811198949813843 | 426717.40625 |  6.0 | 19.0 |
           2.0 |              2.0 |      9011.23046875 |      0.131400004029274 | 426717.40625 |  6.0 | 20.0 |
           2.0 |              2.0 |    8929.1298828125 |    0.11044800281524658 | 426717.40625 |  6.0 | 21.0 |
           2.0 |              2.0 |     8859.169921875 |    0.09388799965381622 | 426717.40625 |  6.0 | 22.0 |
           2.0 |              2.0 |      8799.01953125 |    0.08056800067424774 | 426717.40625 |  6.0 | 23.0 |
           2.0 |              2.0 |     8746.900390625 |    0.06968879699707031 | 426717.40625 |  6.0 | 24.0 |
           2.0 |              2.0 |     8701.419921875 |   0.060731999576091766 | 426717.40625 |  6.0 | 25.0 |
           2.0 |              2.0 |      8661.48046875 |     0.0532727986574173 | 426717.40625 |  6.0 | 26.0 |
           2.0 |              2.0 |    8626.2099609375 |    0.04700880125164986 | 426717.40625 |  6.0 | 27.0 |
           2.0 |              2.0 |    8594.8798828125 |   0.041709598153829575 | 426717.40625 |  6.0 | 28.0 |
           2.0 |              2.0 |    8566.9404296875 |    0.03718799725174904 | 426717.40625 |  6.0 | 29.0 |
           2.0 |              2.0 |     8541.900390625 |    0.03330719843506813 | 426717.40625 |  6.0 | 30.0 |
           2.0 |              2.0 |    28252.349609375 |     25.568199157714844 | 429951.90625 |  7.0 |  9.0 |
           2.0 |              2.0 |    21885.150390625 |      8.979740142822266 | 429951.90625 |  7.0 | 10.0 |
           2.0 |              2.0 |    18757.400390625 |     4.3276801109313965 | 429951.90625 |  7.0 | 11.0 |
           2.0 |              2.0 |    16918.380859375 |     2.4745001792907715 | 429951.90625 |  7.0 | 12.0 |
           2.0 |              2.0 |     15719.01953125 |     1.5728999376296997 | 429951.90625 |  7.0 | 13.0 |
           2.0 |              2.0 |     14881.91015625 |     1.0750600099563599 | 429951.90625 |  7.0 | 14.0 |
           2.0 |              2.0 |   14268.8798828125 |     0.7733180522918701 | 429951.90625 |  7.0 | 15.0 |
           2.0 |              2.0 |     13803.51953125 |     0.5786899924278259 | 429951.90625 |  7.0 | 16.0 |
           2.0 |              2.0 |     13440.23046875 |    0.44648802280426025 | 429951.90625 |  7.0 | 17.0 |
           2.0 |              2.0 |   13150.2001953125 |    0.35299599170684814 | 429951.90625 |  7.0 | 18.0 |
           2.0 |              2.0 |   12914.3603515625 |     0.2846899926662445 | 429951.90625 |  7.0 | 19.0 |
           2.0 |              2.0 |     12719.58984375 |    0.23353399336338043 | 429951.90625 |  7.0 | 20.0 |
           2.0 |              2.0 |   12556.6201171875 |    0.19423599541187286 | 429951.90625 |  7.0 | 21.0 |
           2.0 |              2.0 |   12418.7001953125 |    0.16356199979782104 | 429951.90625 |  7.0 | 22.0 |
           2.0 |              2.0 |     12300.83984375 |     0.1392579972743988 | 429951.90625 |  7.0 | 23.0 |
           2.0 |              2.0 |   12199.2197265625 |    0.11965800076723099 | 429951.90625 |  7.0 | 24.0 |
           2.0 |              2.0 |   12110.9404296875 |    0.10358600318431854 | 429951.90625 |  7.0 | 25.0 |
           2.0 |              2.0 |   12033.7099609375 |    0.09042459726333618 | 429951.90625 |  7.0 | 26.0 |
           2.0 |              2.0 |   11965.7197265625 |    0.07941920310258865 | 429951.90625 |  7.0 | 27.0 |
           2.0 |              2.0 |   11905.5400390625 |    0.07017780095338821 | 429951.90625 |  7.0 | 28.0 |
           2.0 |              2.0 |     11851.98046875 |    0.06233780086040497 | 429951.90625 |  7.0 | 29.0 |
           2.0 |              2.0 |   11804.1103515625 |    0.05565420165657997 | 429951.90625 |  7.0 | 30.0 |
           2.0 |              2.0 |     40495.01953125 |     36.812801361083984 |  432051.1875 |  8.0 | 10.0 |
           2.0 |              2.0 |     30946.73046875 |     12.800000190734863 |  432051.1875 |  8.0 | 11.0 |
           2.0 |              2.0 |      26240.7890625 |      6.127359867095947 |  432051.1875 |  8.0 | 12.0 |
           2.0 |              2.0 |    23463.990234375 |      3.486720085144043 |  432051.1875 |  8.0 | 13.0 |
           2.0 |              2.0 |     21646.44921875 |      2.209280014038086 |  432051.1875 |  8.0 | 14.0 |
           2.0 |              2.0 |      20373.2890625 |       1.50655996799469 |  432051.1875 |  8.0 | 15.0 |
           2.0 |              2.0 |    19437.630859375 |      1.082368016242981 |  432051.1875 |  8.0 | 16.0 |
           2.0 |              2.0 |    18724.919921875 |     0.8093439936637878 |  432051.1875 |  8.0 | 17.0 |
           2.0 |              2.0 |      18166.7109375 |     0.6242560148239136 |  432051.1875 |  8.0 | 18.0 |
           2.0 |              2.0 |     17719.66015625 |     0.4935680031776428 |  432051.1875 |  8.0 | 19.0 |
           2.0 |              2.0 |    17355.029296875 |     0.3983359932899475 |  432051.1875 |  8.0 | 20.0 |
           2.0 |              2.0 |     17053.05078125 |    0.32678401470184326 |  432051.1875 |  8.0 | 21.0 |
           2.0 |              2.0 |    16799.669921875 |    0.27212798595428467 |  432051.1875 |  8.0 | 22.0 |
           2.0 |              2.0 |    16584.689453125 |    0.22937600314617157 |  432051.1875 |  8.0 | 23.0 |
           2.0 |              2.0 |    16400.509765625 |     0.1953279972076416 |  432051.1875 |  8.0 | 24.0 |
           2.0 |              2.0 |     16241.33984375 |    0.16793599724769592 |  432051.1875 |  8.0 | 25.0 |
           2.0 |              2.0 |           16102.75 |     0.1456640064716339 |  432051.1875 |  8.0 | 26.0 |
           2.0 |              2.0 |           15981.25 |    0.12721920013427734 |  432051.1875 |  8.0 | 27.0 |
           2.0 |              2.0 |      15874.0703125 |    0.11184640228748322 |  432051.1875 |  8.0 | 28.0 |
           2.0 |              2.0 |    15779.009765625 |    0.09891840070486069 |  432051.1875 |  8.0 | 29.0 |
           2.0 |              2.0 |     15694.26953125 |     0.0879615992307663 |  432051.1875 |  8.0 | 30.0 |
           2.0 |              2.0 |        55812.96875 |      50.91659927368164 | 433490.46875 |  9.0 | 11.0 |
           2.0 |              2.0 |     42172.73828125 |     17.544599533081055 | 433490.46875 |  9.0 | 12.0 |
           2.0 |              2.0 |     35433.48828125 |      8.346240043640137 | 433490.46875 |  9.0 | 13.0 |
           2.0 |              2.0 |     31446.19921875 |     4.7271599769592285 | 433490.46875 |  9.0 | 14.0 |
           2.0 |              2.0 |    28829.029296875 |     2.9856600761413574 | 433490.46875 |  9.0 | 15.0 |
           2.0 |              2.0 |      26990.5703125 |      2.031479835510254 | 433490.46875 |  9.0 | 16.0 |
           2.0 |              2.0 |    25635.669921875 |     1.4571900367736816 | 433490.46875 |  9.0 | 17.0 |
           2.0 |              2.0 |    24600.779296875 |     1.0884779691696167 | 433490.46875 |  9.0 | 18.0 |
           2.0 |              2.0 |    23788.080078125 |     0.8391599655151367 | 433490.46875 |  9.0 | 19.0 |
           2.0 |              2.0 |    23135.529296875 |     0.6632279753684998 | 433490.46875 |  9.0 | 20.0 |
           2.0 |              2.0 |    22601.970703125 |     0.5350859761238098 | 433490.46875 |  9.0 | 21.0 |
           2.0 |              2.0 |     22159.01953125 |    0.43918198347091675 | 433490.46875 |  9.0 | 22.0 |
           2.0 |              2.0 |     21786.51953125 |     0.3657959997653961 | 433490.46875 |  9.0 | 23.0 |
           2.0 |              2.0 |    21469.779296875 |     0.3084479868412018 | 433490.46875 |  9.0 | 24.0 |
           2.0 |              2.0 |    21197.830078125 |    0.26292601227760315 | 433490.46875 |  9.0 | 25.0 |
           2.0 |              2.0 |    20962.349609375 |    0.22615200281143188 | 433490.46875 |  9.0 | 26.0 |
           2.0 |              2.0 |     20756.91015625 |    0.19634400308132172 | 433490.46875 |  9.0 | 27.0 |
           2.0 |              2.0 |     20576.48046875 |    0.17155800759792328 | 433490.46875 |  9.0 | 28.0 |
           2.0 |              2.0 |      20417.0390625 |    0.15093539655208588 | 433490.46875 |  9.0 | 29.0 |
           2.0 |              2.0 |    20275.380859375 |    0.13358519971370697 | 433490.46875 |  9.0 | 30.0 |
           2.0 |              2.0 |         74547.8125 |      68.15999603271484 |  434519.9375 | 10.0 | 12.0 |
           2.0 |              2.0 |      55790.8203125 |      23.31999969482422 |  434519.9375 | 10.0 | 13.0 |
           2.0 |              2.0 |     46506.12109375 |     11.026000022888184 |  434519.9375 | 10.0 | 14.0 |
           2.0 |              2.0 |      41001.3203125 |     6.2179999351501465 |  434519.9375 | 10.0 | 15.0 |
           2.0 |              2.0 |     37380.12109375 |     3.9159998893737793 |  434519.9375 | 10.0 | 16.0 |
           2.0 |              2.0 |       34830.640625 |     2.6559998989105225 |  434519.9375 | 10.0 | 17.0 |
           2.0 |              2.0 |            32947.5 |     19.030000686645508 |  434519.9375 | 10.0 | 18.0 |
           2.0 |              2.0 |    31505.919921875 |     1.4197999238967896 |  434519.9375 | 10.0 | 19.0 |
           2.0 |              2.0 |       30371.359375 |     1.0936000347137451 |  434519.9375 | 10.0 | 20.0 |
           2.0 |              2.0 |    29458.439453125 |     0.8637999892234802 |  434519.9375 | 10.0 | 21.0 |
           2.0 |              2.0 |      28710.4296875 |     0.6967999935150146 |  434519.9375 | 10.0 | 22.0 |
           2.0 |              2.0 |     28088.19921875 |     0.5719999670982361 |  434519.9375 | 10.0 | 23.0 |
           2.0 |              2.0 |    27563.919921875 |     0.4763999879360199 |  434519.9375 | 10.0 | 24.0 |
           2.0 |              2.0 |      27117.2890625 |     0.4017999768257141 |  434519.9375 | 10.0 | 25.0 |
           2.0 |              2.0 |    26733.130859375 |     0.3425999879837036 |  434519.9375 | 10.0 | 26.0 |
           2.0 |              2.0 |     26399.91015625 |     0.2948000133037567 |  434519.9375 | 10.0 | 27.0 |
           2.0 |              2.0 |    26108.720703125 |    0.25599998235702515 |  434519.9375 | 10.0 | 28.0 |
           2.0 |              2.0 |     25852.55078125 |    0.22380000352859497 |  434519.9375 | 10.0 | 29.0 |
           2.0 |              2.0 |     25625.83984375 |     0.1970200091600418 |  434519.9375 | 10.0 | 30.0 |
           2.0 |              2.0 |      97041.2109375 |      88.88660430908203 | 435281.65625 | 11.0 | 13.0 |
           2.0 |              2.0 |      72028.7109375 |      30.20159912109375 | 435281.65625 | 11.0 | 14.0 |
           2.0 |              2.0 |      59629.3515625 |     14.210240364074707 | 435281.65625 | 11.0 | 15.0 |
           2.0 |              2.0 |     52265.73828125 |      7.981159687042236 | 435281.65625 | 11.0 | 16.0 |
           2.0 |              2.0 |     47413.23046875 |      5.009399890899658 | 435281.65625 | 11.0 | 17.0 |
           2.0 |              2.0 |       43990.609375 |     3.3928399085998535 | 435281.65625 | 11.0 | 18.0 |
           2.0 |              2.0 |     41457.87109375 |      2.424839973449707 | 435281.65625 | 11.0 | 19.0 |
           2.0 |              2.0 |     39515.44140625 |     1.8072559833526611 | 435281.65625 | 11.0 | 20.0 |
           2.0 |              2.0 |     37983.91015625 |     1.3902900218963623 | 435281.65625 | 11.0 | 21.0 |
           2.0 |              2.0 |       36749.359375 |     1.0977120399475098 | 435281.65625 | 11.0 | 22.0 |
           2.0 |              2.0 |     35736.05078125 |     0.8849939703941345 | 435281.65625 | 11.0 | 23.0 |
           2.0 |              2.0 |      34891.7109375 |     0.7262420058250427 | 435281.65625 | 11.0 | 24.0 |
           2.0 |              2.0 |      34179.1015625 |     0.6049999594688416 | 435281.65625 | 11.0 | 25.0 |
           2.0 |              2.0 |      33571.0390625 |     0.5101360082626343 | 435281.65625 | 11.0 | 26.0 |
           2.0 |              2.0 |     33047.23046875 |     0.4351159930229187 | 435281.65625 | 11.0 | 27.0 |
           2.0 |              2.0 |     32592.19921875 |    0.37461599707603455 | 435281.65625 | 11.0 | 28.0 |
           2.0 |              2.0 |     32193.98046875 |    0.32524800300598145 | 435281.65625 | 11.0 | 29.0 |
           2.0 |              2.0 |     31843.16015625 |     0.2843500077724457 | 435281.65625 | 11.0 | 30.0 |
           2.0 |              2.0 |       91114.109375 |      38.30400085449219 |     435861.0 | 12.0 | 15.0 |
           2.0 |              2.0 |      74973.8984375 |       17.9366397857666 |     435861.0 | 12.0 | 16.0 |
           2.0 |              2.0 |      65375.9609375 |     10.039680480957031 |     435861.0 | 12.0 | 17.0 |
           2.0 |              2.0 |      59041.9609375 |     6.2841596603393555 |     435861.0 | 12.0 | 18.0 |
           2.0 |              2.0 |      54567.7109375 |      4.245120048522949 |     435861.0 | 12.0 | 19.0 |
           2.0 |              2.0 |      51251.7109375 |     3.0297598838806152 |     435861.0 | 12.0 | 20.0 |
           2.0 |              2.0 |     48704.66015625 |     2.2536001205444336 |     435861.0 | 12.0 | 21.0 |
           2.0 |              2.0 |      46693.3203125 |      1.732319951057434 |     435861.0 | 12.0 | 22.0 |
           2.0 |              2.0 |     45069.55859375 |     1.3668479919433594 |     435861.0 | 12.0 | 23.0 |
           2.0 |              2.0 |     43734.80078125 |     1.1013120412826538 |     435861.0 | 12.0 | 24.0 |
           2.0 |              2.0 |        42620.96875 |     0.9034559726715088 |     435861.0 | 12.0 | 25.0 |
           2.0 |              2.0 |     41679.58984375 |     0.7522560358047485 |     435861.0 | 12.0 | 26.0 |
           2.0 |              2.0 |        40875.21875 |     0.6344640254974365 |     435861.0 | 12.0 | 27.0 |
           2.0 |              2.0 |      40181.3515625 |     0.5408639907836914 |     435861.0 | 12.0 | 28.0 |
           2.0 |              2.0 |     39577.80078125 |    0.46569597721099854 |     435861.0 | 12.0 | 29.0 |
           2.0 |              2.0 |      39048.9296875 |    0.40435200929641724 |     435861.0 | 12.0 | 30.0 |
           2.0 |              2.0 |           113300.0 |      47.72560119628906 |   436311.875 | 13.0 | 16.0 |
           2.0 |              2.0 |       92710.546875 |      22.25391960144043 |   436311.875 | 13.0 | 17.0 |
           2.0 |              2.0 |            80468.5 |     12.411359786987305 |   436311.875 | 13.0 | 18.0 |
           2.0 |              2.0 |            72380.0 |      7.746959686279297 |   436311.875 | 13.0 | 19.0 |
           2.0 |              2.0 |      66659.2890625 |      5.222099781036377 |   436311.875 | 13.0 | 20.0 |
           2.0 |              2.0 |     62414.05078125 |     3.7179999351501465 |   436311.875 | 13.0 | 21.0 |
           2.0 |              2.0 |     59149.01171875 |     2.7641642093658447 |   436311.875 | 13.0 | 22.0 |
           2.0 |              2.0 |      56567.3515625 |     2.1223020553588867 |   436311.875 | 13.0 | 23.0 |
           2.0 |              2.0 |      54480.4609375 |     1.6730999946594238 |   436311.875 | 13.0 | 24.0 |
           2.0 |              2.0 |     52762.80859375 |      1.347267985343933 |   436311.875 | 13.0 | 25.0 |
           2.0 |              2.0 |     51327.66015625 |      1.104583978652954 |   436311.875 | 13.0 | 26.0 |
           2.0 |              2.0 |      50113.2109375 |     0.9193599820137024 |   436311.875 | 13.0 | 27.0 |
           2.0 |              2.0 |           49074.25 |     0.7750340104103088 |   436311.875 | 13.0 | 28.0 |
           2.0 |              2.0 |        48176.96875 |      0.660789966583252 |   436311.875 | 13.0 | 29.0 |
           2.0 |              2.0 |     47395.58984375 |     0.5688539743423462 |   436311.875 | 13.0 | 30.0 |
           2.0 |              2.0 |           138700.0 |     58.564796447753906 |   436669.625 | 14.0 | 17.0 |
           2.0 |              2.0 |           113000.0 |      27.19696044921875 |   436669.625 | 14.0 | 18.0 |
           2.0 |              2.0 |      97679.9296875 |     15.123359680175781 |   436669.625 | 14.0 | 19.0 |
           2.0 |              2.0 |       87541.078125 |      9.415840148925781 |   436669.625 | 14.0 | 20.0 |
           2.0 |              2.0 |        80362.71875 |     6.3308000564575195 |   436669.625 | 14.0 | 21.0 |
           2.0 |              2.0 |      75030.0078125 |      4.504080295562744 |   436669.625 | 14.0 | 22.0 |
           2.0 |              2.0 |         70924.0625 |     3.3417999744415283 |   436669.625 | 14.0 | 23.0 |
           2.0 |              2.0 |      67673.8828125 |     2.5632879734039307 |   436669.625 | 14.0 | 24.0 |
           2.0 |              2.0 |      65043.6484375 |     2.0184080600738525 |   436669.625 | 14.0 | 25.0 |
           2.0 |              2.0 |      62876.3984375 |     1.6244479417800903 |   436669.625 | 14.0 | 26.0 |
           2.0 |              2.0 |     61063.62109375 |      1.331231951713562 |   436669.625 | 14.0 | 27.0 |
           2.0 |              2.0 |     59527.94921875 |     1.1074000597000122 |   436669.625 | 14.0 | 28.0 |
           2.0 |              2.0 |     58212.80078125 |      0.933351993560791 |   436669.625 | 14.0 | 29.0 |
           2.0 |              2.0 |     57075.80859375 |     0.7957600355148315 |   436669.625 | 14.0 | 30.0 |
           2.0 |              2.0 |           167700.0 |                 70.875 | 436958.21875 | 15.0 | 18.0 |
           2.0 |              2.0 |           136000.0 |      32.81399917602539 | 436958.21875 | 15.0 | 19.0 |
           2.0 |              2.0 |           117100.0 |     18.193498611450195 | 436958.21875 | 15.0 | 20.0 |
           2.0 |              2.0 |           104600.0 |     11.295000076293945 | 436958.21875 | 15.0 | 21.0 |
           2.0 |              2.0 |      95775.4609375 |      7.582499980926514 | 436958.21875 | 15.0 | 22.0 |
           2.0 |              2.0 |        89184.78125 |      5.386500358581543 | 436958.21875 | 15.0 | 23.0 |
           2.0 |              2.0 |         84105.4375 |     3.9905998706817627 | 436958.21875 | 15.0 | 24.0 |
           2.0 |              2.0 |       80080.859375 |      3.057300090789795 | 436958.21875 | 15.0 | 25.0 |
           2.0 |              2.0 |         76820.8125 |      2.405700206756592 | 436958.21875 | 15.0 | 26.0 |
           2.0 |              2.0 |            74132.0 |     1.9345499277114868 | 436958.21875 | 15.0 | 27.0 |
           2.0 |              2.0 |      71880.8203125 |     1.5844500064849854 | 436958.21875 | 15.0 | 28.0 |
           2.0 |              2.0 |      69971.9609375 |     1.3176000118255615 | 436958.21875 | 15.0 | 29.0 |
           2.0 |              2.0 |      68335.6796875 |     1.1101499795913696 | 436958.21875 | 15.0 | 30.0 |
           2.0 |              2.0 |           200500.0 |       84.8384017944336 |  437194.4375 | 16.0 | 19.0 |
           2.0 |              2.0 |           162000.0 |      39.13727951049805 |  437194.4375 | 16.0 | 20.0 |
           2.0 |              2.0 |           139000.0 |     21.800960540771484 |  437194.4375 | 16.0 | 21.0 |
           2.0 |              2.0 |           123800.0 |     13.409279823303223 |  437194.4375 | 16.0 | 22.0 |
           2.0 |              2.0 |           105000.0 |      6.369279861450195 |  437194.4375 | 16.0 | 24.0 |
           2.0 |              2.0 |      98768.8203125 |       4.71398401260376 |  437194.4375 | 16.0 | 25.0 |
           2.0 |              2.0 |        93856.34375 |     3.6075520515441895 |  437194.4375 | 16.0 | 26.0 |
           2.0 |              2.0 |       89873.703125 |      2.835968017578125 |  437194.4375 | 16.0 | 27.0 |
           2.0 |              2.0 |       86586.140625 |       2.27891206741333 |  437194.4375 | 16.0 | 28.0 |
           2.0 |              2.0 |        83831.34375 |     1.8652160167694092 |  437194.4375 | 16.0 | 29.0 |
           2.0 |              2.0 |      81493.4921875 |     1.5503360033035278 |  437194.4375 | 16.0 | 30.0 |
           2.0 |              2.0 |           191000.0 |      46.41918182373047 | 437390.21875 | 17.0 | 21.0 |
           2.0 |              2.0 |           163400.0 |     25.657421112060547 | 437390.21875 | 17.0 | 22.0 |
           2.0 |              2.0 |           145100.0 |     15.762060165405273 | 437390.21875 | 17.0 | 23.0 |
           2.0 |              2.0 |           132100.0 |     10.542719841003418 | 437390.21875 | 17.0 | 24.0 |
           2.0 |              2.0 |           122500.0 |      7.461979866027832 | 437390.21875 | 17.0 | 25.0 |
           2.0 |              2.0 |           115000.0 |       5.51643180847168 | 437390.21875 | 17.0 | 26.0 |
           2.0 |              2.0 |           109100.0 |      4.217088222503662 | 437390.21875 | 17.0 | 27.0 |
           2.0 |              2.0 |           104300.0 |     3.3119399547576904 | 437390.21875 | 17.0 | 28.0 |
           2.0 |              2.0 |           100300.0 |     2.6593778133392334 | 437390.21875 | 17.0 | 29.0 |
           2.0 |              2.0 |        96967.34375 |      2.175014019012451 | 437390.21875 | 17.0 | 30.0 |
           2.0 |              2.0 |           223300.0 |      54.30240249633789 |    437554.25 | 18.0 | 22.0 |
           2.0 |              2.0 |           190400.0 |     29.937599182128906 |    437554.25 | 18.0 | 23.0 |
           2.0 |              2.0 |           168700.0 |     18.370800018310547 |    437554.25 | 18.0 | 24.0 |
           2.0 |              2.0 |           153200.0 |     12.266639709472656 |    437554.25 | 18.0 | 25.0 |
           2.0 |              2.0 |           141700.0 |       8.67024040222168 |    437554.25 | 18.0 | 26.0 |
           2.0 |              2.0 |           132800.0 |      6.400944232940674 |    437554.25 | 18.0 | 27.0 |
           2.0 |              2.0 |           125800.0 |      4.887864112854004 |    437554.25 | 18.0 | 28.0 |
           2.0 |              2.0 |           120100.0 |      3.835512161254883 |    437554.25 | 18.0 | 29.0 |
           2.0 |              2.0 |           115300.0 |     3.0773520469665527 |    437554.25 | 18.0 | 30.0 |
           2.0 |              2.0 |           258900.0 |      63.02337646484375 | 437693.09375 | 19.0 | 23.0 |
           2.0 |              2.0 |           220300.0 |       34.6632194519043 | 437693.09375 | 19.0 | 24.0 |
           2.0 |              2.0 |           194700.0 |      21.40007972717285 | 437693.09375 | 19.0 | 25.0 |
           2.0 |              2.0 |           176500.0 |      14.15842056274414 | 437693.09375 | 19.0 | 26.0 |
           2.0 |              2.0 |           162900.0 |      9.999699592590332 | 437693.09375 | 19.0 | 27.0 |
           2.0 |              2.0 |           152400.0 |      7.371620178222656 | 437693.09375 | 19.0 | 28.0 |
           2.0 |              2.0 |           144100.0 |      5.623658180236816 | 437693.09375 | 19.0 | 29.0 |
           2.0 |              2.0 |           137300.0 |       4.40925407409668 | 437693.09375 | 19.0 | 30.0 |
           2.0 |              2.0 |           298200.0 |       72.6240005493164 |   437811.625 | 20.0 | 24.0 |
           2.0 |              2.0 |           253100.0 |       39.8640022277832 |   437811.625 | 20.0 | 25.0 |
           2.0 |              2.0 |           223200.0 |     24.559999465942383 |   437811.625 | 20.0 | 26.0 |
           2.0 |              2.0 |           201900.0 |     16.240001678466797 |   437811.625 | 20.0 | 27.0 |
           2.0 |              2.0 |           186000.0 |     11.447999954223633 |   437811.625 | 20.0 | 28.0 |
           2.0 |              2.0 |           173800.0 |      8.432000160217285 |   437811.625 | 20.0 | 29.0 |
           2.0 |              2.0 |           164000.0 |     6.4272003173828125 |   437811.625 | 20.0 | 30.0 |
           2.0 |              2.0 |           341200.0 |      83.15496063232422 |   437913.625 | 21.0 | 25.0 |
           2.0 |              2.0 |           289000.0 |     45.546478271484375 |   437913.625 | 21.0 | 26.0 |
           2.0 |              2.0 |           254300.0 |      28.00349998474121 |   437913.625 | 21.0 | 27.0 |
           2.0 |              2.0 |           229600.0 |      18.50436019897461 |   437913.625 | 21.0 | 28.0 |
           2.0 |              2.0 |           211200.0 |      13.03596019744873 |   437913.625 | 21.0 | 29.0 |
           2.0 |              2.0 |           197000.0 |      9.587340354919434 |   437913.625 | 21.0 | 30.0 |
           2.0 |              2.0 |           388200.0 |        94.641357421875 |  438002.0625 | 22.0 | 26.0 |
           2.0 |              2.0 |           328000.0 |     51.739601135253906 |  438002.0625 | 22.0 | 27.0 |
           2.0 |              2.0 |           288100.0 |      31.76007843017578 |  438002.0625 | 22.0 | 28.0 |
           2.0 |              2.0 |           259700.0 |      21.12175941467285 |  438002.0625 | 22.0 | 29.0 |
           2.0 |              2.0 |           238500.0 |       14.7523193359375 |  438002.0625 | 22.0 | 30.0 |
           2.0 |              2.0 |           370500.0 |      58.46508026123047 |  438079.1875 | 23.0 | 28.0 |
           2.0 |              2.0 |           324800.0 |       35.8344612121582 |  438079.1875 | 23.0 | 29.0 |
           2.0 |              2.0 |           292300.0 |      23.79442024230957 |  438079.1875 | 23.0 | 30.0 |
           2.0 |              2.0 |           416400.0 |      65.74463653564453 | 438146.90625 | 24.0 | 29.0 |
           2.0 |              2.0 |           364500.0 |     40.239356994628906 | 438146.90625 | 24.0 | 30.0 |
           2.0 |              2.0 |           465900.0 |      73.61250305175781 |   438206.625 | 25.0 | 30.0 |
           2.0 |              2.0 |          2118000.0 |                    0.0 |          0.0 | 26.0 | 27.0 |
           2.0 |              2.0 |          1118000.0 |                    0.0 |          0.0 | 26.0 | 28.0 |
           2.0 |              2.0 |           784800.0 |                    0.0 |          0.0 | 26.0 | 29.0 |
           2.0 |              2.0 |           618700.0 |                    0.0 |          0.0 | 26.0 | 30.0 |
           2.0 |              2.0 |          2367000.0 |                    0.0 |          0.0 | 27.0 | 28.0 |
           2.0 |              2.0 |          1247000.0 |                    0.0 |          0.0 | 27.0 | 29.0 |
           2.0 |              2.0 |           874000.0 |                    0.0 |          0.0 | 27.0 | 30.0 |
           2.0 |              2.0 |          2635000.0 |                    0.0 |          0.0 | 28.0 | 29.0 |
           2.0 |              2.0 |          1386000.0 |                    0.0 |          0.0 | 28.0 | 30.0 |
           2.0 |              2.0 |          2922000.0 |                    0.0 |          0.0 | 29.0 | 30.0 |
%CMFGEN