 Atomic Number | Ionization State | Wavelength (Ang.) |               g_i*f_ik |      E_i(cm^-1) |     i |     j |
          25.0 |              1.0 | 2795.639892578125 |     3.4673686027526855 |             0.0 | 333.0 | 666.0 |
          25.0 |              1.0 |     2799.08984375 |     2.5118863582611084 |             0.0 | 333.0 | 666.0 |
          25.0 |              1.0 | 2801.889892578125 |     1.7378008365631104 |             0.0 | 333.0 | 666.0 |
          25.0 |              1.0 |   3008.5400390625 |    0.19498446583747864 |   25281.0390625 | 333.0 | 666.0 |
          25.0 |              1.0 |   3012.0400390625 |    0.14791084825992584 |   25285.4296875 | 333.0 | 666.0 |
          25.0 |              1.0 |  3012.26025390625 |     0.4265795052051544 | 25287.740234375 | 333.0 | 666.0 |
          25.0 |              1.0 |    3017.330078125 |    0.47863009572029114 |   25285.4296875 | 333.0 | 666.0 |
          25.0 |              1.0 |           3044.25 |     0.6606934666633606 | 25287.740234375 | 333.0 | 666.0 |
          25.0 |              1.0 |   3045.4599609375 |     0.6309573650360107 |   17052.2890625 | 333.0 | 666.0 |
          25.0 |              1.0 |  3046.47998046875 |     0.9332543015480042 |   25285.4296875 | 333.0 | 666.0 |
          25.0 |              1.0 | 3047.929931640625 |     1.0232930183410645 | 25265.740234375 | 333.0 | 666.0 |
          25.0 |              1.0 |           3049.75 |    0.15135613083839417 |   25285.4296875 | 333.0 | 666.0 |
          25.0 |              1.0 |           3055.25 |     0.3890451490879059 |         17282.0 | 333.0 | 666.0 |
          25.0 |              1.0 | 3063.010009765625 |    0.07244359701871872 |  17451.51953125 | 333.0 | 666.0 |
          25.0 |              1.0 |     3066.91015625 |    0.18197007477283478 |         17282.0 | 333.0 | 666.0 |
          25.0 |              1.0 | 3071.159912109375 |    0.16218100488185883 |  17451.51953125 | 333.0 | 666.0 |
          25.0 |              1.0 |  3074.02001953125 |     0.2089296132326126 |  17568.48046875 | 333.0 | 666.0 |
          25.0 |              1.0 |  3080.52001953125 |    0.09120108932256699 | 17637.150390625 | 333.0 | 666.0 |
          25.0 |              1.0 |   3082.2197265625 |   0.025703955441713333 |  17568.48046875 | 333.0 | 666.0 |
          25.0 |              1.0 | 3111.579833984375 |     0.3162277638912201 |   27201.5390625 | 333.0 | 666.0 |
          25.0 |              1.0 |     3149.08984375 |    0.10471285134553909 |   18402.4609375 | 333.0 | 666.0 |
          25.0 |              1.0 | 3161.960205078125 |    0.05754399299621582 |    18531.640625 | 333.0 | 666.0 |
          25.0 |              1.0 |    3179.419921875 |    0.04466835781931877 | 18705.369140625 | 333.0 | 666.0 |
          25.0 |              1.0 |  3213.81005859375 |    0.24547088146209717 |   17052.2890625 | 333.0 | 666.0 |
          25.0 |              1.0 |   3217.8798828125 |  0.0015205472009256482 |             0.0 | 333.0 | 666.0 |
          25.0 |              1.0 |  3229.02001953125 |      1.202264428138733 |   17052.2890625 | 333.0 | 666.0 |
          25.0 |              1.0 | 3231.650146484375 |    0.43651580810546875 |         17282.0 | 333.0 | 666.0 |
          25.0 |              1.0 |   3244.7197265625 |     0.5011872053146362 |  17451.51953125 | 333.0 | 666.0 |
          25.0 |              1.0 |    3252.080078125 |    0.07244359701871872 |  17568.48046875 | 333.0 | 666.0 |
          25.0 |              1.0 |  3253.89013671875 |     0.1148153617978096 |  17568.48046875 | 333.0 | 666.0 |
          25.0 |              1.0 |  3254.97998046875 |    0.02137962356209755 |   17052.2890625 | 333.0 | 666.0 |
          25.0 |              1.0 |    3257.080078125 |    0.47863009572029114 |  17568.48046875 | 333.0 | 666.0 |
          25.0 |              1.0 |  3259.35009765625 |    0.30902954936027527 | 17637.150390625 | 333.0 | 666.0 |
          25.0 |              1.0 |    3261.169921875 |    0.23988328874111176 | 17637.150390625 | 333.0 | 666.0 |
          25.0 |              1.0 |  3265.64990234375 |     0.2238721251487732 |         17282.0 | 333.0 | 666.0 |
          25.0 |              1.0 | 3297.829833984375 |   0.019498445093631744 |  17451.51953125 | 333.0 | 666.0 |
          25.0 |              1.0 |    3299.169921875 |    0.18197007477283478 |   27201.5390625 | 333.0 | 666.0 |
          25.0 |              1.0 |   3331.6298828125 |   0.048977889120578766 |  17451.51953125 | 333.0 | 666.0 |
          25.0 |              1.0 | 3578.900146484375 |     1.4454398155212402 |   17052.2890625 | 333.0 | 666.0 |
          25.0 |              1.0 |  3596.14990234375 |    0.13803842663764954 |  17451.51953125 | 333.0 | 666.0 |
          25.0 |              1.0 |  3608.56982421875 |     0.3630780577659607 |         17282.0 | 333.0 | 666.0 |
          25.0 |              1.0 |  3609.52001953125 |     0.4265795052051544 |  17451.51953125 | 333.0 | 666.0 |
          25.0 |              1.0 |    3611.330078125 |    0.33113113045692444 |  17568.48046875 | 333.0 | 666.0 |
          25.0 |              1.0 |  3624.81982421875 |     0.1148153617978096 |  17568.48046875 | 333.0 | 666.0 |
          25.0 |              1.0 |  3630.77001953125 |    0.04466835781931877 |  17451.51953125 | 333.0 | 666.0 |
          25.0 |              1.0 | 3661.440185546875 |     2.5703957080841064 |  37420.23828125 | 333.0 | 666.0 |
          25.0 |              1.0 | 3671.570068359375 |   0.012022645212709904 |   17052.2890625 | 333.0 | 666.0 |
          25.0 |              1.0 | 3678.010009765625 |      1.778279423713684 |  37630.62109375 | 333.0 | 666.0 |
          25.0 |              1.0 | 3683.139892578125 |     1.5488165616989136 |     37737.21875 | 333.0 | 666.0 |
          25.0 |              1.0 | 3697.619873046875 |    0.16106456518173218 | 23296.669921875 | 333.0 | 666.0 |
          25.0 |              1.0 |   3702.7802734375 |   0.017782794311642647 |         17282.0 | 333.0 | 666.0 |
          25.0 |              1.0 | 3707.130126953125 |      4.073802947998047 |  34250.51953125 | 333.0 | 666.0 |
          25.0 |              1.0 | 3719.989990234375 |     2.3988327980041504 |   34343.8984375 | 333.0 | 666.0 |
          25.0 |              1.0 | 3729.949951171875 |    0.09638289362192154 |  23549.19921875 | 333.0 | 666.0 |
          25.0 |              1.0 |    3732.990234375 |     2.0892961025238037 |  34423.26953125 | 333.0 | 666.0 |
          25.0 |              1.0 | 3791.300048828125 |     0.1216185912489891 |   17052.2890625 | 333.0 | 666.0 |
          25.0 |              1.0 |     3800.33984375 |   0.017538802698254585 |         17282.0 | 333.0 | 666.0 |
          25.0 |              1.0 |   3801.6298828125 |     0.4677351415157318 | 31001.150390625 | 333.0 | 666.0 |
          25.0 |              1.0 |    3802.990234375 |     0.1659587025642395 | 25265.740234375 | 333.0 | 666.0 |
          25.0 |              1.0 | 3807.800048828125 |     1.5488165616989136 |   17052.2890625 | 333.0 | 666.0 |
          25.0 |              1.0 |    3810.669921875 |    0.24888575077056885 |         17282.0 | 333.0 | 666.0 |
          25.0 |              1.0 |  3811.77001953125 |     0.0691831037402153 |   25281.0390625 | 333.0 | 666.0 |
          25.0 |              1.0 | 3817.829833984375 |    0.03664375841617584 |  17451.51953125 | 333.0 | 666.0 |
          25.0 |              1.0 | 3824.590087890625 |     1.1428782939910889 |         17282.0 | 333.0 | 666.0 |
          25.0 |              1.0 |  3824.97998046875 |     0.3040885031223297 |  17451.51953125 | 333.0 | 666.0 |
          25.0 |              1.0 |  3830.77001953125 |    0.04528975859284401 |  17568.48046875 | 333.0 | 666.0 |
          25.0 |              1.0 | 3834.949951171875 |     0.2766941487789154 |  17568.48046875 | 333.0 | 666.0 |
          25.0 |              1.0 |   3835.4501953125 |     0.7568328976631165 |  17451.51953125 | 333.0 | 666.0 |
          25.0 |              1.0 |   3840.8701171875 |    0.20511621236801147 | 17637.150390625 | 333.0 | 666.0 |
          25.0 |              1.0 | 3842.170166015625 |    0.43651580810546875 |  17568.48046875 | 333.0 | 666.0 |
          25.0 |              1.0 |  3845.06982421875 |    0.18706822395324707 | 17637.150390625 | 333.0 | 666.0 |
          25.0 |              1.0 |    3927.580078125 |     1.0232930183410645 | 31001.150390625 | 333.0 | 666.0 |
          25.0 |              1.0 |   3953.9599609375 |     0.5754399299621582 |  33825.48828125 | 333.0 | 666.0 |
          25.0 |              1.0 |    3977.009765625 |    0.16982437670230865 |  34845.26171875 | 333.0 | 666.0 |
          25.0 |              1.0 |   3978.2001953125 |      0.229086771607399 |  34463.37109375 | 333.0 | 666.0 |
          25.0 |              1.0 |   3983.7099609375 |     0.2187761515378952 |   25281.0390625 | 333.0 | 666.0 |
          25.0 |              1.0 | 3986.369873046875 |    0.13803842663764954 | 25287.740234375 | 333.0 | 666.0 |
          25.0 |              1.0 |   3987.9599609375 |    0.26302680373191833 | 25265.740234375 | 333.0 | 666.0 |
          25.0 |              1.0 |  3988.22998046875 |    0.19054606556892395 |   25285.4296875 | 333.0 | 666.0 |
          25.0 |              1.0 |    4019.240234375 |     0.4920395314693451 |   17052.2890625 | 333.0 | 666.0 |
          25.0 |              1.0 |    4027.580078125 |      0.301995187997818 | 25265.740234375 | 333.0 | 666.0 |
          25.0 |              1.0 |  4031.89990234375 |    0.33113113045692444 |             0.0 | 333.0 | 666.0 |
          25.0 |              1.0 |   4034.2099609375 |    0.24154609441757202 |             0.0 | 333.0 | 666.0 |
          25.0 |              1.0 |   4035.6298828125 |    0.15417005121707916 |             0.0 | 333.0 | 666.0 |
          25.0 |              1.0 |   4039.8701171875 |    0.09120108932256699 |   30354.2109375 | 333.0 | 666.0 |
          25.0 |              1.0 |            4042.5 |     1.9275249242782593 |   17052.2890625 | 333.0 | 666.0 |
          25.0 |              1.0 |  4049.89990234375 |     0.7413102388381958 |  17451.51953125 | 333.0 | 666.0 |
          25.0 |              1.0 |  4053.60986328125 |     0.7413102388381958 |  35114.98046875 | 333.0 | 666.0 |
          25.0 |              1.0 |  4056.68994140625 |     0.8511380553245544 |         17282.0 | 333.0 | 666.0 |
          25.0 |              1.0 |    4060.080078125 |     0.3580964207649231 |  17568.48046875 | 333.0 | 666.0 |
          25.0 |              1.0 | 4060.539794921875 |     0.2089296132326126 |  24788.05078125 | 333.0 | 666.0 |
          25.0 |              1.0 |  4062.89013671875 |     0.2818382978439331 |        24802.25 | 333.0 | 666.0 |
          25.0 |              1.0 | 4064.679931640625 |    0.25118863582611084 |  17451.51953125 | 333.0 | 666.0 |
          25.0 |              1.0 |  4066.22998046875 |     0.8709635734558105 |  34250.51953125 | 333.0 | 666.0 |
          25.0 |              1.0 | 4069.150146484375 |   0.013803842477500439 |  17568.48046875 | 333.0 | 666.0 |
          25.0 |              1.0 |  4071.43017578125 |     0.1148153617978096 | 17637.150390625 | 333.0 | 666.0 |
          25.0 |              1.0 |  4080.39013671875 |     0.3801894187927246 | 17637.150390625 | 333.0 | 666.0 |
          25.0 |              1.0 |     4084.08984375 |    0.44258835911750793 |  17568.48046875 | 333.0 | 666.0 |
          25.0 |              1.0 | 4084.780029296875 |     0.5623413324356079 |  17451.51953125 | 333.0 | 666.0 |
          25.0 |              1.0 | 4091.090087890625 |     0.4265795052051544 |  34423.26953125 | 333.0 | 666.0 |
          25.0 |              1.0 |  4106.52001953125 |     0.3467368483543396 |  34938.69921875 | 333.0 | 666.0 |
          25.0 |              1.0 |   4136.2099609375 |     0.9332543015480042 |  34250.51953125 | 333.0 | 666.0 |
          25.0 |              1.0 |  4142.22998046875 |      0.676082968711853 |   34343.8984375 | 333.0 | 666.0 |
          25.0 |              1.0 |   4148.7001953125 |     0.1023292988538742 |   27201.5390625 | 333.0 | 666.0 |
          25.0 |              1.0 |  4149.97021484375 |    0.47863009572029114 |  34423.26953125 | 333.0 | 666.0 |
          25.0 |              1.0 |   4177.7802734375 |     0.7585775852203369 |  34138.87890625 | 333.0 | 666.0 |
          25.0 |              1.0 |    4191.169921875 |     0.5248074531555176 |  34250.51953125 | 333.0 | 666.0 |
          25.0 |              1.0 |  4202.93994140625 |     0.4897788166999817 |   34343.8984375 | 333.0 | 666.0 |
          25.0 |              1.0 |    4236.330078125 |      1.479108452796936 | 23296.669921875 | 333.0 | 666.0 |
          25.0 |              1.0 |     4240.91015625 |     0.2089296132326126 |  23719.51953125 | 333.0 | 666.0 |
          25.0 |              1.0 |  4258.85986328125 |    0.19952623546123505 | 23818.869140625 | 333.0 | 666.0 |
          25.0 |              1.0 |   4267.1201171875 |     0.5370317697525024 |  23719.51953125 | 333.0 | 666.0 |
          25.0 |              1.0 |  4282.30029296875 |     0.3801894187927246 |  23549.19921875 | 333.0 | 666.0 |
          25.0 |              1.0 |   4285.2900390625 |    0.09817478805780411 | 23818.869140625 | 333.0 | 666.0 |
          25.0 |              1.0 |  4313.76025390625 |    0.08394600450992584 |  23719.51953125 | 333.0 | 666.0 |
          25.0 |              1.0 |  4382.93017578125 |    0.40738028287887573 |   38669.6015625 | 333.0 | 666.0 |
          25.0 |              1.0 |   4413.1201171875 |     0.7585775852203369 |  38008.69921875 | 333.0 | 666.0 |
          25.0 |              1.0 |   4416.1201171875 |     0.5140436291694641 | 23296.669921875 | 333.0 | 666.0 |
          25.0 |              1.0 |  4421.02001953125 |     0.4897788166999817 |   38120.1796875 | 333.0 | 666.0 |
          25.0 |              1.0 |  4437.60009765625 |     0.5164163708686829 |  23549.19921875 | 333.0 | 666.0 |
          25.0 |              1.0 |     4452.83984375 |     1.8967058658599854 | 23296.669921875 | 333.0 | 666.0 |
          25.0 |              1.0 |           4454.25 |     0.3235936462879181 |  23719.51953125 | 333.0 | 666.0 |
          25.0 |              1.0 |  4457.06982421875 |      0.301995187997818 |   24779.3203125 | 333.0 | 666.0 |
          25.0 |              1.0 |   4458.2900390625 |     0.2786121070384979 |  24788.05078125 | 333.0 | 666.0 |
          25.0 |              1.0 |   4458.7998046875 |     0.7638357877731323 |  24788.05078125 | 333.0 | 666.0 |
          25.0 |              1.0 |    4459.509765625 |     1.1015392541885376 |  24788.05078125 | 333.0 | 666.0 |
          25.0 |              1.0 |    4462.330078125 |    0.40738028287887573 |        24802.25 | 333.0 | 666.0 |
          25.0 |              1.0 |  4463.27001953125 |     2.0892961025238037 |        24802.25 | 333.0 | 666.0 |
          25.0 |              1.0 |      4465.9296875 |     0.7870457768440247 |  23549.19921875 | 333.0 | 666.0 |
          25.0 |              1.0 |  4471.39013671875 |    0.35974931716918945 |  23719.51953125 | 333.0 | 666.0 |
          25.0 |              1.0 |   4474.0498046875 |     0.2612161338329315 | 23818.869140625 | 333.0 | 666.0 |
          25.0 |              1.0 |     4480.66015625 |     1.0232930183410645 |  41230.30078125 | 333.0 | 666.0 |
          25.0 |              1.0 |     4491.33984375 |      0.301300585269928 | 23818.869140625 | 333.0 | 666.0 |
          25.0 |              1.0 |     4500.16015625 |    0.45394161343574524 |  23719.51953125 | 333.0 | 666.0 |
          25.0 |              1.0 |  4503.47998046875 |     0.4528975784778595 |  23549.19921875 | 333.0 | 666.0 |
          25.0 |              1.0 |  4606.64990234375 |     1.3803843259811401 |   38120.1796875 | 333.0 | 666.0 |
          25.0 |              1.0 |     4627.83984375 |     1.6218100786209106 |  38008.69921875 | 333.0 | 666.0 |
          25.0 |              1.0 |            4673.0 |    0.02137962356209755 | 23296.669921875 | 333.0 | 666.0 |
          25.0 |              1.0 |  4702.47998046875 |    0.02238721214234829 |  23549.19921875 | 333.0 | 666.0 |
          25.0 |              1.0 |   4711.0400390625 |    0.45814189314842224 | 23296.669921875 | 333.0 | 666.0 |
          25.0 |              1.0 |   4728.7998046875 |     0.3388441503047943 |  23549.19921875 | 333.0 | 666.0 |
          25.0 |              1.0 |  4740.43994140625 |     0.3235936462879181 |  23719.51953125 | 333.0 | 666.0 |
          25.0 |              1.0 |   4755.3701171875 |     0.8222426772117615 |   18402.4609375 | 333.0 | 666.0 |
          25.0 |              1.0 |   4762.8603515625 |     0.7277798056602478 | 23818.869140625 | 333.0 | 666.0 |
          25.0 |              1.0 |   4763.7099609375 |      2.666858673095703 | 23296.669921875 | 333.0 | 666.0 |
          25.0 |              1.0 |  4767.18994140625 |     0.8317638039588928 |  23719.51953125 | 333.0 | 666.0 |
          25.0 |              1.0 |    4767.759765625 |      1.258925437927246 |  23549.19921875 | 333.0 | 666.0 |
          25.0 |              1.0 |  4784.76025390625 |     1.1015392541885376 |    18531.640625 | 333.0 | 666.0 |
          25.0 |              1.0 |   4824.8701171875 |     1.3931567668914795 | 18705.369140625 | 333.0 | 666.0 |
          25.0 |              1.0 |  4967.27001953125 |   0.040738027542829514 | 23296.669921875 | 333.0 | 666.0 |
          25.0 |              1.0 |  5006.31005859375 |   0.023442288860678673 |  23549.19921875 | 333.0 | 666.0 |
          25.0 |              1.0 |   5119.3701171875 |    0.07244359701871872 |   25281.0390625 | 333.0 | 666.0 |
          25.0 |              1.0 |  5152.31982421875 |    0.09332543611526489 | 25287.740234375 | 333.0 | 666.0 |
          25.0 |              1.0 |   5198.0400390625 |      0.117489755153656 |   25285.4296875 | 333.0 | 666.0 |
          25.0 |              1.0 |  5256.77978515625 |    0.17258378863334656 | 25265.740234375 | 333.0 | 666.0 |
          25.0 |              1.0 |    5396.169921875 | 0.00031405084882862866 |             0.0 | 333.0 | 666.0 |
          25.0 |              1.0 |  5408.92041015625 |   0.018071740865707397 |         17282.0 | 333.0 | 666.0 |
          25.0 |              1.0 |   5421.8701171875 |    0.03467368334531784 |         17282.0 | 333.0 | 666.0 |
          25.0 |              1.0 |  5434.06005859375 |  0.0001603245036676526 |             0.0 | 333.0 | 666.0 |
          25.0 |              1.0 |  5518.30029296875 |    0.01422328781336546 |  17568.48046875 | 333.0 | 666.0 |
          25.0 |              1.0 |  6015.17041015625 |     0.5597575902938843 |   24779.3203125 | 333.0 | 666.0 |
          25.0 |              1.0 |   6023.4697265625 |     1.0839269161224365 |        24802.25 | 333.0 | 666.0 |
          25.0 |              1.0 |  6386.43994140625 |    0.02951209433376789 |   30425.7109375 | 333.0 | 666.0 |
          25.0 |              1.0 |            6493.5 |    0.09120108932256699 |   30354.2109375 | 333.0 | 666.0 |
%NIST