 Atomic Number | Ionization State | Wavelength (Ang.) |  g_i*f_ik | E_i(cm^-1) |    i |    j |
          25.0 |             10.0 |          9977.849 |       0.0 |        0.0 |  1.0 |  2.0 |
          25.0 |             10.0 |          8478.456 |       0.0 |        0.0 |  1.0 |  3.0 |
          25.0 |             10.0 |          56420.67 |       0.0 |    10022.2 |  2.0 |  3.0 |
          25.0 |             10.0 |          2956.953 |       0.0 |        0.0 |  1.0 |  4.0 |
          25.0 |             10.0 |          4202.316 |       0.0 |    10022.2 |  2.0 |  4.0 |
          25.0 |             10.0 |          4540.501 |       0.0 |    11794.6 |  3.0 |  4.0 |
          25.0 |             10.0 |          1359.812 |       0.0 |        0.0 |  1.0 |  5.0 |
          25.0 |             10.0 |          1574.372 |       0.0 |    10022.2 |  2.0 |  5.0 |
          25.0 |             10.0 |           2517.56 |       0.0 |    33818.6 |  4.0 |  5.0 |
          25.0 |             10.0 |           383.036 |    0.2414 |        0.0 |  1.0 |  6.0 |
          25.0 |             10.0 |           398.327 |   0.08162 |    10022.2 |  2.0 |  6.0 |
          25.0 |             10.0 |           440.037 |  0.006708 |    33818.6 |  4.0 |  6.0 |
          25.0 |             10.0 |           371.921 |   0.08592 |        0.0 |  1.0 |  7.0 |
          25.0 |             10.0 |           386.321 |    0.0492 |    10022.2 |  2.0 |  7.0 |
          25.0 |             10.0 |           388.985 |   0.06289 |    11794.6 |  3.0 |  7.0 |
          25.0 |             10.0 |           425.432 | 6.887e-05 |    33818.6 |  4.0 |  7.0 |
          25.0 |             10.0 |           511.943 |   0.00208 |    73539.6 |  5.0 |  7.0 |
          25.0 |             10.0 |           379.373 |   0.06605 |    10022.2 |  2.0 |  8.0 |
          25.0 |             10.0 |           299.938 |  0.006726 |        0.0 |  1.0 |  9.0 |
          25.0 |             10.0 |           309.234 | 0.0005013 |    10022.2 |  2.0 |  9.0 |
          25.0 |             10.0 |           310.938 | 0.0003913 |    11794.6 |  3.0 |  9.0 |
          25.0 |             10.0 |           333.797 |    0.3467 |    33818.6 |  4.0 |  9.0 |
          25.0 |             10.0 |           384.819 |  0.002167 |    73539.6 |  5.0 |  9.0 |
          25.0 |             10.0 |           296.632 | 0.0008828 |    10022.2 |  2.0 | 10.0 |
          25.0 |             10.0 |           287.982 |   0.00123 |        0.0 |  1.0 | 11.0 |
          25.0 |             10.0 |           296.512 | 0.0008855 |    10022.2 |  2.0 | 11.0 |
          25.0 |             10.0 |           297.954 | 0.0002506 |    11794.6 |  3.0 | 11.0 |
          25.0 |             10.0 |           322.593 | 1.141e-05 |    33818.6 |  4.0 | 11.0 |
          25.0 |             10.0 |           360.716 | 4.363e-06 |    73539.6 |  5.0 | 11.0 |
          25.0 |             10.0 |            287.81 |  0.002608 |        0.0 |  1.0 | 12.0 |
          25.0 |             10.0 |           296.331 | 4.729e-06 |    10022.2 |  2.0 | 12.0 |
          25.0 |             10.0 |           322.379 | 2.526e-05 |    33818.6 |  4.0 | 12.0 |
          25.0 |             10.0 |          1135.222 |       0.0 |   268874.0 |  7.0 | 12.0 |
          25.0 |             10.0 |           287.552 |  0.001504 |        0.0 |  1.0 | 13.0 |
          25.0 |             10.0 |           296.057 |       0.0 |    10022.2 |  2.0 | 13.0 |
          25.0 |             10.0 |           322.054 | 9.799e-06 |    33818.6 |  4.0 | 13.0 |
          25.0 |             10.0 |          1039.111 |       0.0 |   261072.0 |  6.0 | 13.0 |
          25.0 |             10.0 |           287.003 |       0.0 |        0.0 |  1.0 | 14.0 |
          25.0 |             10.0 |           321.366 |       0.0 |    33818.6 |  4.0 | 14.0 |
          25.0 |             10.0 |          1031.984 |       0.0 |   261072.0 |  6.0 | 14.0 |
          25.0 |             10.0 |          150458.3 |       0.0 |   347763.2 | 13.0 | 14.0 |
          25.0 |             10.0 |           264.836 |  0.001515 |        0.0 |  1.0 | 15.0 |
          25.0 |             10.0 |           272.033 | 0.0001533 |    10022.2 |  2.0 | 15.0 |
          25.0 |             10.0 |           273.247 |       0.0 |    11794.6 |  3.0 | 15.0 |
          25.0 |             10.0 |           293.828 | 0.0002036 |    33818.6 |  4.0 | 15.0 |
          25.0 |             10.0 |           793.242 |       0.0 |   261072.0 |  6.0 | 15.0 |
          25.0 |             10.0 |           3295.17 |       0.0 |  347244.53 | 11.0 | 15.0 |
          25.0 |             10.0 |          3317.726 |       0.0 |  347450.84 | 12.0 | 15.0 |
          25.0 |             10.0 |           263.821 | 8.535e-05 |        0.0 |  1.0 | 16.0 |
          25.0 |             10.0 |           270.962 |       0.0 |    10022.2 |  2.0 | 16.0 |
          25.0 |             10.0 |           292.579 | 4.302e-05 |    33818.6 |  4.0 | 16.0 |
          25.0 |             10.0 |           784.204 |       0.0 |   261072.0 |  6.0 | 16.0 |
          25.0 |             10.0 |           835.544 |       0.0 |   268874.0 |  7.0 | 16.0 |
          25.0 |             10.0 |          3165.153 |       0.0 |  347450.84 | 12.0 | 16.0 |
          25.0 |             10.0 |          3196.757 |       0.0 |   347763.2 | 13.0 | 16.0 |
          25.0 |             10.0 |          3266.153 |       0.0 |  348427.84 | 14.0 | 16.0 |
          25.0 |             10.0 |           262.828 | 0.0003669 |        0.0 |  1.0 | 17.0 |
          25.0 |             10.0 |           269.915 | 0.0004411 |    10022.2 |  2.0 | 17.0 |
          25.0 |             10.0 |           271.109 | 8.623e-06 |    11794.6 |  3.0 | 17.0 |
          25.0 |             10.0 |           291.358 | 3.953e-05 |    33818.6 |  4.0 | 17.0 |
          25.0 |             10.0 |           322.104 | 5.735e-05 |    73539.6 |  5.0 | 17.0 |
          25.0 |             10.0 |           825.661 |       0.0 |   268874.0 |  7.0 | 17.0 |
          25.0 |             10.0 |            258.91 | 0.0006164 |        0.0 |  1.0 | 18.0 |
          25.0 |             10.0 |           265.785 | 1.715e-05 |    10022.2 |  2.0 | 18.0 |
          25.0 |             10.0 |           286.551 | 2.799e-05 |    33818.6 |  4.0 | 18.0 |
          25.0 |             10.0 |           788.194 |       0.0 |   268874.0 |  7.0 | 18.0 |
          25.0 |             10.0 |           818.533 |       0.0 |   273615.0 |  8.0 | 18.0 |
          25.0 |             10.0 |          2564.751 |       0.0 |  347244.53 | 11.0 | 18.0 |
          25.0 |             10.0 |          2578.395 |       0.0 |  347450.84 | 12.0 | 18.0 |
          25.0 |             10.0 |         11570.474 |       0.0 |  377591.97 | 15.0 | 18.0 |
          25.0 |             10.0 |           257.142 | 0.0006664 |        0.0 |  1.0 | 19.0 |
          25.0 |             10.0 |           284.387 | 0.0008098 |    33818.6 |  4.0 | 19.0 |
          25.0 |             10.0 |           728.001 |       0.0 |   261072.0 |  6.0 | 19.0 |
          25.0 |             10.0 |           772.038 |       0.0 |   268874.0 |  7.0 | 19.0 |
          25.0 |             10.0 |          2413.198 |       0.0 |  347450.84 | 12.0 | 19.0 |
          25.0 |             10.0 |          2431.526 |       0.0 |   347763.2 | 13.0 | 19.0 |
          25.0 |             10.0 |           254.846 |       0.0 |        0.0 |  1.0 | 20.0 |
          25.0 |             10.0 |           281.582 |       0.0 |    33818.6 |  4.0 | 20.0 |
          25.0 |             10.0 |           709.894 |       0.0 |   261072.0 |  6.0 | 20.0 |
          25.0 |             10.0 |           2240.65 |       0.0 |   347763.2 | 13.0 | 20.0 |
          25.0 |             10.0 |          2274.522 |       0.0 |  348427.84 | 14.0 | 20.0 |
          25.0 |             10.0 |          7491.642 |       0.0 |   379044.9 | 16.0 | 20.0 |
          25.0 |             10.0 |         28543.105 |       0.0 |  388889.62 | 19.0 | 20.0 |
          25.0 |             10.0 |           253.754 |       0.0 |        0.0 |  1.0 | 21.0 |
          25.0 |             10.0 |           260.354 | 0.0004821 |    10022.2 |  2.0 | 21.0 |
          25.0 |             10.0 |           280.249 |       0.0 |    33818.6 |  4.0 | 21.0 |
          25.0 |             10.0 |            742.28 |       0.0 |   268874.0 |  7.0 | 21.0 |
          25.0 |             10.0 |           243.918 |  0.001034 |        0.0 |  1.0 | 22.0 |
          25.0 |             10.0 |             268.3 |  0.003301 |    33818.6 |  4.0 | 22.0 |
          25.0 |             10.0 |           243.232 |       0.0 |        0.0 |  1.0 | 23.0 |
          25.0 |             10.0 |           267.471 |       0.0 |    33818.6 |  4.0 | 23.0 |
          25.0 |             10.0 |           626.557 |       0.0 |   261072.0 |  6.0 | 23.0 |
          25.0 |             10.0 |          1570.387 |       0.0 |  347450.84 | 12.0 | 23.0 |
          25.0 |             10.0 |          1578.127 |       0.0 |   347763.2 | 13.0 | 23.0 |
          25.0 |             10.0 |          1594.856 |       0.0 |  348427.84 | 14.0 | 23.0 |
          25.0 |             10.0 |           2981.74 |       0.0 |  377591.97 | 15.0 | 23.0 |
          25.0 |             10.0 |          3116.766 |       0.0 |   379044.9 | 16.0 | 23.0 |
          25.0 |             10.0 |          4016.907 |       0.0 |  386234.66 | 18.0 | 23.0 |
          25.0 |             10.0 |          4496.442 |       0.0 |  388889.62 | 19.0 | 23.0 |
          25.0 |             10.0 |          5337.224 |       0.0 |   392393.1 | 20.0 | 23.0 |
          25.0 |             10.0 |          86533.64 |       0.0 |   409973.8 | 22.0 | 23.0 |
          25.0 |             10.0 |          1542.505 |       0.0 |   347763.2 | 13.0 | 24.0 |
          25.0 |             10.0 |          1558.483 |       0.0 |  348427.84 | 14.0 | 24.0 |
          25.0 |             10.0 |          2980.813 |       0.0 |   379044.9 | 16.0 | 24.0 |
          25.0 |             10.0 |          4218.847 |       0.0 |  388889.62 | 19.0 | 24.0 |
          25.0 |             10.0 |          4950.572 |       0.0 |   392393.1 | 20.0 | 24.0 |
          25.0 |             10.0 |          68336.16 |       0.0 |  411129.44 | 23.0 | 24.0 |
          25.0 |             10.0 |           236.897 |       0.0 |        0.0 |  1.0 | 25.0 |
          25.0 |             10.0 |           259.829 |       0.0 |    33818.6 |  4.0 | 25.0 |
          25.0 |             10.0 |           586.175 |       0.0 |   261072.0 |  6.0 | 25.0 |
          25.0 |             10.0 |           1339.16 |       0.0 |  347450.84 | 12.0 | 25.0 |
          25.0 |             10.0 |          1344.785 |       0.0 |   347763.2 | 13.0 | 25.0 |
          25.0 |             10.0 |          1356.913 |       0.0 |  348427.84 | 14.0 | 25.0 |
          25.0 |             10.0 |           2245.55 |       0.0 |  377591.97 | 15.0 | 25.0 |
          25.0 |             10.0 |          2321.284 |       0.0 |   379044.9 | 16.0 | 25.0 |
          25.0 |             10.0 |          2786.304 |       0.0 |  386234.66 | 18.0 | 25.0 |
          25.0 |             10.0 |          3008.888 |       0.0 |  388889.62 | 19.0 | 25.0 |
          25.0 |             10.0 |          3363.448 |       0.0 |   392393.1 | 20.0 | 25.0 |
          25.0 |             10.0 |           9094.99 |       0.0 |  411129.44 | 23.0 | 25.0 |
          25.0 |             10.0 |         10491.297 |       0.0 |  412592.78 | 24.0 | 25.0 |
          25.0 |             10.0 |           232.535 |   0.00268 |        0.0 |  1.0 | 26.0 |
          25.0 |             10.0 |           238.066 |  0.001017 |    10022.2 |  2.0 | 26.0 |
          25.0 |             10.0 |           254.592 |   0.05075 |    33818.6 |  4.0 | 26.0 |
          25.0 |             10.0 |           223.919 | 0.0005968 |        0.0 |  1.0 | 27.0 |
          25.0 |             10.0 |           229.043 |   0.00435 |    10022.2 |  2.0 | 27.0 |
          25.0 |             10.0 |           229.902 |   0.01923 |    11794.6 |  3.0 | 27.0 |
          25.0 |             10.0 |             244.3 |  0.004123 |    33818.6 |  4.0 | 27.0 |
          25.0 |             10.0 |           265.554 | 0.0004597 |    73539.6 |  5.0 | 27.0 |
          25.0 |             10.0 |           222.933 |  0.006516 |        0.0 |  1.0 | 28.0 |
          25.0 |             10.0 |           243.126 |  0.002679 |    33818.6 |  4.0 | 28.0 |
          25.0 |             10.0 |           528.533 |       0.0 |   268874.0 |  7.0 | 28.0 |
          25.0 |             10.0 |           988.979 |       0.0 |  347450.84 | 12.0 | 28.0 |
          25.0 |             10.0 |           992.044 |       0.0 |   347763.2 | 13.0 | 28.0 |
          25.0 |             10.0 |           998.628 |       0.0 |  348427.84 | 14.0 | 28.0 |
          25.0 |             10.0 |          2591.253 |       0.0 |   409973.8 | 22.0 | 28.0 |
          25.0 |             10.0 |          3782.051 |       0.0 |   422124.5 | 25.0 | 28.0 |
          25.0 |             10.0 |           222.721 |       0.0 |        0.0 |  1.0 | 29.0 |
          25.0 |             10.0 |           242.874 |       0.0 |    33818.6 |  4.0 | 29.0 |
          25.0 |             10.0 |           506.417 |       0.0 |   261072.0 |  6.0 | 29.0 |
          25.0 |             10.0 |           984.814 |       0.0 |  347450.84 | 12.0 | 29.0 |
          25.0 |             10.0 |           987.852 |       0.0 |   347763.2 | 13.0 | 29.0 |
          25.0 |             10.0 |           994.381 |       0.0 |  348427.84 | 14.0 | 29.0 |
          25.0 |             10.0 |          1400.542 |       0.0 |  377591.97 | 15.0 | 29.0 |
          25.0 |             10.0 |          1429.633 |       0.0 |   379044.9 | 16.0 | 29.0 |
          25.0 |             10.0 |          1663.803 |       0.0 |  388889.62 | 19.0 | 29.0 |
          25.0 |             10.0 |          1766.791 |       0.0 |   392393.1 | 20.0 | 29.0 |
          25.0 |             10.0 |          2562.848 |       0.0 |   409973.8 | 22.0 | 29.0 |
          25.0 |             10.0 |          2641.068 |       0.0 |  411129.44 | 23.0 | 29.0 |
          25.0 |             10.0 |          2747.244 |       0.0 |  412592.78 | 24.0 | 29.0 |
          25.0 |             10.0 |          3721.843 |       0.0 |   422124.5 | 25.0 | 29.0 |
          25.0 |             10.0 |           227.774 |  0.002521 |    10022.2 |  2.0 | 30.0 |
          25.0 |             10.0 |           506.344 |       0.0 |   261072.0 |  6.0 | 30.0 |
          25.0 |             10.0 |           982.543 |       0.0 |  347244.53 | 11.0 | 30.0 |
          25.0 |             10.0 |           1458.92 |       0.0 |   380477.4 | 17.0 | 30.0 |
          25.0 |             10.0 |          1592.696 |       0.0 |  386234.66 | 18.0 | 30.0 |
          25.0 |             10.0 |           222.407 | 5.622e-05 |        0.0 |  1.0 | 31.0 |
          25.0 |             10.0 |           227.461 | 2.237e-05 |    10022.2 |  2.0 | 31.0 |
          25.0 |             10.0 |           228.309 |       0.0 |    11794.6 |  3.0 | 31.0 |
          25.0 |             10.0 |           242.501 |  0.003432 |    33818.6 |  4.0 | 31.0 |
          25.0 |             10.0 |           525.588 |       0.0 |   268874.0 |  7.0 | 31.0 |
          25.0 |             10.0 |           538.908 |       0.0 |   273615.0 |  8.0 | 31.0 |
          25.0 |             10.0 |           978.718 |       0.0 |  347450.84 | 12.0 | 31.0 |
          25.0 |             10.0 |           981.719 |       0.0 |   347763.2 | 13.0 | 31.0 |
          25.0 |             10.0 |          1388.246 |       0.0 |  377591.97 | 15.0 | 31.0 |
          25.0 |             10.0 |          1446.175 |       0.0 |   380477.4 | 17.0 | 31.0 |
          25.0 |             10.0 |          1646.478 |       0.0 |  388889.62 | 19.0 | 31.0 |
          25.0 |             10.0 |          2521.972 |       0.0 |   409973.8 | 22.0 | 31.0 |
          25.0 |             10.0 |           221.633 |   0.04549 |        0.0 |  1.0 | 32.0 |
          25.0 |             10.0 |           227.493 |  0.001561 |    11794.6 |  3.0 | 32.0 |
          25.0 |             10.0 |           241.581 |  0.004471 |    33818.6 |  4.0 | 32.0 |
          25.0 |             10.0 |           262.344 | 0.0003972 |    73539.6 |  5.0 | 32.0 |
          25.0 |             10.0 |           220.881 | 0.0004811 |        0.0 |  1.0 | 33.0 |
          25.0 |             10.0 |           225.865 |   0.04177 |    10022.2 |  2.0 | 33.0 |
          25.0 |             10.0 |           240.687 |  0.003743 |    33818.6 |  4.0 | 33.0 |
          25.0 |             10.0 |           218.054 |    0.1074 |        0.0 |  1.0 | 34.0 |
          25.0 |             10.0 |            222.91 |   0.03161 |    10022.2 |  2.0 | 34.0 |
          25.0 |             10.0 |           237.335 |  0.002408 |    33818.6 |  4.0 | 34.0 |
          25.0 |             10.0 |           217.656 |   0.02976 |        0.0 |  1.0 | 35.0 |
          25.0 |             10.0 |           236.863 |  0.002978 |    33818.6 |  4.0 | 35.0 |
          25.0 |             10.0 |           480.969 |       0.0 |   261072.0 |  6.0 | 35.0 |
          25.0 |             10.0 |           900.796 |       0.0 |  348427.84 | 14.0 | 35.0 |
          25.0 |             10.0 |           204.262 |    0.0179 |        0.0 |  1.0 | 36.0 |
          25.0 |             10.0 |           221.087 | 0.0004892 |    33818.6 |  4.0 | 36.0 |
          25.0 |             10.0 |           615.697 |       0.0 |   333402.0 |  9.0 | 36.0 |
          25.0 |             10.0 |           904.799 |       0.0 |   379044.9 | 16.0 | 36.0 |
          25.0 |             10.0 |          1256.394 |       0.0 |   409973.8 | 22.0 | 36.0 |
          25.0 |             10.0 |          1274.905 |       0.0 |  411129.44 | 23.0 | 36.0 |
          25.0 |             10.0 |          1482.752 |       0.0 |   422124.5 | 25.0 | 36.0 |
          25.0 |             10.0 |           202.799 |     1.042 |        0.0 |  1.0 | 37.0 |
          25.0 |             10.0 |           206.993 |     0.422 |    10022.2 |  2.0 | 37.0 |
          25.0 |             10.0 |           207.694 |    0.1223 |    11794.6 |  3.0 | 37.0 |
          25.0 |             10.0 |           219.374 |   0.02862 |    33818.6 |  4.0 | 37.0 |
          25.0 |             10.0 |           236.362 |  0.001207 |    73539.6 |  5.0 | 37.0 |
          25.0 |             10.0 |           202.934 |     4.105 |        0.0 |  1.0 | 38.0 |
          25.0 |             10.0 |           207.148 |    0.8975 |    10022.2 |  2.0 | 38.0 |
          25.0 |             10.0 |           217.888 |    0.0463 |    33818.6 |  4.0 | 38.0 |
          25.0 |             10.0 |           193.555 |     1.175 |        0.0 |  1.0 | 39.0 |
          25.0 |             10.0 |           197.371 |    0.8568 |    10022.2 |  2.0 | 39.0 |
          25.0 |             10.0 |           198.009 |    0.7812 |    11794.6 |  3.0 | 39.0 |
          25.0 |             10.0 |           208.597 |    0.3176 |    33818.6 |  4.0 | 39.0 |
          25.0 |             10.0 |           195.558 |      1.05 |    10022.2 |  2.0 | 40.0 |
          25.0 |             10.0 |            203.12 |   0.02587 |        0.0 |  1.0 | 41.0 |
          25.0 |             10.0 |           207.341 |   0.09099 |    10022.2 |  2.0 | 41.0 |
          25.0 |             10.0 |           208.106 |    0.2537 |    11794.6 |  3.0 | 41.0 |
          25.0 |             10.0 |           218.102 |     2.645 |    33818.6 |  4.0 | 41.0 |
          25.0 |             10.0 |           238.789 |   0.08513 |    73539.6 |  5.0 | 41.0 |
          25.0 |             10.0 |           194.299 |     6.515 |        0.0 |  1.0 | 42.0 |
          25.0 |             10.0 |           207.964 |  0.005577 |    33818.6 |  4.0 | 42.0 |
          25.0 |             10.0 |           192.079 |    0.8257 |        0.0 |  1.0 | 43.0 |
          25.0 |             10.0 |           195.849 |     3.546 |    10022.2 |  2.0 | 43.0 |
          25.0 |             10.0 |           205.423 |    0.1613 |    33818.6 |  4.0 | 43.0 |
          25.0 |             10.0 |            190.65 |   0.04437 |        0.0 |  1.0 | 44.0 |
          25.0 |             10.0 |           194.364 |     1.118 |    10022.2 |  2.0 | 44.0 |
          25.0 |             10.0 |           195.036 |     1.578 |    11794.6 |  3.0 | 44.0 |
          25.0 |             10.0 |            203.79 |   0.06374 |    33818.6 |  4.0 | 44.0 |
          25.0 |             10.0 |           221.739 |   0.00347 |    73539.6 |  5.0 | 44.0 |
          25.0 |             10.0 |           186.522 |    0.0114 |        0.0 |  1.0 | 45.0 |
          25.0 |             10.0 |           190.075 |    0.2739 |    10022.2 |  2.0 | 45.0 |
          25.0 |             10.0 |            199.08 |     3.154 |    33818.6 |  4.0 | 45.0 |
          25.0 |             10.0 |           181.554 |   0.01729 |        0.0 |  1.0 | 46.0 |
          25.0 |             10.0 |           193.431 |     7.426 |    33818.6 |  4.0 | 46.0 |
          25.0 |             10.0 |           173.151 | 0.0004895 |        0.0 |  1.0 | 47.0 |
          25.0 |             10.0 |           176.209 |  0.002633 |    10022.2 |  2.0 | 47.0 |
          25.0 |             10.0 |           176.761 |   0.01877 |    11794.6 |  3.0 | 47.0 |
          25.0 |             10.0 |           183.921 |   0.01762 |    33818.6 |  4.0 | 47.0 |
          25.0 |             10.0 |           198.416 |     2.535 |    73539.6 |  5.0 | 47.0 |
          25.0 |             10.0 |           140.725 |       0.0 |        0.0 |  1.0 | 48.0 |
          25.0 |             10.0 |           148.511 |       0.0 |    33818.6 |  4.0 | 48.0 |
          25.0 |             10.0 |           221.609 |   0.00796 |   268874.0 |  7.0 | 48.0 |
          25.0 |             10.0 |           260.785 |    0.7865 |   333402.0 |  9.0 | 48.0 |
          25.0 |             10.0 |           378.764 |  0.002349 |  446589.97 | 27.0 | 48.0 |
          25.0 |             10.0 |            385.49 |  0.001723 |  451196.94 | 32.0 | 48.0 |
          25.0 |             10.0 |           515.578 |   0.06368 |  516649.62 | 39.0 | 48.0 |
          25.0 |             10.0 |           537.819 |    0.2352 |   492320.0 | 41.0 | 48.0 |
          25.0 |             10.0 |           581.253 |  0.009093 |   524520.0 | 44.0 | 48.0 |
          25.0 |             10.0 |           901.718 |    0.0642 |   577530.0 | 47.0 | 48.0 |
%CHIANTI