 Atomic Number | Ionization State | Wavelength (Ang.) |  g_i*f_ik | E_i(cm^-1) |    i |    j |
          28.0 |             13.0 |          5117.236 |       0.0 |        0.0 |  1.0 |  2.0 |
          28.0 |             13.0 |          4985.045 |       0.0 |        0.0 |  1.0 |  3.0 |
          28.0 |             13.0 |         192976.06 |       0.0 |    19541.8 |  2.0 |  3.0 |
          28.0 |             13.0 |          2126.171 |       0.0 |        0.0 |  1.0 |  4.0 |
          28.0 |             13.0 |          3637.541 |       0.0 |    19541.8 |  2.0 |  4.0 |
          28.0 |             13.0 |          3707.425 |       0.0 |    20060.0 |  3.0 |  4.0 |
          28.0 |             13.0 |          1022.117 |       0.0 |        0.0 |  1.0 |  5.0 |
          28.0 |             13.0 |          1277.231 |       0.0 |    19541.8 |  2.0 |  5.0 |
          28.0 |             13.0 |          1968.376 |       0.0 |    47032.9 |  4.0 |  5.0 |
          28.0 |             13.0 |           302.833 |    0.2419 |        0.0 |  1.0 |  6.0 |
          28.0 |             13.0 |           321.882 |   0.08512 |    19541.8 |  2.0 |  6.0 |
          28.0 |             13.0 |            353.13 |   0.01287 |    47032.9 |  4.0 |  6.0 |
          28.0 |             13.0 |           290.566 |   0.08937 |        0.0 |  1.0 |  7.0 |
          28.0 |             13.0 |           308.058 |   0.05003 |    19541.8 |  2.0 |  7.0 |
          28.0 |             13.0 |           308.551 |   0.06193 |    20060.0 |  3.0 |  7.0 |
          28.0 |             13.0 |           336.561 | 0.0003491 |    47032.9 |  4.0 |  7.0 |
          28.0 |             13.0 |           405.976 |  0.004284 |    97836.2 |  5.0 |  7.0 |
          28.0 |             13.0 |           308.714 |   0.06679 |    19541.8 |  2.0 |  8.0 |
          28.0 |             13.0 |            237.58 |   0.01051 |        0.0 |  1.0 |  9.0 |
          28.0 |             13.0 |           249.148 | 0.0009424 |    19541.8 |  2.0 |  9.0 |
          28.0 |             13.0 |            249.47 | 0.0006699 |    20060.0 |  3.0 |  9.0 |
          28.0 |             13.0 |           267.468 |    0.3422 |    47032.9 |  4.0 |  9.0 |
          28.0 |             13.0 |           309.527 |  0.004614 |    97836.2 |  5.0 |  9.0 |
          28.0 |             13.0 |           239.037 |  0.001519 |    19541.8 |  2.0 | 10.0 |
          28.0 |             13.0 |           229.039 |   0.00234 |        0.0 |  1.0 | 11.0 |
          28.0 |             13.0 |           238.823 |  0.001334 |    19541.8 |  2.0 | 11.0 |
          28.0 |             13.0 |           239.187 | 0.0005352 |    20060.0 |  3.0 | 11.0 |
          28.0 |             13.0 |           257.835 |  5.43e-05 |    47032.9 |  4.0 | 11.0 |
          28.0 |             13.0 |           289.201 | 1.698e-05 |    97836.2 |  5.0 | 11.0 |
          28.0 |             13.0 |           228.808 |  0.004325 |        0.0 |  1.0 | 12.0 |
          28.0 |             13.0 |           238.571 | 1.082e-05 |    19541.8 |  2.0 | 12.0 |
          28.0 |             13.0 |           257.541 |  6.16e-05 |    47032.9 |  4.0 | 12.0 |
          28.0 |             13.0 |           228.434 |  0.002015 |        0.0 |  1.0 | 13.0 |
          28.0 |             13.0 |           257.068 | 1.977e-05 |    47032.9 |  4.0 | 13.0 |
          28.0 |             13.0 |           837.963 |       0.0 |   330215.0 |  6.0 | 14.0 |
          28.0 |             13.0 |          55187.64 |       0.0 |   437763.0 | 13.0 | 14.0 |
          28.0 |             13.0 |           212.626 |   0.00188 |        0.0 |  1.0 | 15.0 |
          28.0 |             13.0 |           221.031 | 0.0002678 |    19541.8 |  2.0 | 15.0 |
          28.0 |             13.0 |            237.22 | 0.0005983 |    47032.9 |  4.0 | 15.0 |
          28.0 |             13.0 |           210.512 | 5.221e-05 |        0.0 |  1.0 | 16.0 |
          28.0 |             13.0 |           234.593 | 3.018e-05 |    47032.9 |  4.0 | 16.0 |
          28.0 |             13.0 |            646.02 |       0.0 |   330215.0 |  6.0 | 16.0 |
          28.0 |             13.0 |          2632.687 |       0.0 |   437048.0 | 12.0 | 16.0 |
          28.0 |             13.0 |          2683.195 |       0.0 |   437763.0 | 13.0 | 16.0 |
          28.0 |             13.0 |          2820.318 |       0.0 |   439575.0 | 14.0 | 16.0 |
          28.0 |             13.0 |         21177.467 |       0.0 |   470310.0 | 15.0 | 16.0 |
          28.0 |             13.0 |           209.474 | 0.0006829 |        0.0 |  1.0 | 17.0 |
          28.0 |             13.0 |           217.627 | 0.0005059 |    19541.8 |  2.0 | 17.0 |
          28.0 |             13.0 |            217.93 | 5.264e-06 |    20060.0 |  3.0 | 17.0 |
          28.0 |             13.0 |           233.304 | 7.651e-06 |    47032.9 |  4.0 | 17.0 |
          28.0 |             13.0 |           258.692 | 8.456e-05 |    97836.2 |  5.0 | 17.0 |
          28.0 |             13.0 |           207.275 |  0.001615 |        0.0 |  1.0 | 18.0 |
          28.0 |             13.0 |           215.255 | 3.415e-06 |    19541.8 |  2.0 | 18.0 |
          28.0 |             13.0 |           230.579 |  1.45e-05 |    47032.9 |  4.0 | 18.0 |
          28.0 |             13.0 |            205.51 | 0.0008833 |        0.0 |  1.0 | 19.0 |
          28.0 |             13.0 |           228.398 | 0.0007298 |    47032.9 |  4.0 | 19.0 |
          28.0 |             13.0 |          2047.879 |       0.0 |   437763.0 | 13.0 | 19.0 |
          28.0 |             13.0 |           210.621 | 0.0005494 |    19541.8 |  2.0 | 20.0 |
          28.0 |             13.0 |           579.549 |       0.0 |   330215.0 |  6.0 | 21.0 |
          28.0 |             13.0 |          1794.108 |       0.0 |   437048.0 | 12.0 | 21.0 |
          28.0 |             13.0 |          1817.422 |       0.0 |   437763.0 | 13.0 | 21.0 |
          28.0 |             13.0 |          1879.311 |       0.0 |   439575.0 | 14.0 | 21.0 |
          28.0 |             13.0 |           4449.19 |       0.0 |   470310.0 | 15.0 | 21.0 |
          28.0 |             13.0 |          5632.534 |       0.0 |   475032.0 | 16.0 | 21.0 |
          28.0 |             13.0 |         16149.871 |       0.0 |   486594.0 | 19.0 | 21.0 |
          28.0 |             13.0 |           196.039 |  0.003039 |        0.0 |  1.0 | 22.0 |
          28.0 |             13.0 |           216.759 |  0.004131 |    47032.9 |  4.0 | 22.0 |
          28.0 |             13.0 |           518.818 |       0.0 |   330215.0 |  6.0 | 23.0 |
          28.0 |             13.0 |          1316.898 |       0.0 |   437048.0 | 12.0 | 23.0 |
          28.0 |             13.0 |          1329.416 |       0.0 |   437763.0 | 13.0 | 23.0 |
          28.0 |             13.0 |          1362.231 |       0.0 |   439575.0 | 14.0 | 23.0 |
          28.0 |             13.0 |          2343.347 |       0.0 |   470310.0 | 15.0 | 23.0 |
          28.0 |             13.0 |          2634.907 |       0.0 |   475032.0 | 16.0 | 23.0 |
          28.0 |             13.0 |          3789.314 |       0.0 |   486594.0 | 19.0 | 23.0 |
          28.0 |             13.0 |          4950.985 |       0.0 |   492786.0 | 21.0 | 23.0 |
          28.0 |             13.0 |          34710.17 |       0.0 |   510103.0 | 22.0 | 23.0 |
          28.0 |             13.0 |          1272.977 |       0.0 |   437763.0 | 13.0 | 24.0 |
          28.0 |             13.0 |          1303.033 |       0.0 |   439575.0 | 14.0 | 24.0 |
          28.0 |             13.0 |           2422.07 |       0.0 |   475032.0 | 16.0 | 24.0 |
          28.0 |             13.0 |          3364.172 |       0.0 |   486594.0 | 19.0 | 24.0 |
          28.0 |             13.0 |          4249.352 |       0.0 |   492786.0 | 21.0 | 24.0 |
          28.0 |             13.0 |         29985.008 |       0.0 |   512984.0 | 23.0 | 24.0 |
          28.0 |             13.0 |           488.033 |       0.0 |   330215.0 |  6.0 | 25.0 |
          28.0 |             13.0 |          1135.151 |       0.0 |   437048.0 | 12.0 | 25.0 |
          28.0 |             13.0 |           1144.44 |       0.0 |   437763.0 | 13.0 | 25.0 |
          28.0 |             13.0 |          1168.675 |       0.0 |   439575.0 | 14.0 | 25.0 |
          28.0 |             13.0 |          1823.753 |       0.0 |   470310.0 | 15.0 | 25.0 |
          28.0 |             13.0 |           1995.61 |       0.0 |   475032.0 | 16.0 | 25.0 |
          28.0 |             13.0 |          2342.414 |       0.0 |   482451.0 | 18.0 | 25.0 |
          28.0 |             13.0 |          2594.168 |       0.0 |   486594.0 | 19.0 | 25.0 |
          28.0 |             13.0 |          3090.617 |       0.0 |   492786.0 | 21.0 | 25.0 |
          28.0 |             13.0 |          6649.378 |       0.0 |   510103.0 | 22.0 | 25.0 |
          28.0 |             13.0 |          8225.037 |       0.0 |   512984.0 | 23.0 | 25.0 |
          28.0 |             13.0 |         11334.013 |       0.0 |   516319.0 | 24.0 | 25.0 |
          28.0 |             13.0 |           186.504 |  0.007541 |        0.0 |  1.0 | 26.0 |
          28.0 |             13.0 |            192.94 |  0.002042 |    19541.8 |  2.0 | 26.0 |
          28.0 |             13.0 |           205.162 |   0.04121 |    47032.9 |  4.0 | 26.0 |
          28.0 |             13.0 |           181.533 |  0.001811 |        0.0 |  1.0 | 27.0 |
          28.0 |             13.0 |           187.625 |  0.003452 |    19541.8 |  2.0 | 27.0 |
          28.0 |             13.0 |            187.85 |   0.02157 |    20060.0 |  3.0 | 27.0 |
          28.0 |             13.0 |           199.162 |   0.00806 |    47032.9 |  4.0 | 27.0 |
          28.0 |             13.0 |           217.373 | 0.0005177 |    97836.2 |  5.0 | 27.0 |
          28.0 |             13.0 |           185.906 | 0.0007061 |    19541.8 |  2.0 | 28.0 |
          28.0 |             13.0 |           839.025 |       0.0 |   436606.0 | 11.0 | 28.0 |
          28.0 |             13.0 |          1275.413 |       0.0 |   477386.0 | 17.0 | 28.0 |
          28.0 |             13.0 |           178.878 |   0.01099 |        0.0 |  1.0 | 29.0 |
          28.0 |             13.0 |           195.971 |  0.005312 |    47032.9 |  4.0 | 29.0 |
          28.0 |             13.0 |           178.864 |   0.05803 |        0.0 |  1.0 | 30.0 |
          28.0 |             13.0 |           184.775 | 0.0007704 |    19541.8 |  2.0 | 30.0 |
          28.0 |             13.0 |           184.993 | 0.0003006 |    20060.0 |  3.0 | 30.0 |
          28.0 |             13.0 |           195.954 |  0.007606 |    47032.9 |  4.0 | 30.0 |
          28.0 |             13.0 |           213.557 | 0.0002143 |    97836.2 |  5.0 | 30.0 |
          28.0 |             13.0 |            178.68 | 0.0001397 |        0.0 |  1.0 | 31.0 |
          28.0 |             13.0 |           184.578 |  0.003283 |    19541.8 |  2.0 | 31.0 |
          28.0 |             13.0 |           195.733 |  0.003152 |    47032.9 |  4.0 | 31.0 |
          28.0 |             13.0 |           413.645 |       0.0 |   330215.0 |  6.0 | 32.0 |
          28.0 |             13.0 |           800.365 |       0.0 |   437048.0 | 12.0 | 32.0 |
          28.0 |             13.0 |           804.972 |       0.0 |   437763.0 | 13.0 | 32.0 |
          28.0 |             13.0 |           816.887 |       0.0 |   439575.0 | 14.0 | 32.0 |
          28.0 |             13.0 |          1090.739 |       0.0 |   470310.0 | 15.0 | 32.0 |
          28.0 |             13.0 |          1149.967 |       0.0 |   475032.0 | 16.0 | 32.0 |
          28.0 |             13.0 |          1257.229 |       0.0 |   482451.0 | 18.0 | 32.0 |
          28.0 |             13.0 |          1326.313 |       0.0 |   486594.0 | 19.0 | 32.0 |
          28.0 |             13.0 |          1444.982 |       0.0 |   492786.0 | 21.0 | 32.0 |
          28.0 |             13.0 |          1927.228 |       0.0 |   510103.0 | 22.0 | 32.0 |
          28.0 |             13.0 |          2040.525 |       0.0 |   512984.0 | 23.0 | 32.0 |
          28.0 |             13.0 |          2189.525 |       0.0 |   516319.0 | 24.0 | 32.0 |
          28.0 |             13.0 |          2713.778 |       0.0 |   525142.0 | 25.0 | 32.0 |
          28.0 |             13.0 |          3874.467 |       0.0 |   536181.0 | 26.0 | 32.0 |
          28.0 |             13.0 |         33886.816 |       0.0 |   559040.0 | 29.0 | 32.0 |
          28.0 |             13.0 |           177.628 |  0.003268 |        0.0 |  1.0 | 33.0 |
          28.0 |             13.0 |           183.456 |   0.04606 |    19541.8 |  2.0 | 33.0 |
          28.0 |             13.0 |           194.472 |  0.007973 |    47032.9 |  4.0 | 33.0 |
          28.0 |             13.0 |           174.475 |    0.1358 |        0.0 |  1.0 | 34.0 |
          28.0 |             13.0 |           180.095 |   0.03633 |    19541.8 |  2.0 | 34.0 |
          28.0 |             13.0 |           190.699 |  0.007137 |    47032.9 |  4.0 | 34.0 |
          28.0 |             13.0 |           174.408 |   0.03408 |        0.0 |  1.0 | 35.0 |
          28.0 |             13.0 |           190.619 |  0.004507 |    47032.9 |  4.0 | 35.0 |
          28.0 |             13.0 |           164.384 |    0.9956 |        0.0 |  1.0 | 36.0 |
          28.0 |             13.0 |           169.363 |    0.2705 |    19541.8 |  2.0 | 36.0 |
          28.0 |             13.0 |           169.547 |   0.06905 |    20060.0 |  3.0 | 36.0 |
          28.0 |             13.0 |           178.709 |   0.03216 |    47032.9 |  4.0 | 36.0 |
          28.0 |             13.0 |           193.235 |  0.001511 |    97836.2 |  5.0 | 36.0 |
          28.0 |             13.0 |           164.306 |   0.03045 |        0.0 |  1.0 | 37.0 |
          28.0 |             13.0 |           178.616 | 0.0003485 |    47032.9 |  4.0 | 37.0 |
          28.0 |             13.0 |            164.15 |     3.567 |        0.0 |  1.0 | 38.0 |
          28.0 |             13.0 |            169.59 |    0.5933 |    19541.8 |  2.0 | 38.0 |
          28.0 |             13.0 |           177.883 |   0.05856 |    47032.9 |  4.0 | 38.0 |
          28.0 |             13.0 |           157.872 |    0.8764 |        0.0 |  1.0 | 39.0 |
          28.0 |             13.0 |           162.459 |    0.7096 |    19541.8 |  2.0 | 39.0 |
          28.0 |             13.0 |           162.628 |     0.583 |    20060.0 |  3.0 | 39.0 |
          28.0 |             13.0 |           171.039 |    0.5138 |    47032.9 |  4.0 | 39.0 |
          28.0 |             13.0 |           184.299 | 0.0004381 |    97836.2 |  5.0 | 39.0 |
          28.0 |             13.0 |            160.06 |    0.8993 |    19541.8 |  2.0 | 40.0 |
          28.0 |             13.0 |           154.906 |   0.04605 |        0.0 |  1.0 | 41.0 |
          28.0 |             13.0 |            159.32 |    0.1731 |    19541.8 |  2.0 | 41.0 |
          28.0 |             13.0 |           159.482 |    0.3204 |    20060.0 |  3.0 | 41.0 |
          28.0 |             13.0 |           167.563 |     2.014 |    47032.9 |  4.0 | 41.0 |
          28.0 |             13.0 |           180.269 |    0.1004 |    97836.2 |  5.0 | 41.0 |
          28.0 |             13.0 |           157.729 |     5.443 |        0.0 |  1.0 | 42.0 |
          28.0 |             13.0 |           170.367 |     0.004 |    47032.9 |  4.0 | 42.0 |
          28.0 |             13.0 |           155.121 |    0.5391 |        0.0 |  1.0 | 43.0 |
          28.0 |             13.0 |            159.97 |     2.979 |    19541.8 |  2.0 | 43.0 |
          28.0 |             13.0 |           167.328 |     0.223 |    47032.9 |  4.0 | 43.0 |
          28.0 |             13.0 |            153.87 |   0.02969 |        0.0 |  1.0 | 44.0 |
          28.0 |             13.0 |            158.64 |    0.9414 |    19541.8 |  2.0 | 44.0 |
          28.0 |             13.0 |            158.77 |     1.319 |    20060.0 |  3.0 | 44.0 |
          28.0 |             13.0 |           165.874 |   0.06605 |    47032.9 |  4.0 | 44.0 |
          28.0 |             13.0 |           181.138 |  0.003788 |    97836.2 |  5.0 | 44.0 |
          28.0 |             13.0 |            150.15 |   0.01282 |        0.0 |  1.0 | 45.0 |
          28.0 |             13.0 |           154.689 |    0.3644 |    19541.8 |  2.0 | 45.0 |
          28.0 |             13.0 |           161.559 |     2.563 |    47032.9 |  4.0 | 45.0 |
          28.0 |             13.0 |           146.681 |   0.01812 |        0.0 |  1.0 | 46.0 |
          28.0 |             13.0 |           157.551 |     6.191 |    47032.9 |  4.0 | 46.0 |
          28.0 |             13.0 |           139.675 | 0.0004361 |        0.0 |  1.0 | 47.0 |
          28.0 |             13.0 |           143.594 |  0.005491 |    19541.8 |  2.0 | 47.0 |
          28.0 |             13.0 |           143.701 |   0.02467 |    20060.0 |  3.0 | 47.0 |
          28.0 |             13.0 |           149.495 |   0.01027 |    47032.9 |  4.0 | 47.0 |
          28.0 |             13.0 |           161.783 |     2.119 |    97836.2 |  5.0 | 47.0 |
          28.0 |             13.0 |           120.341 |       0.0 |    47032.9 |  4.0 | 48.0 |
          28.0 |             13.0 |           183.021 |   0.01489 |   344156.0 |  7.0 | 48.0 |
          28.0 |             13.0 |           214.215 |    0.7114 |   420910.0 |  9.0 | 48.0 |
          28.0 |             13.0 |           225.667 | 0.0003099 |   436606.0 | 11.0 | 48.0 |
          28.0 |             13.0 |            248.54 | 1.198e-05 |   477386.0 | 17.0 | 48.0 |
          28.0 |             13.0 |            304.07 |  0.004663 |   550864.0 | 27.0 | 48.0 |
          28.0 |             13.0 |           311.865 |  0.003432 |   559084.0 | 30.0 | 48.0 |
          28.0 |             13.0 |           368.453 |  8.47e-06 |   608331.0 | 36.0 | 48.0 |
          28.0 |             13.0 |           405.989 |    0.1018 |   633424.0 | 39.0 | 48.0 |
          28.0 |             13.0 |           427.016 |    0.1705 |   645553.0 | 41.0 | 48.0 |
          28.0 |             13.0 |           461.512 |   0.01203 |   649900.0 | 44.0 | 48.0 |
          28.0 |             13.0 |           690.407 |   0.05193 |   715950.0 | 47.0 | 48.0 |
%CHIANTI