 Atomic Number | Ionization State | Wavelength (Ang.) |  g_i*f_ik | E_i(cm^-1) |    i |    j |
          15.0 |             10.0 |         27159.152 |       0.0 |        0.0 |  1.0 |  2.0 |
          15.0 |             10.0 |         11072.971 |       0.0 |        0.0 |  1.0 |  3.0 |
          15.0 |             10.0 |         18695.082 |       0.0 |     3682.0 |  2.0 |  3.0 |
          15.0 |             10.0 |          1675.575 |       0.0 |        0.0 |  1.0 |  4.0 |
          15.0 |             10.0 |          1785.746 |       0.0 |     3682.0 |  2.0 |  4.0 |
          15.0 |             10.0 |          1974.334 |       0.0 |     9031.0 |  3.0 |  4.0 |
          15.0 |             10.0 |           860.008 |       0.0 |     3682.0 |  2.0 |  5.0 |
          15.0 |             10.0 |           901.478 |       0.0 |     9031.0 |  3.0 |  5.0 |
          15.0 |             10.0 |          1658.953 |       0.0 |    59681.0 |  4.0 |  5.0 |
          15.0 |             10.0 |           609.574 | 3.088e-05 |     3682.0 |  2.0 |  6.0 |
          15.0 |             10.0 |            630.12 | 7.415e-05 |     9031.0 |  3.0 |  6.0 |
          15.0 |             10.0 |           925.497 | 1.893e-07 |    59681.0 |  4.0 |  6.0 |
          15.0 |             10.0 |           312.995 |    0.1933 |     3682.0 |  2.0 |  7.0 |
          15.0 |             10.0 |           318.324 |   0.03486 |     9031.0 |  3.0 |  7.0 |
          15.0 |             10.0 |           379.514 | 0.0002115 |    59681.0 |  4.0 |  7.0 |
          15.0 |             10.0 |           309.235 |   0.08795 |        0.0 |  1.0 |  8.0 |
          15.0 |             10.0 |           312.796 |     0.049 |     3682.0 |  2.0 |  8.0 |
          15.0 |             10.0 |           318.119 |  0.001787 |     9031.0 |  3.0 |  8.0 |
          15.0 |             10.0 |           379.222 | 8.478e-05 |    59681.0 |  4.0 |  8.0 |
          15.0 |             10.0 |           491.596 | 0.0001241 |   119960.0 |  5.0 |  8.0 |
          15.0 |             10.0 |            318.27 |    0.3098 |     9031.0 |  3.0 |  9.0 |
          15.0 |             10.0 |           379.436 |   0.00164 |    59681.0 |  4.0 |  9.0 |
          15.0 |             10.0 |           265.781 |   0.08573 |     3682.0 |  2.0 | 10.0 |
          15.0 |             10.0 |           263.223 |   0.07743 |        0.0 |  1.0 | 11.0 |
          15.0 |             10.0 |           265.799 |   0.08047 |     3682.0 |  2.0 | 11.0 |
          15.0 |             10.0 |           269.633 |   0.09736 |     9031.0 |  3.0 | 11.0 |
          15.0 |             10.0 |            312.28 | 0.0005263 |    59681.0 |  4.0 | 11.0 |
          15.0 |             10.0 |           384.695 | 0.0002989 |   119960.0 |  5.0 | 11.0 |
          15.0 |             10.0 |           265.635 |   0.08007 |     3682.0 |  2.0 | 12.0 |
          15.0 |             10.0 |           269.464 |     0.342 |     9031.0 |  3.0 | 12.0 |
          15.0 |             10.0 |           312.054 |  0.000279 |    59681.0 |  4.0 | 12.0 |
          15.0 |             10.0 |           207.892 | 0.0001684 |     3682.0 |  2.0 | 13.0 |
          15.0 |             10.0 |            210.23 |  0.003987 |     9031.0 |  3.0 | 13.0 |
          15.0 |             10.0 |           235.284 |    0.9256 |    59681.0 |  4.0 | 13.0 |
          15.0 |             10.0 |           203.852 |   0.09008 |        0.0 |  1.0 | 14.0 |
          15.0 |             10.0 |           205.394 |    0.2736 |     3682.0 |  2.0 | 14.0 |
          15.0 |             10.0 |           207.676 |    0.4798 |     9031.0 |  3.0 | 14.0 |
          15.0 |             10.0 |           232.089 | 0.0002148 |    59681.0 |  4.0 | 14.0 |
          15.0 |             10.0 |           269.839 | 0.0003369 |   119960.0 |  5.0 | 14.0 |
          15.0 |             10.0 |           184.505 | 1.301e-06 |        0.0 |  1.0 | 15.0 |
          15.0 |             10.0 |           185.767 |  0.002087 |     3682.0 |  2.0 | 15.0 |
          15.0 |             10.0 |           187.632 | 5.869e-05 |     9031.0 |  3.0 | 15.0 |
          15.0 |             10.0 |           207.336 |    0.5598 |    59681.0 |  4.0 | 15.0 |
          15.0 |             10.0 |            236.95 |    0.1839 |   119960.0 |  5.0 | 15.0 |
          15.0 |             10.0 |           173.971 | 0.0002955 |   167731.0 |  6.0 | 16.0 |
          15.0 |             10.0 |           238.456 |    0.1538 |   323176.0 |  7.0 | 16.0 |
          15.0 |             10.0 |           238.572 |  0.004529 |   323379.0 |  8.0 | 16.0 |
          15.0 |             10.0 |           238.487 |      1.33 |   323230.0 |  9.0 | 16.0 |
          15.0 |             10.0 |            275.76 |   0.02644 |   379906.0 | 11.0 | 16.0 |
          15.0 |             10.0 |           275.937 |     0.171 |   380138.0 | 12.0 | 16.0 |
          15.0 |             10.0 |           387.837 |  0.002553 |   484700.0 | 13.0 | 16.0 |
          15.0 |             10.0 |           396.843 |    0.1331 |   490551.0 | 14.0 | 16.0 |
          15.0 |             10.0 |           498.629 | 0.0002898 |   541990.0 | 15.0 | 16.0 |
          15.0 |             10.0 |            172.05 | 0.0002102 |   167731.0 |  6.0 | 17.0 |
          15.0 |             10.0 |           234.862 |     0.935 |   323176.0 |  7.0 | 17.0 |
          15.0 |             10.0 |           234.974 |     0.133 |   323379.0 |  8.0 | 17.0 |
          15.0 |             10.0 |           270.983 |  0.005998 |   379931.0 | 10.0 | 17.0 |
          15.0 |             10.0 |           270.965 |   0.02591 |   379906.0 | 11.0 | 17.0 |
          15.0 |             10.0 |           271.135 |    0.2674 |   380138.0 | 12.0 | 17.0 |
          15.0 |             10.0 |           378.418 | 0.0001807 |   484700.0 | 13.0 | 17.0 |
          15.0 |             10.0 |           386.986 |    0.2359 |   490551.0 | 14.0 | 17.0 |
          15.0 |             10.0 |           483.166 |  0.001269 |   541990.0 | 15.0 | 17.0 |
          15.0 |             10.0 |           233.656 |     1.365 |   323379.0 |  8.0 | 18.0 |
          15.0 |             10.0 |           269.214 |    0.5578 |   379906.0 | 11.0 | 18.0 |
          15.0 |             10.0 |           383.425 |    0.7325 |   490551.0 | 14.0 | 18.0 |
          15.0 |             10.0 |           477.628 | 0.0004776 |   541990.0 | 15.0 | 18.0 |
          15.0 |             10.0 |           159.902 | 4.726e-07 |   167731.0 |  6.0 | 19.0 |
          15.0 |             10.0 |           212.794 |    0.0007 |   323176.0 |  7.0 | 19.0 |
          15.0 |             10.0 |           212.886 | 1.938e-05 |   323379.0 |  8.0 | 19.0 |
          15.0 |             10.0 |           212.819 |   0.00707 |   323230.0 |  9.0 | 19.0 |
          15.0 |             10.0 |           242.009 | 0.0001676 |   379906.0 | 11.0 | 19.0 |
          15.0 |             10.0 |           242.145 | 0.0001807 |   380138.0 | 12.0 | 19.0 |
          15.0 |             10.0 |           324.241 |     1.062 |   484700.0 | 13.0 | 19.0 |
          15.0 |             10.0 |           398.211 |   0.06584 |   541990.0 | 15.0 | 19.0 |
          15.0 |             10.0 |           172.724 | 0.0001815 |   323379.0 |  8.0 | 20.0 |
          15.0 |             10.0 |           191.412 |  0.001944 |   379906.0 | 11.0 | 20.0 |
          15.0 |             10.0 |           242.844 |   0.01818 |   490551.0 | 14.0 | 20.0 |
          15.0 |             10.0 |            277.51 |      3.49 |   541990.0 | 15.0 | 20.0 |
%CHIANTI