 Atomic Number | Ionization State | Wavelength (Ang.) |               g_i*f_ik |         E_i(cm^-1) |     i |     j |
          21.0 |              1.0 | 2113.515380859375 |   0.012882496230304241 |                0.0 | 333.0 | 666.0 |
          21.0 |              1.0 | 2117.320556640625 |     0.0537031814455986 |                0.0 | 333.0 | 666.0 |
          21.0 |              1.0 |         2121.0625 |    0.08128304779529572 | 168.33709716796875 | 333.0 | 666.0 |
          21.0 |              1.0 | 2262.991943359375 |   0.017782794311642647 |                0.0 | 333.0 | 666.0 |
          21.0 |              1.0 | 2267.295166015625 |    0.07413102686405182 |                0.0 | 333.0 | 666.0 |
          21.0 |              1.0 |  2271.64599609375 |     0.1412537395954132 | 168.33709716796875 | 333.0 | 666.0 |
          21.0 |              1.0 |    2281.537109375 |    0.13182567059993744 |                0.0 | 333.0 | 666.0 |
          21.0 |              1.0 |    2290.333984375 |   0.019498445093631744 | 168.33709716796875 | 333.0 | 666.0 |
          21.0 |              1.0 |    2312.001953125 |   0.019498445093631744 |                0.0 | 333.0 | 666.0 |
          21.0 |              1.0 |  2316.39892578125 |    0.08128304779529572 |                0.0 | 333.0 | 666.0 |
          21.0 |              1.0 | 2321.033935546875 |      0.117489755153656 | 168.33709716796875 | 333.0 | 666.0 |
          21.0 |              1.0 | 2325.467041015625 |   0.013182567432522774 | 168.33709716796875 | 333.0 | 666.0 |
          21.0 |              1.0 | 2328.901123046875 |    0.02238721214234829 |                0.0 | 333.0 | 666.0 |
          21.0 |              1.0 | 2335.386962890625 |   0.027542291209101677 |                0.0 | 333.0 | 666.0 |
          21.0 |              1.0 | 2335.881103515625 |   0.023442288860678673 | 168.33709716796875 | 333.0 | 666.0 |
          21.0 |              1.0 |  2337.52197265625 |   0.012022645212709904 |                0.0 | 333.0 | 666.0 |
          21.0 |              1.0 |    2346.751953125 |    0.04265795275568962 | 168.33709716796875 | 333.0 | 666.0 |
          21.0 |              1.0 |     2429.39453125 |   0.010964781045913696 |                0.0 | 333.0 | 666.0 |
          21.0 |              1.0 |    2429.931640625 |    0.10000000149011612 |                0.0 | 333.0 | 666.0 |
          21.0 |              1.0 |  2439.37060546875 |    0.11220184713602066 | 168.33709716796875 | 333.0 | 666.0 |
          21.0 |              1.0 |     2439.91015625 |   0.007762473076581955 | 168.33709716796875 | 333.0 | 666.0 |
          21.0 |              1.0 |  2463.41650390625 |   0.007585777901113033 |                0.0 | 333.0 | 666.0 |
          21.0 |              1.0 |  2469.14892578125 |   0.008912510238587856 |                0.0 | 333.0 | 666.0 |
          21.0 |              1.0 | 2473.675537109375 |   0.010715192183852196 | 168.33709716796875 | 333.0 | 666.0 |
          21.0 |              1.0 |  2693.57275390625 |    0.03467368334531784 |                0.0 | 333.0 | 666.0 |
          21.0 |              1.0 |   2696.4345703125 |   0.002630268456414342 |                0.0 | 333.0 | 666.0 |
          21.0 |              1.0 |  2699.81689453125 |   0.015848932787775993 |                0.0 | 333.0 | 666.0 |
          21.0 |              1.0 |      2707.5390625 |    0.13489629328250885 |                0.0 | 333.0 | 666.0 |
          21.0 |              1.0 | 2708.728271484375 |     0.0660693496465683 | 168.33709716796875 | 333.0 | 666.0 |
          21.0 |              1.0 |  2712.14208984375 |     0.2137961983680725 | 168.33709716796875 | 333.0 | 666.0 |
          21.0 |              1.0 |  2717.85791015625 |   0.015848932787775993 |                0.0 | 333.0 | 666.0 |
          21.0 |              1.0 |  2719.93505859375 |  0.0017378008924424648 | 168.33709716796875 | 333.0 | 666.0 |
          21.0 |              1.0 |  2725.40087890625 |   0.010471285320818424 | 168.33709716796875 | 333.0 | 666.0 |
          21.0 |              1.0 | 2727.287841796875 |   0.008128306828439236 |                0.0 | 333.0 | 666.0 |
          21.0 |              1.0 |  2735.09619140625 |   0.008128306828439236 | 168.33709716796875 | 333.0 | 666.0 |
          21.0 |              1.0 | 2739.866943359375 |  0.0038018932100385427 | 168.33709716796875 | 333.0 | 666.0 |
          21.0 |              1.0 |  2966.74072265625 |    0.05888436362147331 |                0.0 | 333.0 | 666.0 |
          21.0 |              1.0 |  2974.87353515625 |     0.2951209545135498 |                0.0 | 333.0 | 666.0 |
          21.0 |              1.0 |  2981.62939453125 |    0.43651580810546875 | 168.33709716796875 | 333.0 | 666.0 |
          21.0 |              1.0 | 2989.845947265625 |    0.03715352714061737 | 168.33709716796875 | 333.0 | 666.0 |
          21.0 |              1.0 | 3016.247802734375 |     0.6456542611122131 |                0.0 | 333.0 | 666.0 |
          21.0 |              1.0 | 3020.237060546875 |     0.9549925923347473 | 168.33709716796875 | 333.0 | 666.0 |
          21.0 |              1.0 |   3031.6396484375 |    0.08317636698484421 | 168.33709716796875 | 333.0 | 666.0 |
          21.0 |              1.0 | 3040.657958984375 |   0.005888436455279589 | 168.33709716796875 | 333.0 | 666.0 |
          21.0 |              1.0 |  3061.91845703125 |   0.004897788632661104 |                0.0 | 333.0 | 666.0 |
          21.0 |              1.0 | 3069.074951171875 |   0.006309572607278824 | 168.33709716796875 | 333.0 | 666.0 |
          21.0 |              1.0 |  3074.23193359375 |   0.006309572607278824 | 168.33709716796875 | 333.0 | 666.0 |
          21.0 |              1.0 | 3256.614990234375 |    0.20417378842830658 |                0.0 | 333.0 | 666.0 |
          21.0 |              1.0 | 3270.840087890625 |     1.0046157836914062 |                0.0 | 333.0 | 666.0 |
          21.0 |              1.0 |    3274.572265625 |     1.8071740865707397 | 168.33709716796875 | 333.0 | 666.0 |
          21.0 |              1.0 | 3908.591064453125 |     2.2803421020507812 |                0.0 | 333.0 | 666.0 |
          21.0 |              1.0 |    3912.919921875 |     3.2885165214538574 | 168.33709716796875 | 333.0 | 666.0 |
          21.0 |              1.0 |   3934.4892578125 |     0.2238721251487732 | 168.33709716796875 | 333.0 | 666.0 |
          21.0 |              1.0 |  3997.73095703125 |    0.23988328874111176 |                0.0 | 333.0 | 666.0 |
          21.0 |              1.0 |  4018.89697265625 |   0.015848932787775993 |   15672.5595703125 | 333.0 | 666.0 |
          21.0 |              1.0 | 4021.523193359375 |     1.5812480449676514 |                0.0 | 333.0 | 666.0 |
          21.0 |              1.0 |  4024.35205078125 |    0.28840312361717224 |   15672.5595703125 | 333.0 | 666.0 |
          21.0 |              1.0 |  4024.81494140625 |      2.404362916946411 | 168.33709716796875 | 333.0 | 666.0 |
          21.0 |              1.0 | 4032.514892578125 |     0.4265795052051544 |    15756.529296875 | 333.0 | 666.0 |
          21.0 |              1.0 |   4037.9990234375 |    0.07762470841407776 |    15756.529296875 | 333.0 | 666.0 |
          21.0 |              1.0 | 4044.945068359375 |     0.6165950298309326 |   15881.7080078125 | 333.0 | 666.0 |
          21.0 |              1.0 | 4048.940185546875 |    0.15135613083839417 | 168.33709716796875 | 333.0 | 666.0 |
          21.0 |              1.0 | 4052.970947265625 |     0.1148153617978096 |   15881.7080078125 | 333.0 | 666.0 |
          21.0 |              1.0 |  4055.68896484375 |     0.2187761515378952 |                0.0 | 333.0 | 666.0 |
          21.0 |              1.0 | 4068.149169921875 |     0.3801894187927246 |   16022.7216796875 | 333.0 | 666.0 |
          21.0 |              1.0 |        4068.78125 |    0.08128304779529572 |    16026.552734375 | 333.0 | 666.0 |
          21.0 |              1.0 | 4076.113037109375 |     0.5533500909805298 |   16021.7783203125 | 333.0 | 666.0 |
          21.0 |              1.0 |   4079.7158203125 |     0.4265795052051544 |   16009.7431640625 | 333.0 | 666.0 |
          21.0 |              1.0 | 4081.718994140625 |     0.0660693496465683 |   16021.7783203125 | 333.0 | 666.0 |
          21.0 |              1.0 |   4083.5400390625 |    0.27289777994155884 | 168.33709716796875 | 333.0 | 666.0 |
          21.0 |              1.0 |  4087.81787109375 |      0.743019163608551 |   16141.0009765625 | 333.0 | 666.0 |
          21.0 |              1.0 |   4088.6279296875 |    0.16982437670230865 |   16096.8837890625 | 333.0 | 666.0 |
          21.0 |              1.0 |  4094.27392578125 |    0.12302687019109726 |   16096.8837890625 | 333.0 | 666.0 |
          21.0 |              1.0 |  4096.01708984375 |     0.2187761515378952 |   16141.0009765625 | 333.0 | 666.0 |
          21.0 |              1.0 |  4099.51708984375 |    0.17378008365631104 |    16210.814453125 | 333.0 | 666.0 |
          21.0 |              1.0 |  4134.14990234375 |     1.8281002044677734 |   15672.5595703125 | 333.0 | 666.0 |
          21.0 |              1.0 |  4141.43994140625 |      2.404362916946411 |    15756.529296875 | 333.0 | 666.0 |
          21.0 |              1.0 |   4148.5478515625 |     0.2691534757614136 |    15756.529296875 | 333.0 | 666.0 |
          21.0 |              1.0 |  4163.02001953125 |    0.37153521180152893 |   15881.7080078125 | 333.0 | 666.0 |
          21.0 |              1.0 |   4172.7099609375 |     0.1412537395954132 |    15756.529296875 | 333.0 | 666.0 |
          21.0 |              1.0 |  4187.60107421875 |    0.17782793939113617 |   16022.7216796875 | 333.0 | 666.0 |
          21.0 |              1.0 |     4188.78515625 |    0.20417378842830658 |   15881.7080078125 | 333.0 | 666.0 |
          21.0 |              1.0 |   4194.7099609375 |    0.09549926221370697 |   16021.7783203125 | 333.0 | 666.0 |
          21.0 |              1.0 |       4205.703125 |    0.07413102686405182 |   16022.7216796875 | 333.0 | 666.0 |
          21.0 |              1.0 |  4206.38232421875 |    0.23988328874111176 |    16026.552734375 | 333.0 | 666.0 |
          21.0 |              1.0 |   4213.5048828125 |    0.25118863582611084 |   16021.7783203125 | 333.0 | 666.0 |
          21.0 |              1.0 |     4213.66796875 |    0.13803842663764954 |   16022.7216796875 | 333.0 | 666.0 |
          21.0 |              1.0 |  4217.27099609375 |    0.25118863582611084 |   16009.7431640625 | 333.0 | 666.0 |
          21.0 |              1.0 |   4219.4130859375 |    0.23988328874111176 |   16021.7783203125 | 333.0 | 666.0 |
          21.0 |              1.0 |  4226.72998046875 |    0.20417378842830658 |   16141.0009765625 | 333.0 | 666.0 |
          21.0 |              1.0 |   4226.8818359375 |    0.12302687019109726 |   16096.8837890625 | 333.0 | 666.0 |
          21.0 |              1.0 |       4232.828125 |     0.1412537395954132 |   16096.8837890625 | 333.0 | 666.0 |
          21.0 |              1.0 |    4234.783203125 |     0.6456542611122131 |   16141.0009765625 | 333.0 | 666.0 |
          21.0 |              1.0 |     4239.24609375 |     1.5310875177383423 |    16210.814453125 | 333.0 | 666.0 |
          21.0 |              1.0 |     4240.74609375 |    0.24547088146209717 |   16141.0009765625 | 333.0 | 666.0 |
          21.0 |              1.0 |    4247.333984375 |    0.18620871007442474 |    16210.814453125 | 333.0 | 666.0 |
          21.0 |              1.0 |  4512.63720703125 |    0.01348962914198637 |    14926.060546875 | 333.0 | 666.0 |
          21.0 |              1.0 |   4543.8251953125 |    0.15848931670188904 |    14926.060546875 | 333.0 | 666.0 |
          21.0 |              1.0 |            4546.0 |    0.24547088146209717 |     15041.90234375 | 333.0 | 666.0 |
          21.0 |              1.0 |   4708.2548828125 |     0.5623413324356079 |      18515.6640625 | 333.0 | 666.0 |
          21.0 |              1.0 |    4710.630859375 |     1.0715192556381226 |     18571.38671875 | 333.0 | 666.0 |
          21.0 |              1.0 |      4713.0390625 |    0.23988328874111176 |     18504.05859375 | 333.0 | 666.0 |
          21.0 |              1.0 |   4715.6220703125 |    0.28840312361717224 |      18515.6640625 | 333.0 | 666.0 |
          21.0 |              1.0 |   4718.3427734375 |   0.014791082590818405 |   11557.6552734375 | 333.0 | 666.0 |
          21.0 |              1.0 |   4720.6279296875 |     0.2089296132326126 |     18571.38671875 | 333.0 | 666.0 |
          21.0 |              1.0 |    4722.130859375 |   0.023988328874111176 |      11519.9609375 | 333.0 | 666.0 |
          21.0 |              1.0 |   4730.0888671875 |    0.30902954936027527 |   11610.2353515625 | 333.0 | 666.0 |
          21.0 |              1.0 |  4730.53173828125 |     0.2951209545135498 |      11519.9609375 | 333.0 | 666.0 |
          21.0 |              1.0 |  4735.43310546875 |     0.7396053075790405 |      11519.9609375 | 333.0 | 666.0 |
          21.0 |              1.0 |   4738.9716796875 |      1.185768723487854 |   11557.6552734375 | 333.0 | 666.0 |
          21.0 |              1.0 |    4742.349609375 |     1.8407719135284424 |   11610.2353515625 | 333.0 | 666.0 |
          21.0 |              1.0 |  4745.14794921875 |     2.6485002040863037 |         11677.3125 | 333.0 | 666.0 |
          21.0 |              1.0 |    4754.494140625 |   0.021978599950671196 |                0.0 | 333.0 | 666.0 |
          21.0 |              1.0 |  4780.68994140625 |   0.024378105998039246 | 168.33709716796875 | 333.0 | 666.0 |
          21.0 |              1.0 |  4792.85888671875 |   0.004073801916092634 | 168.33709716796875 | 333.0 | 666.0 |
          21.0 |              1.0 |  4975.05322265625 |     0.6237348318099976 |    17025.126953125 | 333.0 | 666.0 |
          21.0 |              1.0 |           4981.75 |     0.8336811661720276 |     17012.75390625 | 333.0 | 666.0 |
          21.0 |              1.0 |  4984.81591796875 |     0.3801894187927246 |    17025.126953125 | 333.0 | 666.0 |
          21.0 |              1.0 |   4993.2998046875 |     0.8511380553245544 |     17012.75390625 | 333.0 | 666.0 |
          21.0 |              1.0 |  4996.39013671875 |    0.13182567059993744 |    17025.126953125 | 333.0 | 666.0 |
          21.0 |              1.0 |  5019.80810546875 |     0.3162277638912201 |     17012.75390625 | 333.0 | 666.0 |
          21.0 |              1.0 |   5022.9208984375 |     0.3467368483543396 |    17025.126953125 | 333.0 | 666.0 |
          21.0 |              1.0 |  5054.48486328125 |    0.03235936537384987 |    17255.076171875 | 333.0 | 666.0 |
          21.0 |              1.0 |  5055.89794921875 |   0.018197007477283478 |    17307.068359375 | 333.0 | 666.0 |
          21.0 |              1.0 |  5065.71826171875 |    0.28054338693618774 |   11610.2353515625 | 333.0 | 666.0 |
          21.0 |              1.0 |   5067.7958984375 |    0.08317636698484421 |    17307.068359375 | 333.0 | 666.0 |
          21.0 |              1.0 |    5071.580078125 |     0.3580964207649231 |   11557.6552734375 | 333.0 | 666.0 |
          21.0 |              1.0 |   5074.1279296875 |   0.030902955681085587 |    17226.025390625 | 333.0 | 666.0 |
          21.0 |              1.0 |   5077.2353515625 |     0.2666858732700348 |      11519.9609375 | 333.0 | 666.0 |
          21.0 |              1.0 |    5081.630859375 |    0.06309572607278824 |    17255.076171875 | 333.0 | 666.0 |
          21.0 |              1.0 |  5082.97705078125 |     2.9444217681884766 |         11677.3125 | 333.0 | 666.0 |
          21.0 |              1.0 |   5085.1376953125 |     1.9230917692184448 |   11610.2353515625 | 333.0 | 666.0 |
          21.0 |              1.0 |    5086.966796875 |     1.3273944854736328 |   11557.6552734375 | 333.0 | 666.0 |
          21.0 |              1.0 |   5088.2998046875 |     1.0256519317626953 |      11519.9609375 | 333.0 | 666.0 |
          21.0 |              1.0 |  5095.07373046875 |   0.026302676647901535 |    17307.068359375 | 333.0 | 666.0 |
          21.0 |              1.0 |       5098.140625 |    0.26302680373191833 |   11557.6552734375 | 333.0 | 666.0 |
          21.0 |              1.0 |  5100.60693359375 |     0.3507518768310547 |   11610.2353515625 | 333.0 | 666.0 |
          21.0 |              1.0 |    5102.541015625 |     0.2754228711128235 |         11677.3125 | 333.0 | 666.0 |
          21.0 |              1.0 |     5303.42578125 |  0.0017782794311642647 |                0.0 | 333.0 | 666.0 |
          21.0 |              1.0 |  5316.16259765625 |   0.016982438042759895 |    15756.529296875 | 333.0 | 666.0 |
          21.0 |              1.0 |   5317.0673828125 |    0.01659587025642395 |   15672.5595703125 | 333.0 | 666.0 |
          21.0 |              1.0 |  5324.55029296875 |   0.025703955441713333 |    14926.060546875 | 333.0 | 666.0 |
          21.0 |              1.0 |  5333.27099609375 |    0.19054606556892395 |   15672.5595703125 | 333.0 | 666.0 |
          21.0 |              1.0 |    5340.916015625 |     0.2691534757614136 |    15756.529296875 | 333.0 | 666.0 |
          21.0 |              1.0 |   5342.5595703125 |     0.3235936462879181 |   15672.5595703125 | 333.0 | 666.0 |
          21.0 |              1.0 |  5344.47802734375 |   0.005308843217790127 |                0.0 | 333.0 | 666.0 |
          21.0 |              1.0 |    5350.830078125 |     1.0232930183410645 |    14926.060546875 | 333.0 | 666.0 |
          21.0 |              1.0 |     5351.19921875 |   0.006886523682624102 | 168.33709716796875 | 333.0 | 666.0 |
          21.0 |              1.0 |       5351.765625 |    0.23442287743091583 |   15881.7080078125 | 333.0 | 666.0 |
          21.0 |              1.0 |  5357.28271484375 |     0.5128613710403442 |    15756.529296875 | 333.0 | 666.0 |
          21.0 |              1.0 |  5357.58740234375 |      1.479108452796936 |     15041.90234375 | 333.0 | 666.0 |
          21.0 |              1.0 |   5376.8681640625 |     0.8912509083747864 |   15881.7080078125 | 333.0 | 666.0 |
          21.0 |              1.0 |   5392.4111328125 |   0.017378007993102074 |   16022.7216796875 | 333.0 | 666.0 |
          21.0 |              1.0 |  5393.55712890625 |      1.479108452796936 |    16026.552734375 | 333.0 | 666.0 |
          21.0 |              1.0 |   5417.6669921875 |      0.117489755153656 |   16021.7783203125 | 333.0 | 666.0 |
          21.0 |              1.0 |    5417.919921875 |   0.052480749785900116 |   16022.7216796875 | 333.0 | 666.0 |
          21.0 |              1.0 |  5427.05810546875 |    0.15848931670188904 |   16141.0009765625 | 333.0 | 666.0 |
          21.0 |              1.0 |  5430.93017578125 |    0.15848931670188904 |   16009.7431640625 | 333.0 | 666.0 |
          21.0 |              1.0 |   5434.4873046875 |    0.09549926221370697 |   16021.7783203125 | 333.0 | 666.0 |
          21.0 |              1.0 |    5434.755859375 |    0.17378008365631104 |   16022.7216796875 | 333.0 | 666.0 |
          21.0 |              1.0 |    5439.791015625 |    0.09120108932256699 |   16096.8837890625 | 333.0 | 666.0 |
          21.0 |              1.0 |  5440.55419921875 |    0.15488165616989136 |   16009.7431640625 | 333.0 | 666.0 |
          21.0 |              1.0 |  5444.13037109375 |    0.19054606556892395 |   16021.7783203125 | 333.0 | 666.0 |
          21.0 |              1.0 |   5448.9111328125 |   0.040738027542829514 |    14926.060546875 | 333.0 | 666.0 |
          21.0 |              1.0 |   5452.8837890625 |     0.3981071710586548 |   16141.0009765625 | 333.0 | 666.0 |
          21.0 |              1.0 |    5456.751953125 |      0.117489755153656 |   16096.8837890625 | 333.0 | 666.0 |
          21.0 |              1.0 |    5466.470703125 |     0.0288403183221817 |   16096.8837890625 | 333.0 | 666.0 |
          21.0 |              1.0 |  5469.92138671875 |    0.17378008365631104 |   16141.0009765625 | 333.0 | 666.0 |
          21.0 |              1.0 |  5473.71533203125 |    0.26302680373191833 |    16210.814453125 | 333.0 | 666.0 |
          21.0 |              1.0 |     5483.53515625 |     1.8620871305465698 |     15041.90234375 | 333.0 | 666.0 |
          21.0 |              1.0 |  5486.15185546875 |     1.4125375747680664 |    14926.060546875 | 333.0 | 666.0 |
          21.0 |              1.0 |     5515.76171875 |     1.4962356090545654 |    14926.060546875 | 333.0 | 666.0 |
          21.0 |              1.0 |    5516.912109375 |    0.04265795275568962 |   15672.5595703125 | 333.0 | 666.0 |
          21.0 |              1.0 |  5521.26220703125 |   0.023988328874111176 |     15041.90234375 | 333.0 | 666.0 |
          21.0 |              1.0 |  5522.03076171875 |     1.9010783433914185 |     15041.90234375 | 333.0 | 666.0 |
          21.0 |              1.0 |   5527.6376953125 |     0.1300169676542282 |   15672.5595703125 | 333.0 | 666.0 |
          21.0 |              1.0 |  5542.60693359375 |    0.15135613083839417 |    15756.529296875 | 333.0 | 666.0 |
          21.0 |              1.0 |       5551.234375 |   0.027542291209101677 |     15041.90234375 | 333.0 | 666.0 |
          21.0 |              1.0 |  5553.39599609375 |    0.03019951842725277 |    15756.529296875 | 333.0 | 666.0 |
          21.0 |              1.0 |  5581.31298828125 |    0.04265795275568962 |   15881.7080078125 | 333.0 | 666.0 |
          21.0 |              1.0 |     5625.29296875 |    0.03630780056118965 |   16021.7783203125 | 333.0 | 666.0 |
          21.0 |              1.0 |   5625.5966796875 |    0.03162277489900589 |   16022.7216796875 | 333.0 | 666.0 |
          21.0 |              1.0 |   5632.6064453125 |    0.05754399299621582 |   16009.7431640625 | 333.0 | 666.0 |
          21.0 |              1.0 |   5636.4189453125 |    0.03630780056118965 |   16021.7783203125 | 333.0 | 666.0 |
          21.0 |              1.0 |  5649.13330078125 |    0.04570881649851799 |   16096.8837890625 | 333.0 | 666.0 |
          21.0 |              1.0 |    5663.283203125 |    0.02290867641568184 |   16141.0009765625 | 333.0 | 666.0 |
          21.0 |              1.0 |     5673.40234375 |     3.1260793209075928 |         11677.3125 | 333.0 | 666.0 |
          21.0 |              1.0 |     5688.41015625 |     2.3550493717193604 |   11610.2353515625 | 333.0 | 666.0 |
          21.0 |              1.0 |    5701.732421875 |     1.8407719135284424 |   11557.6552734375 | 333.0 | 666.0 |
          21.0 |              1.0 |  5710.19775390625 |    0.25118863582611084 |         11677.3125 | 333.0 | 666.0 |
          21.0 |              1.0 |  5713.33740234375 |       1.36772882938385 |      11519.9609375 | 333.0 | 666.0 |
          21.0 |              1.0 |  5718.87744140625 |    0.23442287743091583 |   11610.2353515625 | 333.0 | 666.0 |
          21.0 |              1.0 |     5725.66796875 |    0.16982437670230865 |   11557.6552734375 | 333.0 | 666.0 |
          21.0 |              1.0 |    5740.900390625 |   0.005888436455279589 |         11677.3125 | 333.0 | 666.0 |
          21.0 |              1.0 |    5742.958984375 |   0.006918308325111866 |   11610.2353515625 | 333.0 | 666.0 |
          21.0 |              1.0 |     5990.08984375 |     0.2137961983680725 |     17012.75390625 | 333.0 | 666.0 |
          21.0 |              1.0 |    6027.830078125 |    0.15848931670188904 |    17025.126953125 | 333.0 | 666.0 |
          21.0 |              1.0 |  6147.89990234375 |    0.19054606556892395 |     17012.75390625 | 333.0 | 666.0 |
          21.0 |              1.0 |   6195.3916015625 |  0.0007762472960166633 |                0.0 | 333.0 | 666.0 |
          21.0 |              1.0 |    6200.150390625 |     0.1202264353632927 |    17025.126953125 | 333.0 | 666.0 |
          21.0 |              1.0 |  6212.38232421875 |    0.03655947744846344 |                0.0 | 333.0 | 666.0 |
          21.0 |              1.0 |   6233.4541015625 | 1.6595860870438628e-05 | 168.33709716796875 | 333.0 | 666.0 |
          21.0 |              1.0 |  6241.13525390625 |  0.0061659496277570724 |                0.0 | 333.0 | 666.0 |
          21.0 |              1.0 |   6241.5048828125 |   0.019860947504639626 |                0.0 | 333.0 | 666.0 |
          21.0 |              1.0 |   6246.1884765625 |  9.120109098148532e-06 |                0.0 | 333.0 | 666.0 |
          21.0 |              1.0 |  6251.68994140625 |     0.6165950298309326 |     18571.38671875 | 333.0 | 666.0 |
          21.0 |              1.0 |    6260.697265625 |   0.015848932787775993 | 168.33709716796875 | 333.0 | 666.0 |
          21.0 |              1.0 |   6263.9501953125 |     0.2951209545135498 |      18515.6640625 | 333.0 | 666.0 |
          21.0 |              1.0 |  6278.03759765625 |  0.0023988336324691772 | 168.33709716796875 | 333.0 | 666.0 |
          21.0 |              1.0 |   6281.8701171875 |    0.09549926221370697 |     18504.05859375 | 333.0 | 666.0 |
          21.0 |              1.0 |    6285.900390625 |    0.13803842663764954 |     18571.38671875 | 333.0 | 666.0 |
          21.0 |              1.0 |   6286.4697265625 |    0.16982437670230865 |      18515.6640625 | 333.0 | 666.0 |
          21.0 |              1.0 |  6294.76025390625 |    0.12302687019109726 |     18504.05859375 | 333.0 | 666.0 |
          21.0 |              1.0 |    6307.404296875 |     0.0690239816904068 | 168.33709716796875 | 333.0 | 666.0 |
          21.0 |              1.0 |   6307.7744140625 |  0.0027542291209101677 | 168.33709716796875 | 333.0 | 666.0 |
          21.0 |              1.0 |   6346.5751953125 |   0.000363077997462824 |                0.0 | 333.0 | 666.0 |
          21.0 |              1.0 |   6364.0146484375 | 4.3651569285430014e-05 | 168.33709716796875 | 333.0 | 666.0 |
          21.0 |              1.0 |   6380.5791015625 |  0.0026915352791547775 |                0.0 | 333.0 | 666.0 |
          21.0 |              1.0 |   6415.1123046875 |    0.00251188687980175 | 168.33709716796875 | 333.0 | 666.0 |
          21.0 |              1.0 |  6449.85888671875 | 0.00026915353373624384 | 168.33709716796875 | 333.0 | 666.0 |
          21.0 |              1.0 |  7057.11376953125 | 0.00042657964513637125 |    14926.060546875 | 333.0 | 666.0 |
          21.0 |              1.0 |   7743.3525390625 |     0.4897788166999817 |    20236.876953125 | 333.0 | 666.0 |
          21.0 |              1.0 |   7745.0087890625 |   0.010232930071651936 |    20239.650390625 | 333.0 | 666.0 |
          21.0 |              1.0 |      7802.5703125 |    0.37153521180152893 |    20239.650390625 | 333.0 | 666.0 |
          21.0 |              1.0 |       11874.65625 |  0.0011220183223485947 |      18515.6640625 | 333.0 | 666.0 |
          21.0 |              1.0 |  12156.8955078125 |   0.003467368194833398 |    18711.029296875 | 333.0 | 666.0 |
          21.0 |              1.0 |     12374.3359375 |    0.01659587025642395 |       18855.734375 | 333.0 | 666.0 |
          21.0 |              1.0 |     19812.7265625 | 0.00021877611288800836 |   15672.5595703125 | 333.0 | 666.0 |
          21.0 |              1.0 |   19964.716796875 |   0.000588843657169491 |   15672.5595703125 | 333.0 | 666.0 |
          21.0 |              1.0 |    20147.86328125 |  0.0010000000474974513 |    15756.529296875 | 333.0 | 666.0 |
          21.0 |              1.0 |    21289.59765625 |    0.01230268832296133 |   16022.7216796875 | 333.0 | 666.0 |
          21.0 |              1.0 |   21460.830078125 |    0.00338844140060246 |   16021.7783203125 | 333.0 | 666.0 |
          21.0 |              1.0 |   21490.802734375 |  0.0006025595357641578 |   11557.6552734375 | 333.0 | 666.0 |
          21.0 |              1.0 |      21631.234375 |  0.0012589251855388284 |   16096.8837890625 | 333.0 | 666.0 |
          21.0 |              1.0 |    21640.18359375 |  0.0017378008924424648 |      11519.9609375 | 333.0 | 666.0 |
          21.0 |              1.0 |    21736.39453125 |   0.013182567432522774 |   11610.2353515625 | 333.0 | 666.0 |
          21.0 |              1.0 |   21812.521484375 |  0.0047863018698990345 |   16096.8837890625 | 333.0 | 666.0 |
          21.0 |              1.0 |         21818.125 |    0.03235936537384987 |   11557.6552734375 | 333.0 | 666.0 |
          21.0 |              1.0 |   21839.669921875 |  0.0028840317390859127 |   16141.0009765625 | 333.0 | 666.0 |
          21.0 |              1.0 |   21848.740234375 |   0.017378007993102074 |      11519.9609375 | 333.0 | 666.0 |
          21.0 |              1.0 |    22030.18359375 |    0.03890451788902283 |   11557.6552734375 | 333.0 | 666.0 |
          21.0 |              1.0 |    22058.00390625 |    0.14454399049282074 |         11677.3125 | 333.0 | 666.0 |
          21.0 |              1.0 |      22071.328125 |    0.14791084825992584 |   11610.2353515625 | 333.0 | 666.0 |
          21.0 |              1.0 |   22213.263671875 |   0.014791082590818405 |      11519.9609375 | 333.0 | 666.0 |
          21.0 |              1.0 |    22272.80078125 |    0.03981072083115578 |      11519.9609375 | 333.0 | 666.0 |
          21.0 |              1.0 |    22396.03515625 |  0.0010964780813083053 |   11557.6552734375 | 333.0 | 666.0 |
          21.0 |              1.0 |   22400.810546875 |     0.0660693496465683 |   11557.6552734375 | 333.0 | 666.0 |
          21.0 |              1.0 |    22643.34765625 |   0.005495409015566111 |   11610.2353515625 | 333.0 | 666.0 |
          21.0 |              1.0 |   22662.951171875 |   0.033113110810518265 |   11610.2353515625 | 333.0 | 666.0 |
          21.0 |              1.0 |   22992.517578125 |    0.05888436362147331 |         11677.3125 | 333.0 | 666.0 |
          21.0 |              1.0 |    23126.44921875 |   0.007585777901113033 |   11557.6552734375 | 333.0 | 666.0 |
          21.0 |              1.0 |    23411.12890625 |    0.04466835781931877 |   11610.2353515625 | 333.0 | 666.0 |
          21.0 |              1.0 |           23604.0 |   0.005623413249850273 |      11519.9609375 | 333.0 | 666.0 |
          21.0 |              1.0 |    23784.62890625 |  0.0018197008175775409 |         11677.3125 | 333.0 | 666.0 |
          21.0 |              1.0 |   23815.908203125 |   0.033113110810518265 |   11557.6552734375 | 333.0 | 666.0 |
          21.0 |              1.0 |   24081.310546875 |    0.02238721214234829 |      11519.9609375 | 333.0 | 666.0 |
          21.0 |              1.0 |       24118.03125 |  0.0014454401098191738 |   11610.2353515625 | 333.0 | 666.0 |
          21.0 |              1.0 |    24301.91015625 |   0.002570396289229393 |   11557.6552734375 | 333.0 | 666.0 |
%NIST