 Atomic Number | Ionization State | Wavelength (Ang.) |  g_i*f_ik | E_i(cm^-1) |    i |    j |
          14.0 |              8.0 |          1445.734 |       0.0 |        0.0 |  1.0 |  2.0 |
          14.0 |              8.0 |          1440.507 |       0.0 |        0.0 |  1.0 |  3.0 |
          14.0 |              8.0 |         398406.38 |       0.0 |    69169.0 |  2.0 |  3.0 |
          14.0 |              8.0 |           949.352 |       0.0 |        0.0 |  1.0 |  4.0 |
          14.0 |              8.0 |          2765.028 |       0.0 |    69169.0 |  2.0 |  4.0 |
          14.0 |              8.0 |          2784.352 |       0.0 |    69420.0 |  3.0 |  4.0 |
          14.0 |              8.0 |           944.465 |       0.0 |        0.0 |  1.0 |  5.0 |
          14.0 |              8.0 |          2723.979 |       0.0 |    69169.0 |  2.0 |  5.0 |
          14.0 |              8.0 |          2742.732 |       0.0 |    69420.0 |  3.0 |  5.0 |
          14.0 |              8.0 |         183486.23 |       0.0 |   105335.0 |  4.0 |  5.0 |
          14.0 |              8.0 |           319.839 |     0.436 |        0.0 |  1.0 |  6.0 |
          14.0 |              8.0 |           410.698 |  5.48e-05 |    69169.0 |  2.0 |  6.0 |
          14.0 |              8.0 |           411.122 | 0.0001836 |    69420.0 |  3.0 |  6.0 |
          14.0 |              8.0 |           483.613 | 0.0001804 |   105880.0 |  5.0 |  6.0 |
          14.0 |              8.0 |           316.218 |    0.2952 |        0.0 |  1.0 |  7.0 |
          14.0 |              8.0 |           404.745 |  7.92e-06 |    69169.0 |  2.0 |  7.0 |
          14.0 |              8.0 |           405.157 |  6.48e-06 |    69420.0 |  3.0 |  7.0 |
          14.0 |              8.0 |            475.38 |  0.000194 |   105880.0 |  5.0 |  7.0 |
          14.0 |              8.0 |           314.356 |    0.1488 |        0.0 |  1.0 |  8.0 |
          14.0 |              8.0 |             401.7 |   9.4e-06 |    69169.0 |  2.0 |  8.0 |
          14.0 |              8.0 |           469.978 |  2.82e-05 |   105335.0 |  4.0 |  8.0 |
          14.0 |              8.0 |           471.185 |     5e-06 |   105880.0 |  5.0 |  8.0 |
          14.0 |              8.0 |           232.355 |  6.16e-06 |        0.0 |  1.0 |  9.0 |
          14.0 |              8.0 |            276.85 |     0.496 |    69169.0 |  2.0 |  9.0 |
          14.0 |              8.0 |           277.042 |   0.04338 |    69420.0 |  3.0 |  9.0 |
          14.0 |              8.0 |           307.653 |    0.0764 |   105335.0 |  4.0 |  9.0 |
          14.0 |              8.0 |            308.17 |     0.002 |   105880.0 |  5.0 |  9.0 |
          14.0 |              8.0 |           276.865 |   0.02868 |    69169.0 |  2.0 | 10.0 |
          14.0 |              8.0 |           277.057 |     0.726 |    69420.0 |  3.0 | 10.0 |
          14.0 |              8.0 |           308.189 |    0.1616 |   105880.0 |  5.0 | 10.0 |
          14.0 |              8.0 |            198.18 |   0.00014 |        0.0 |  1.0 | 11.0 |
          14.0 |              8.0 |           229.661 |   0.01808 |    69169.0 |  2.0 | 11.0 |
          14.0 |              8.0 |           250.465 |    0.1742 |   105335.0 |  4.0 | 11.0 |
          14.0 |              8.0 |           250.807 |      0.27 |   105880.0 |  5.0 | 11.0 |
          14.0 |              8.0 |           188.531 |  0.000488 |        0.0 |  1.0 | 12.0 |
          14.0 |              8.0 |           216.803 |    0.1552 |    69169.0 |  2.0 | 12.0 |
          14.0 |              8.0 |           216.921 |     1.014 |    69420.0 |  3.0 | 12.0 |
          14.0 |              8.0 |           235.249 |    0.0666 |   105335.0 |  4.0 | 12.0 |
          14.0 |              8.0 |           235.551 |    0.2568 |   105880.0 |  5.0 | 12.0 |
          14.0 |              8.0 |           186.983 |     7e-05 |        0.0 |  1.0 | 13.0 |
          14.0 |              8.0 |           214.758 |     0.488 |    69169.0 |  2.0 | 13.0 |
          14.0 |              8.0 |           232.843 |     0.103 |   105335.0 |  4.0 | 13.0 |
          14.0 |              8.0 |           233.139 |    0.1552 |   105880.0 |  5.0 | 13.0 |
          14.0 |              8.0 |           197.038 |   0.00042 |   312657.0 |  6.0 | 14.0 |
          14.0 |              8.0 |           198.438 | 0.0001284 |   316238.0 |  7.0 | 14.0 |
          14.0 |              8.0 |           199.179 |     4e-05 |   318111.0 |  8.0 | 14.0 |
          14.0 |              8.0 |           256.531 |     0.684 |   430356.0 | 10.0 | 14.0 |
          14.0 |              8.0 |           256.544 |    0.0904 |   430376.0 |  9.0 | 14.0 |
          14.0 |              8.0 |           316.877 |    0.0812 |   504593.0 | 11.0 | 14.0 |
          14.0 |              8.0 |           345.118 |     0.828 |   530417.0 | 12.0 | 14.0 |
          14.0 |              8.0 |            350.43 |    0.1496 |   534809.0 | 13.0 | 14.0 |
          14.0 |              8.0 |           196.201 |  9.22e-06 |   316238.0 |  7.0 | 15.0 |
          14.0 |              8.0 |           196.925 |  7.84e-05 |   318111.0 |  8.0 | 15.0 |
          14.0 |              8.0 |           252.817 |     0.374 |   430376.0 |  9.0 | 15.0 |
          14.0 |              8.0 |            311.21 |   0.01616 |   504593.0 | 11.0 | 15.0 |
          14.0 |              8.0 |           338.407 |    0.1816 |   530417.0 | 12.0 | 15.0 |
          14.0 |              8.0 |           343.513 |     0.352 |   534809.0 | 13.0 | 15.0 |
          14.0 |              8.0 |            69.905 |   0.07713 |        0.0 |  1.0 | 16.0 |
          14.0 |              8.0 |            73.457 |  0.000615 |    69169.0 |  2.0 | 16.0 |
          14.0 |              8.0 |            75.462 | 4.179e-05 |   105335.0 |  4.0 | 16.0 |
          14.0 |              8.0 |            75.493 |  8.87e-05 |   105880.0 |  5.0 | 16.0 |
          14.0 |              8.0 |           163.844 | 1.241e-05 |   820173.0 | 14.0 | 16.0 |
          14.0 |              8.0 |             69.79 |    0.1535 |        0.0 |  1.0 | 17.0 |
          14.0 |              8.0 |             73.33 | 0.0004307 |    69169.0 |  2.0 | 17.0 |
          14.0 |              8.0 |            73.343 |  0.001212 |    69420.0 |  3.0 | 17.0 |
          14.0 |              8.0 |            75.328 | 6.776e-05 |   105335.0 |  4.0 | 17.0 |
          14.0 |              8.0 |            75.359 | 0.0003201 |   105880.0 |  5.0 | 17.0 |
          14.0 |              8.0 |           163.213 | 1.954e-05 |   820173.0 | 14.0 | 17.0 |
          14.0 |              8.0 |            69.632 |    0.2288 |        0.0 |  1.0 | 18.0 |
          14.0 |              8.0 |            73.156 | 5.492e-05 |    69169.0 |  2.0 | 18.0 |
          14.0 |              8.0 |            73.169 |  0.001181 |    69420.0 |  3.0 | 18.0 |
          14.0 |              8.0 |            68.966 | 6.075e-05 |        0.0 |  1.0 | 19.0 |
          14.0 |              8.0 |            72.421 |    0.1869 |    69169.0 |  2.0 | 19.0 |
          14.0 |              8.0 |            74.369 |   0.07541 |   105335.0 |  4.0 | 19.0 |
          14.0 |              8.0 |            74.399 |     0.021 |   105880.0 |  5.0 | 19.0 |
          14.0 |              8.0 |           158.776 |  0.001033 |   820173.0 | 14.0 | 19.0 |
          14.0 |              8.0 |           160.238 |  0.001869 |   825919.0 | 15.0 | 19.0 |
          14.0 |              8.0 |            68.781 | 0.0001209 |        0.0 |  1.0 | 20.0 |
          14.0 |              8.0 |            72.216 |  0.006704 |    69169.0 |  2.0 | 20.0 |
          14.0 |              8.0 |            72.229 |    0.3083 |    69420.0 |  3.0 | 20.0 |
          14.0 |              8.0 |            74.153 |   0.04832 |   105335.0 |  4.0 | 20.0 |
          14.0 |              8.0 |            74.183 |    0.2014 |   105880.0 |  5.0 | 20.0 |
          14.0 |              8.0 |           157.797 |  0.004705 |   820173.0 | 14.0 | 20.0 |
          14.0 |              8.0 |            159.24 |  0.001178 |   825919.0 | 15.0 | 20.0 |
          14.0 |              8.0 |            67.263 | 0.0002213 |        0.0 |  1.0 | 21.0 |
          14.0 |              8.0 |            70.545 |   0.03852 |    69169.0 |  2.0 | 21.0 |
          14.0 |              8.0 |            70.557 |    0.3114 |    69420.0 |  3.0 | 21.0 |
          14.0 |              8.0 |             72.42 |    0.1049 |   105880.0 |  5.0 | 21.0 |
          14.0 |              8.0 |           150.029 |  0.002561 |   820173.0 | 14.0 | 21.0 |
          14.0 |              8.0 |            67.198 | 3.096e-05 |        0.0 |  1.0 | 22.0 |
          14.0 |              8.0 |            70.473 |    0.1882 |    69169.0 |  2.0 | 22.0 |
          14.0 |              8.0 |            70.486 |   0.01144 |    69420.0 |  3.0 | 22.0 |
          14.0 |              8.0 |            72.316 |   0.05951 |   105335.0 |  4.0 | 22.0 |
          14.0 |              8.0 |            72.345 |   0.04788 |   105880.0 |  5.0 | 22.0 |
          14.0 |              8.0 |           149.706 | 0.0005439 |   820173.0 | 14.0 | 22.0 |
          14.0 |              8.0 |           151.005 |  0.001238 |   825919.0 | 15.0 | 22.0 |
          14.0 |              8.0 |            66.106 |       0.0 |        0.0 |  1.0 | 23.0 |
          14.0 |              8.0 |            69.417 |       0.0 |    69169.0 |  2.0 | 23.0 |
          14.0 |              8.0 |            69.434 |       0.0 |    69420.0 |  3.0 | 23.0 |
          14.0 |              8.0 |            71.029 |       0.0 |   105880.0 |  5.0 | 23.0 |
          14.0 |              8.0 |              83.5 | 8.521e-05 |   316238.0 |  7.0 | 23.0 |
          14.0 |              8.0 |             83.63 | 2.647e-05 |   318111.0 |  8.0 | 23.0 |
          14.0 |              8.0 |            93.296 | 3.835e-05 |   430376.0 |  9.0 | 23.0 |
          14.0 |              8.0 |           100.081 | 1.216e-05 |   504593.0 | 11.0 | 23.0 |
          14.0 |              8.0 |           103.741 |  0.003879 |   530417.0 | 12.0 | 23.0 |
          14.0 |              8.0 |           104.203 |  0.001353 |   534809.0 | 13.0 | 23.0 |
          14.0 |              8.0 |           1304.41 |  0.005631 |  1430510.0 | 16.0 | 23.0 |
          14.0 |              8.0 |          1344.176 |  0.005704 |  1432870.0 | 17.0 | 23.0 |
          14.0 |              8.0 |          1780.563 |   0.07825 |  1449990.0 | 19.0 | 23.0 |
          14.0 |              8.0 |          1918.318 |    0.1132 |  1453900.0 | 20.0 | 23.0 |
          14.0 |              8.0 |            66.059 |       0.0 |        0.0 |  1.0 | 24.0 |
          14.0 |              8.0 |            69.234 |       0.0 |    69420.0 |  3.0 | 24.0 |
          14.0 |              8.0 |            71.027 |       0.0 |   105880.0 |  5.0 | 24.0 |
          14.0 |              8.0 |            83.503 | 6.612e-06 |   316238.0 |  7.0 | 24.0 |
          14.0 |              8.0 |            83.634 |  0.000301 |   318111.0 |  8.0 | 24.0 |
          14.0 |              8.0 |              92.3 | 1.177e-05 |   430376.0 |  9.0 | 24.0 |
          14.0 |              8.0 |            99.088 | 2.683e-06 |   504593.0 | 11.0 | 24.0 |
          14.0 |              8.0 |            101.69 | 3.641e-06 |   530417.0 | 12.0 | 24.0 |
          14.0 |              8.0 |           102.147 |  4.34e-05 |   534809.0 | 13.0 | 24.0 |
          14.0 |              8.0 |          1200.696 |     0.256 |  1430510.0 | 16.0 | 24.0 |
          14.0 |              8.0 |          1235.712 |   0.03621 |  1432870.0 | 17.0 | 24.0 |
          14.0 |              8.0 |          1567.275 | 0.0006853 |  1449990.0 | 19.0 | 24.0 |
          14.0 |              8.0 |          1669.588 | 0.0008638 |  1453900.0 | 20.0 | 24.0 |
          14.0 |              8.0 |            66.003 |       0.0 |        0.0 |  1.0 | 25.0 |
          14.0 |              8.0 |            69.173 |       0.0 |    69420.0 |  3.0 | 25.0 |
          14.0 |              8.0 |            70.935 |       0.0 |   105335.0 |  4.0 | 25.0 |
          14.0 |              8.0 |            83.165 | 2.905e-05 |   312657.0 |  6.0 | 25.0 |
          14.0 |              8.0 |            83.414 | 0.0001609 |   316238.0 |  7.0 | 25.0 |
          14.0 |              8.0 |            83.544 | 0.0005934 |   318111.0 |  8.0 | 25.0 |
          14.0 |              8.0 |            92.191 | 6.343e-06 |   430376.0 |  9.0 | 25.0 |
          14.0 |              8.0 |            92.189 | 8.702e-06 |   430356.0 | 10.0 | 25.0 |
          14.0 |              8.0 |            98.962 | 5.752e-07 |   504593.0 | 11.0 | 25.0 |
          14.0 |              8.0 |           101.558 | 1.127e-05 |   530417.0 | 12.0 | 25.0 |
          14.0 |              8.0 |           102.013 | 4.904e-06 |   534809.0 | 13.0 | 25.0 |
          14.0 |              8.0 |          1182.452 |    0.3182 |  1430510.0 | 16.0 | 25.0 |
          14.0 |              8.0 |          1216.397 |    0.2614 |  1432870.0 | 17.0 | 25.0 |
          14.0 |              8.0 |          1266.464 |   0.01054 |  1436120.0 | 18.0 | 25.0 |
          14.0 |              8.0 |          1536.334 | 0.0007653 |  1449990.0 | 19.0 | 25.0 |
          14.0 |              8.0 |          1634.521 |  2.28e-05 |  1453900.0 | 20.0 | 25.0 |
          14.0 |              8.0 |            65.905 |       0.0 |        0.0 |  1.0 | 26.0 |
          14.0 |              8.0 |            69.053 |       0.0 |    69169.0 |  2.0 | 26.0 |
          14.0 |              8.0 |             83.01 |  2.22e-07 |   312657.0 |  6.0 | 26.0 |
          14.0 |              8.0 |            83.258 |  0.001186 |   316238.0 |  7.0 | 26.0 |
          14.0 |              8.0 |              92.0 |  8.52e-06 |   430376.0 |  9.0 | 26.0 |
          14.0 |              8.0 |            91.999 | 2.991e-06 |   430356.0 | 10.0 | 26.0 |
          14.0 |              8.0 |           101.326 | 7.736e-07 |   530417.0 | 12.0 | 26.0 |
          14.0 |              8.0 |          1183.992 |    0.7332 |  1432870.0 | 17.0 | 26.0 |
          14.0 |              8.0 |          1231.375 |    0.1563 |  1436120.0 | 18.0 | 26.0 |
          14.0 |              8.0 |          1576.541 |  0.001273 |  1453900.0 | 20.0 | 26.0 |
          14.0 |              8.0 |            65.781 |       0.0 |        0.0 |  1.0 | 27.0 |
          14.0 |              8.0 |            68.929 |       0.0 |    69420.0 |  3.0 | 27.0 |
          14.0 |              8.0 |            82.813 |  0.001133 |   312657.0 |  6.0 | 27.0 |
          14.0 |              8.0 |            91.757 | 3.806e-05 |   430356.0 | 10.0 | 27.0 |
          14.0 |              8.0 |          1189.485 |     1.193 |  1436120.0 | 18.0 | 27.0 |
          14.0 |              8.0 |            65.474 |       0.0 |        0.0 |  1.0 | 28.0 |
          14.0 |              8.0 |             68.72 |       0.0 |    69169.0 |  2.0 | 28.0 |
          14.0 |              8.0 |            68.736 |       0.0 |    69420.0 |  3.0 | 28.0 |
          14.0 |              8.0 |            82.494 |  0.004456 |   316238.0 |  7.0 | 28.0 |
          14.0 |              8.0 |             82.62 | 0.0008188 |   318111.0 |  8.0 | 28.0 |
          14.0 |              8.0 |            92.041 | 8.999e-06 |   430376.0 |  9.0 | 28.0 |
          14.0 |              8.0 |            98.639 | 8.672e-07 |   504593.0 | 11.0 | 28.0 |
          14.0 |              8.0 |           102.192 | 9.871e-05 |   530417.0 | 12.0 | 28.0 |
          14.0 |              8.0 |            102.64 | 9.486e-06 |   534809.0 | 13.0 | 28.0 |
          14.0 |              8.0 |          1095.554 |     0.033 |  1430510.0 | 16.0 | 28.0 |
          14.0 |              8.0 |          1123.469 |    0.2525 |  1432870.0 | 17.0 | 28.0 |
          14.0 |              8.0 |          1412.888 |  0.003424 |  1449990.0 | 19.0 | 28.0 |
          14.0 |              8.0 |          1498.262 |  0.005467 |  1453900.0 | 20.0 | 28.0 |
          14.0 |              8.0 |             65.44 |       0.0 |        0.0 |  1.0 | 29.0 |
          14.0 |              8.0 |            68.683 |       0.0 |    69169.0 |  2.0 | 29.0 |
          14.0 |              8.0 |              82.2 |  0.005581 |   312657.0 |  6.0 | 29.0 |
          14.0 |              8.0 |             82.44 |  0.001245 |   316238.0 |  7.0 | 29.0 |
          14.0 |              8.0 |            82.567 |  0.003694 |   318111.0 |  8.0 | 29.0 |
          14.0 |              8.0 |            91.975 | 6.735e-06 |   430376.0 |  9.0 | 29.0 |
          14.0 |              8.0 |            98.563 | 3.793e-06 |   504593.0 | 11.0 | 29.0 |
          14.0 |              8.0 |            102.11 | 1.668e-05 |   530417.0 | 12.0 | 29.0 |
          14.0 |              8.0 |           102.557 | 1.164e-05 |   534809.0 | 13.0 | 29.0 |
          14.0 |              8.0 |          1086.236 |    0.1987 |  1430510.0 | 16.0 | 29.0 |
          14.0 |              8.0 |          1113.673 |    0.1484 |  1432870.0 | 17.0 | 29.0 |
          14.0 |              8.0 |          1156.564 |    0.2433 |  1436120.0 | 18.0 | 29.0 |
          14.0 |              8.0 |          1397.429 |   0.00108 |  1449990.0 | 19.0 | 29.0 |
          14.0 |              8.0 |          1480.889 | 0.0007097 |  1453900.0 | 20.0 | 29.0 |
          14.0 |              8.0 |            65.355 |       0.0 |        0.0 |  1.0 | 30.0 |
          14.0 |              8.0 |            68.589 |       0.0 |    69169.0 |  2.0 | 30.0 |
          14.0 |              8.0 |            68.605 |       0.0 |    69420.0 |  3.0 | 30.0 |
          14.0 |              8.0 |            70.131 |       0.0 |   105335.0 |  4.0 | 30.0 |
          14.0 |              8.0 |            70.163 |       0.0 |   105880.0 |  5.0 | 30.0 |
          14.0 |              8.0 |            82.066 |   0.01124 |   312657.0 |  6.0 | 30.0 |
          14.0 |              8.0 |            82.306 |  0.004151 |   316238.0 |  7.0 | 30.0 |
          14.0 |              8.0 |            91.807 | 3.833e-06 |   430376.0 |  9.0 | 30.0 |
          14.0 |              8.0 |           101.903 | 1.992e-05 |   530417.0 | 12.0 | 30.0 |
          14.0 |              8.0 |          1089.538 |    0.1597 |  1432870.0 | 17.0 | 30.0 |
          14.0 |              8.0 |          1130.557 |     0.716 |  1436120.0 | 18.0 | 30.0 |
          14.0 |              8.0 |          1438.518 |  0.008712 |  1453900.0 | 20.0 | 30.0 |
          14.0 |              8.0 |          2898.803 |  0.001253 |  1486710.0 | 21.0 | 30.0 |
          14.0 |              8.0 |            64.938 |       0.0 |        0.0 |  1.0 | 31.0 |
          14.0 |              8.0 |            68.129 |       0.0 |    69169.0 |  2.0 | 31.0 |
          14.0 |              8.0 |            68.146 |       0.0 |    69420.0 |  3.0 | 31.0 |
          14.0 |              8.0 |            69.651 |       0.0 |   105335.0 |  4.0 | 31.0 |
          14.0 |              8.0 |            69.682 |       0.0 |   105880.0 |  5.0 | 31.0 |
          14.0 |              8.0 |            81.409 | 4.303e-05 |   312657.0 |  6.0 | 31.0 |
          14.0 |              8.0 |            81.645 | 8.526e-06 |   316238.0 |  7.0 | 31.0 |
          14.0 |              8.0 |            81.768 | 3.258e-05 |   318111.0 |  8.0 | 31.0 |
          14.0 |              8.0 |            90.985 | 0.0001692 |   430376.0 |  9.0 | 31.0 |
          14.0 |              8.0 |            97.427 |  5.53e-06 |   504593.0 | 11.0 | 31.0 |
          14.0 |              8.0 |           100.892 | 2.715e-05 |   530417.0 | 12.0 | 31.0 |
          14.0 |              8.0 |           101.329 | 0.0001087 |   534809.0 | 13.0 | 31.0 |
          14.0 |              8.0 |           962.603 | 9.584e-05 |  1430510.0 | 16.0 | 31.0 |
          14.0 |              8.0 |           984.087 |  0.001844 |  1432870.0 | 17.0 | 31.0 |
          14.0 |              8.0 |          1017.429 |  0.001522 |  1436120.0 | 18.0 | 31.0 |
          14.0 |              8.0 |          1199.271 |    0.3669 |  1449990.0 | 19.0 | 31.0 |
          14.0 |              8.0 |          1260.224 |   0.08713 |  1453900.0 | 20.0 | 31.0 |
          14.0 |              8.0 |          2255.707 |  0.007185 |  1486710.0 | 21.0 | 31.0 |
          14.0 |              8.0 |          2261.318 |   0.05998 |  1488150.0 | 22.0 | 31.0 |
          14.0 |              8.0 |            64.763 |       0.0 |        0.0 |  1.0 | 32.0 |
          14.0 |              8.0 |            67.937 |       0.0 |    69169.0 |  2.0 | 32.0 |
          14.0 |              8.0 |            67.953 |       0.0 |    69420.0 |  3.0 | 32.0 |
          14.0 |              8.0 |             69.45 |       0.0 |   105335.0 |  4.0 | 32.0 |
          14.0 |              8.0 |            69.481 |       0.0 |   105880.0 |  5.0 | 32.0 |
          14.0 |              8.0 |            81.134 | 0.0003275 |   312657.0 |  6.0 | 32.0 |
          14.0 |              8.0 |            81.369 | 0.0001308 |   316238.0 |  7.0 | 32.0 |
          14.0 |              8.0 |            90.643 | 0.0001048 |   430376.0 |  9.0 | 32.0 |
          14.0 |              8.0 |           100.471 | 0.0002377 |   530417.0 | 12.0 | 32.0 |
          14.0 |              8.0 |            945.43 | 0.0004116 |  1432870.0 | 17.0 | 32.0 |
          14.0 |              8.0 |           976.162 |   0.01576 |  1436120.0 | 18.0 | 32.0 |
          14.0 |              8.0 |          1197.519 |      0.64 |  1453900.0 | 20.0 | 32.0 |
          14.0 |              8.0 |          2062.408 |    0.1246 |  1486710.0 | 21.0 | 32.0 |
          14.0 |              8.0 |          2067.098 |  0.008266 |  1488150.0 | 22.0 | 32.0 |
          14.0 |              8.0 |            67.453 |       0.0 |    69169.0 |  2.0 | 33.0 |
          14.0 |              8.0 |            67.469 |       0.0 |    69420.0 |  3.0 | 33.0 |
          14.0 |              8.0 |            68.944 |       0.0 |   105335.0 |  4.0 | 33.0 |
          14.0 |              8.0 |            68.974 |       0.0 |   105880.0 |  5.0 | 33.0 |
          14.0 |              8.0 |            80.444 | 7.434e-05 |   312657.0 |  6.0 | 33.0 |
          14.0 |              8.0 |            80.675 | 2.342e-06 |   316238.0 |  7.0 | 33.0 |
          14.0 |              8.0 |            80.796 | 2.243e-06 |   318111.0 |  8.0 | 33.0 |
          14.0 |              8.0 |            89.783 |   0.00017 |   430376.0 |  9.0 | 33.0 |
          14.0 |              8.0 |            96.049 | 0.0002544 |   504593.0 | 11.0 | 33.0 |
          14.0 |              8.0 |            99.415 |   0.01226 |   530417.0 | 12.0 | 33.0 |
          14.0 |              8.0 |            99.839 |  0.002274 |   534809.0 | 13.0 | 33.0 |
          14.0 |              8.0 |           859.542 | 0.0006802 |  1432870.0 | 17.0 | 33.0 |
          14.0 |              8.0 |            884.87 | 0.0008465 |  1436120.0 | 18.0 | 33.0 |
          14.0 |              8.0 |          1019.285 |   0.08942 |  1449990.0 | 19.0 | 33.0 |
          14.0 |              8.0 |          1062.982 |    0.3824 |  1453900.0 | 20.0 | 33.0 |
          14.0 |              8.0 |          1693.308 |   0.07643 |  1486710.0 | 21.0 | 33.0 |
          14.0 |              8.0 |          1696.468 |  0.005478 |  1488150.0 | 22.0 | 33.0 |
          14.0 |              8.0 |            67.443 |       0.0 |    69169.0 |  2.0 | 34.0 |
          14.0 |              8.0 |            67.459 |       0.0 |    69420.0 |  3.0 | 34.0 |
          14.0 |              8.0 |            68.964 |       0.0 |   105880.0 |  5.0 | 34.0 |
          14.0 |              8.0 |            80.661 | 6.683e-06 |   316238.0 |  7.0 | 34.0 |
          14.0 |              8.0 |            80.782 |  4.85e-07 |   318111.0 |  8.0 | 34.0 |
          14.0 |              8.0 |            89.765 |  0.001511 |   430376.0 |  9.0 | 34.0 |
          14.0 |              8.0 |             96.03 | 8.342e-06 |   504593.0 | 11.0 | 34.0 |
          14.0 |              8.0 |            99.394 |  0.002029 |   530417.0 | 12.0 | 34.0 |
          14.0 |              8.0 |            99.818 |  0.005668 |   534809.0 | 13.0 | 34.0 |
          14.0 |              8.0 |           841.588 | 3.042e-05 |  1430510.0 | 16.0 | 34.0 |
          14.0 |              8.0 |          1017.066 |    0.1467 |  1449990.0 | 19.0 | 34.0 |
          14.0 |              8.0 |          1060.569 |    0.0895 |  1453900.0 | 20.0 | 34.0 |
          14.0 |              8.0 |          1690.331 |   0.04525 |  1488150.0 | 22.0 | 34.0 |
          14.0 |              8.0 |            67.256 |       0.0 |    69420.0 |  3.0 | 35.0 |
          14.0 |              8.0 |            80.142 |   0.00508 |   312657.0 |  6.0 | 35.0 |
          14.0 |              8.0 |            80.371 |  0.004044 |   316238.0 |  7.0 | 35.0 |
          14.0 |              8.0 |            80.491 |  0.002223 |   318111.0 |  8.0 | 35.0 |
          14.0 |              8.0 |            89.406 | 1.457e-06 |   430376.0 |  9.0 | 35.0 |
          14.0 |              8.0 |            95.618 | 3.393e-07 |   504593.0 | 11.0 | 35.0 |
          14.0 |              8.0 |            98.953 | 6.638e-05 |   530417.0 | 12.0 | 35.0 |
          14.0 |              8.0 |            99.374 | 1.329e-05 |   534809.0 | 13.0 | 35.0 |
          14.0 |              8.0 |            811.03 |    0.1373 |  1430510.0 | 16.0 | 35.0 |
          14.0 |              8.0 |           826.228 |    0.2974 |  1432870.0 | 17.0 | 35.0 |
          14.0 |              8.0 |           849.603 |    0.5105 |  1436120.0 | 18.0 | 35.0 |
          14.0 |              8.0 |           972.772 | 3.509e-05 |  1449990.0 | 19.0 | 35.0 |
          14.0 |              8.0 |          1012.494 | 0.0003281 |  1453900.0 | 20.0 | 35.0 |
          14.0 |              8.0 |          1568.701 | 0.0003562 |  1486710.0 | 21.0 | 35.0 |
          14.0 |              8.0 |            63.713 | 4.275e-06 |        0.0 |  1.0 | 36.0 |
          14.0 |              8.0 |            66.783 | 0.0009995 |    69169.0 |  2.0 | 36.0 |
          14.0 |              8.0 |            68.244 |    0.0518 |   105335.0 |  4.0 | 36.0 |
          14.0 |              8.0 |            68.274 |   0.09214 |   105880.0 |  5.0 | 36.0 |
          14.0 |              8.0 |            138.55 |  0.001936 |   820173.0 | 14.0 | 36.0 |
          14.0 |              8.0 |           139.642 |  0.001065 |   825919.0 | 15.0 | 36.0 |
          14.0 |              8.0 |             66.32 |       0.0 |    69169.0 |  2.0 | 37.0 |
          14.0 |              8.0 |            66.336 |       0.0 |    69420.0 |  3.0 | 37.0 |
          14.0 |              8.0 |            67.761 |       0.0 |   105335.0 |  4.0 | 37.0 |
          14.0 |              8.0 |            67.791 |       0.0 |   105880.0 |  5.0 | 37.0 |
          14.0 |              8.0 |            78.839 | 2.682e-07 |   312657.0 |  6.0 | 37.0 |
          14.0 |              8.0 |             79.06 | 2.561e-06 |   316238.0 |  7.0 | 37.0 |
          14.0 |              8.0 |            87.787 |  0.005862 |   430376.0 |  9.0 | 37.0 |
          14.0 |              8.0 |            96.974 | 4.436e-07 |   530417.0 | 12.0 | 37.0 |
          14.0 |              8.0 |           837.598 |   0.00138 |  1453900.0 | 20.0 | 37.0 |
          14.0 |              8.0 |          1185.255 |    0.0322 |  1486710.0 | 21.0 | 37.0 |
          14.0 |              8.0 |          1186.803 |    0.8419 |  1488150.0 | 22.0 | 37.0 |
          14.0 |              8.0 |            66.276 |       0.0 |    69169.0 |  2.0 | 38.0 |
          14.0 |              8.0 |            66.292 |       0.0 |    69420.0 |  3.0 | 38.0 |
          14.0 |              8.0 |            67.745 |       0.0 |   105880.0 |  5.0 | 38.0 |
          14.0 |              8.0 |            78.777 | 1.457e-05 |   312657.0 |  6.0 | 38.0 |
          14.0 |              8.0 |             87.71 |  0.008727 |   430356.0 | 10.0 | 38.0 |
          14.0 |              8.0 |          1171.372 |     1.182 |  1486710.0 | 21.0 | 38.0 |
          14.0 |              8.0 |            65.227 |       0.0 |    69169.0 |  2.0 | 39.0 |
          14.0 |              8.0 |            65.242 |       0.0 |    69420.0 |  3.0 | 39.0 |
          14.0 |              8.0 |             66.62 |       0.0 |   105335.0 |  4.0 | 39.0 |
          14.0 |              8.0 |            66.649 |       0.0 |   105880.0 |  5.0 | 39.0 |
          14.0 |              8.0 |            77.299 | 8.134e-07 |   312657.0 |  6.0 | 39.0 |
          14.0 |              8.0 |            77.511 | 8.808e-07 |   316238.0 |  7.0 | 39.0 |
          14.0 |              8.0 |            85.882 | 0.0005787 |   430376.0 |  9.0 | 39.0 |
          14.0 |              8.0 |            94.654 | 2.723e-05 |   530417.0 | 12.0 | 39.0 |
          14.0 |              8.0 |           599.043 |  0.001118 |  1432870.0 | 17.0 | 39.0 |
          14.0 |              8.0 |           611.236 | 0.0007276 |  1436120.0 | 18.0 | 39.0 |
          14.0 |              8.0 |           691.243 |    0.4056 |  1453900.0 | 20.0 | 39.0 |
          14.0 |              8.0 |           912.009 |    0.9036 |  1486710.0 | 21.0 | 39.0 |
          14.0 |              8.0 |           912.925 |   0.02934 |  1488150.0 | 22.0 | 39.0 |
          14.0 |              8.0 |            65.218 |       0.0 |    69169.0 |  2.0 | 40.0 |
          14.0 |              8.0 |            65.233 |       0.0 |    69420.0 |  3.0 | 40.0 |
          14.0 |              8.0 |            66.611 |       0.0 |   105335.0 |  4.0 | 40.0 |
          14.0 |              8.0 |             66.64 |       0.0 |   105880.0 |  5.0 | 40.0 |
          14.0 |              8.0 |            77.499 | 5.165e-07 |   316238.0 |  7.0 | 40.0 |
          14.0 |              8.0 |            77.611 | 8.109e-07 |   318111.0 |  8.0 | 40.0 |
          14.0 |              8.0 |            85.867 |   0.00526 |   430376.0 |  9.0 | 40.0 |
          14.0 |              8.0 |            91.582 | 0.0001304 |   504593.0 | 11.0 | 40.0 |
          14.0 |              8.0 |            94.637 | 9.575e-05 |   530417.0 | 12.0 | 40.0 |
          14.0 |              8.0 |            95.021 | 7.303e-06 |   534809.0 | 13.0 | 40.0 |
          14.0 |              8.0 |           590.326 | 0.0004955 |  1430510.0 | 16.0 | 40.0 |
          14.0 |              8.0 |           598.337 | 0.0002939 |  1432870.0 | 17.0 | 40.0 |
          14.0 |              8.0 |           610.501 | 2.601e-05 |  1436120.0 | 18.0 | 40.0 |
          14.0 |              8.0 |           671.605 |    0.2335 |  1449990.0 | 19.0 | 40.0 |
          14.0 |              8.0 |           690.303 |  0.005847 |  1453900.0 | 20.0 | 40.0 |
          14.0 |              8.0 |           910.374 |    0.1546 |  1486710.0 | 21.0 | 40.0 |
          14.0 |              8.0 |           911.286 |    0.4948 |  1488150.0 | 22.0 | 40.0 |
          14.0 |              8.0 |             64.87 |       0.0 |    69169.0 |  2.0 | 41.0 |
          14.0 |              8.0 |            64.885 |       0.0 |    69420.0 |  3.0 | 41.0 |
          14.0 |              8.0 |            77.008 | 2.399e-06 |   316238.0 |  7.0 | 41.0 |
          14.0 |              8.0 |            77.118 | 3.883e-07 |   318111.0 |  8.0 | 41.0 |
          14.0 |              8.0 |            85.264 |  0.009102 |   430376.0 |  9.0 | 41.0 |
          14.0 |              8.0 |            90.896 |  0.003822 |   504593.0 | 11.0 | 41.0 |
          14.0 |              8.0 |            93.905 |  0.001365 |   530417.0 | 12.0 | 41.0 |
          14.0 |              8.0 |            94.283 |  0.001805 |   534809.0 | 13.0 | 41.0 |
          14.0 |              8.0 |           562.968 |  7.83e-05 |  1430510.0 | 16.0 | 41.0 |
          14.0 |              8.0 |           570.249 |  5.24e-05 |  1432870.0 | 17.0 | 41.0 |
          14.0 |              8.0 |            636.42 |   0.07962 |  1449990.0 | 19.0 | 41.0 |
          14.0 |              8.0 |           653.185 |   0.05726 |  1453900.0 | 20.0 | 41.0 |
          14.0 |              8.0 |           847.695 |    0.2936 |  1488150.0 | 22.0 | 41.0 |
          14.0 |              8.0 |          2264.749 |  0.000857 |  1569531.0 | 36.0 | 41.0 |
          14.0 |              8.0 |            64.751 |       0.0 |    69169.0 |  2.0 | 42.0 |
          14.0 |              8.0 |            64.765 |       0.0 |    69420.0 |  3.0 | 42.0 |
          14.0 |              8.0 |            66.123 |       0.0 |   105335.0 |  4.0 | 42.0 |
          14.0 |              8.0 |            66.152 |       0.0 |   105880.0 |  5.0 | 42.0 |
          14.0 |              8.0 |             76.84 | 7.997e-06 |   316238.0 |  7.0 | 42.0 |
          14.0 |              8.0 |            76.949 | 2.543e-06 |   318111.0 |  8.0 | 42.0 |
          14.0 |              8.0 |            85.058 | 0.0009189 |   430376.0 |  9.0 | 42.0 |
          14.0 |              8.0 |            90.662 |  0.005503 |   504593.0 | 11.0 | 42.0 |
          14.0 |              8.0 |            93.655 |  0.006189 |   530417.0 | 12.0 | 42.0 |
          14.0 |              8.0 |            94.031 |  0.001988 |   534809.0 | 13.0 | 42.0 |
          14.0 |              8.0 |           561.145 | 0.0002757 |  1432870.0 | 17.0 | 42.0 |
          14.0 |              8.0 |           625.102 |   0.01631 |  1449990.0 | 19.0 | 42.0 |
          14.0 |              8.0 |           641.268 |    0.2275 |  1453900.0 | 20.0 | 42.0 |
          14.0 |              8.0 |           826.979 |     0.457 |  1486710.0 | 21.0 | 42.0 |
          14.0 |              8.0 |           827.732 |    0.1773 |  1488150.0 | 22.0 | 42.0 |
          14.0 |              8.0 |           2127.66 |  0.002047 |  1569531.0 | 36.0 | 42.0 |
          14.0 |              8.0 |            61.896 | 0.0002489 |        0.0 |  1.0 | 43.0 |
          14.0 |              8.0 |            64.665 |  0.001928 |    69169.0 |  2.0 | 43.0 |
          14.0 |              8.0 |            64.675 | 1.356e-06 |    69420.0 |  3.0 | 43.0 |
          14.0 |              8.0 |            66.213 | 6.718e-05 |   105335.0 |  4.0 | 43.0 |
          14.0 |              8.0 |            66.237 | 0.0001841 |   105880.0 |  5.0 | 43.0 |
          14.0 |              8.0 |            77.071 |       0.0 |   318111.0 |  8.0 | 43.0 |
          14.0 |              8.0 |           125.717 | 2.008e-05 |   820173.0 | 14.0 | 43.0 |
          14.0 |              8.0 |           126.632 | 4.226e-07 |   825919.0 | 15.0 | 43.0 |
          14.0 |              8.0 |           933.036 |  0.005389 |  1512719.0 | 23.0 | 43.0 |
          14.0 |              8.0 |           982.174 |    0.5369 |  1513795.0 | 24.0 | 43.0 |
          14.0 |              8.0 |           994.728 |    0.1762 |  1515080.0 | 25.0 | 43.0 |
          14.0 |              8.0 |          1017.501 |  0.008555 |  1517330.0 | 26.0 | 43.0 |
          14.0 |              8.0 |          1250.704 | 2.075e-05 |  1539941.0 | 31.0 | 43.0 |
          14.0 |              8.0 |          1533.013 | 0.0002436 |  1554665.0 | 33.0 | 43.0 |
          14.0 |              8.0 |          1538.059 | 0.0001186 |  1554879.0 | 34.0 | 43.0 |
          14.0 |              8.0 |            61.852 |  0.001077 |        0.0 |  1.0 | 44.0 |
          14.0 |              8.0 |            64.617 |   0.00245 |    69169.0 |  2.0 | 44.0 |
          14.0 |              8.0 |            64.627 |  0.001598 |    69420.0 |  3.0 | 44.0 |
          14.0 |              8.0 |           125.537 | 3.265e-06 |   820173.0 | 14.0 | 44.0 |
          14.0 |              8.0 |           983.574 |    0.8839 |  1515080.0 | 25.0 | 44.0 |
          14.0 |              8.0 |          1005.834 |    0.2003 |  1517330.0 | 26.0 | 44.0 |
          14.0 |              8.0 |          1035.626 |  0.004293 |  1520190.0 | 27.0 | 44.0 |
          14.0 |              8.0 |          1232.878 | 9.463e-05 |  1539941.0 | 31.0 | 44.0 |
          14.0 |              8.0 |          1299.444 | 4.116e-05 |  1544096.0 | 32.0 | 44.0 |
          14.0 |              8.0 |          1506.319 | 0.0001848 |  1554665.0 | 33.0 | 44.0 |
          14.0 |              8.0 |            64.553 |  0.004937 |    69420.0 |  3.0 | 45.0 |
          14.0 |              8.0 |            76.788 |       0.0 |   316238.0 |  7.0 | 45.0 |
          14.0 |              8.0 |           988.191 |      1.32 |  1517330.0 | 26.0 | 45.0 |
          14.0 |              8.0 |          1016.932 |     0.127 |  1520190.0 | 27.0 | 45.0 |
          14.0 |              8.0 |           1271.23 | 0.0001492 |  1544096.0 | 32.0 | 45.0 |
          14.0 |              8.0 |            76.448 |       0.0 |   312657.0 |  6.0 | 46.0 |
          14.0 |              8.0 |           541.668 |       0.0 |  1436120.0 | 18.0 | 46.0 |
          14.0 |              8.0 |            994.58 |     1.803 |  1520190.0 | 27.0 | 46.0 |
          14.0 |              8.0 |            61.223 |   0.03063 |        0.0 |  1.0 | 47.0 |
          14.0 |              8.0 |             63.93 |   0.02436 |    69169.0 |  2.0 | 47.0 |
          14.0 |              8.0 |            63.941 |   0.05739 |    69420.0 |  3.0 | 47.0 |
          14.0 |              8.0 |            65.444 |   0.03769 |   105335.0 |  4.0 | 47.0 |
          14.0 |              8.0 |            65.467 |    0.1483 |   105880.0 |  5.0 | 47.0 |
          14.0 |              8.0 |           122.971 |  0.006917 |   820173.0 | 14.0 | 47.0 |
          14.0 |              8.0 |           123.847 |  0.001433 |   825919.0 | 15.0 | 47.0 |
          14.0 |              8.0 |           850.854 |    0.2352 |  1512719.0 | 23.0 | 47.0 |
          14.0 |              8.0 |           836.295 |   0.01033 |  1513795.0 | 24.0 | 47.0 |
          14.0 |              8.0 |            845.38 |   0.04925 |  1515080.0 | 25.0 | 47.0 |
          14.0 |              8.0 |           861.772 |   0.03666 |  1517330.0 | 26.0 | 47.0 |
          14.0 |              8.0 |           971.685 |    0.1183 |  1527334.0 | 28.0 | 47.0 |
          14.0 |              8.0 |           979.135 |    0.1914 |  1528117.0 | 29.0 | 47.0 |
          14.0 |              8.0 |           998.582 |   0.01094 |  1530106.0 | 30.0 | 47.0 |
          14.0 |              8.0 |          1160.739 |  0.001741 |  1544096.0 | 32.0 | 47.0 |
          14.0 |              8.0 |          1323.049 |    0.0589 |  1554665.0 | 33.0 | 47.0 |
          14.0 |              8.0 |          1326.805 |   0.01353 |  1554879.0 | 34.0 | 47.0 |
          14.0 |              8.0 |          1410.596 |  0.002976 |  1559356.0 | 35.0 | 47.0 |
          14.0 |              8.0 |            61.176 |  0.004927 |        0.0 |  1.0 | 48.0 |
          14.0 |              8.0 |            63.879 |  0.007198 |    69169.0 |  2.0 | 48.0 |
          14.0 |              8.0 |            65.389 |   0.02084 |   105335.0 |  4.0 | 48.0 |
          14.0 |              8.0 |            65.412 |   0.01173 |   105880.0 |  5.0 | 48.0 |
          14.0 |              8.0 |            122.78 | 0.0004054 |   820173.0 | 14.0 | 48.0 |
          14.0 |              8.0 |           123.652 | 0.0008256 |   825919.0 | 15.0 | 48.0 |
          14.0 |              8.0 |           849.365 |   0.04065 |  1512719.0 | 23.0 | 48.0 |
          14.0 |              8.0 |           827.506 |   0.03963 |  1513795.0 | 24.0 | 48.0 |
          14.0 |              8.0 |             836.4 |   0.03305 |  1515080.0 | 25.0 | 48.0 |
          14.0 |              8.0 |           969.744 |    0.2096 |  1527334.0 | 28.0 | 48.0 |
          14.0 |              8.0 |           977.164 |   0.04189 |  1528117.0 | 29.0 | 48.0 |
          14.0 |              8.0 |          1104.814 | 0.0007952 |  1539941.0 | 31.0 | 48.0 |
          14.0 |              8.0 |          1319.453 |  0.002731 |  1554665.0 | 33.0 | 48.0 |
          14.0 |              8.0 |          1323.189 |  0.006819 |  1554879.0 | 34.0 | 48.0 |
          14.0 |              8.0 |          1406.509 | 0.0003659 |  1559356.0 | 35.0 | 48.0 |
          14.0 |              8.0 |            61.286 |   0.09719 |        0.0 |  1.0 | 49.0 |
          14.0 |              8.0 |            64.121 |  0.005191 |    69169.0 |  2.0 | 49.0 |
          14.0 |              8.0 |            64.136 | 0.0007311 |    69420.0 |  3.0 | 49.0 |
          14.0 |              8.0 |            65.495 |   4.1e-06 |   105880.0 |  5.0 | 49.0 |
          14.0 |              8.0 |           895.311 |   0.05249 |  1515080.0 | 25.0 | 49.0 |
          14.0 |              8.0 |           913.059 |    0.1855 |  1517330.0 | 26.0 | 49.0 |
          14.0 |              8.0 |           938.227 |    0.0508 |  1520190.0 | 27.0 | 49.0 |
          14.0 |              8.0 |           965.493 |    0.6421 |  1528117.0 | 29.0 | 49.0 |
          14.0 |              8.0 |           984.397 |    0.1901 |  1530106.0 | 30.0 | 49.0 |
          14.0 |              8.0 |          1089.918 |  0.001285 |  1539941.0 | 31.0 | 49.0 |
          14.0 |              8.0 |          1141.618 |  0.001183 |  1544096.0 | 32.0 | 49.0 |
          14.0 |              8.0 |          1382.457 |  0.005517 |  1559356.0 | 35.0 | 49.0 |
          14.0 |              8.0 |            64.089 |  0.007333 |    69420.0 |  3.0 | 50.0 |
          14.0 |              8.0 |            75.686 |       0.0 |   312657.0 |  6.0 | 50.0 |
          14.0 |              8.0 |             75.89 |       0.0 |   316238.0 |  7.0 | 50.0 |
          14.0 |              8.0 |           903.791 |   0.04115 |  1517330.0 | 26.0 | 50.0 |
          14.0 |              8.0 |           928.445 |    0.4077 |  1520190.0 | 27.0 | 50.0 |
          14.0 |              8.0 |           973.634 |     1.053 |  1530106.0 | 30.0 | 50.0 |
          14.0 |              8.0 |          1127.167 | 0.0003706 |  1544096.0 | 32.0 | 50.0 |
          14.0 |              8.0 |          1929.198 |  0.001032 |  1580979.0 | 38.0 | 50.0 |
          14.0 |              8.0 |            61.241 |  0.005863 |        0.0 |  1.0 | 51.0 |
          14.0 |              8.0 |            64.072 |   0.05976 |    69169.0 |  2.0 | 51.0 |
          14.0 |              8.0 |            64.086 |   0.07441 |    69420.0 |  3.0 | 51.0 |
          14.0 |              8.0 |            65.415 |   0.06506 |   105335.0 |  4.0 | 51.0 |
          14.0 |              8.0 |            65.443 |    0.2373 |   105880.0 |  5.0 | 51.0 |
          14.0 |              8.0 |           127.367 |   0.01091 |   820173.0 | 14.0 | 51.0 |
          14.0 |              8.0 |            128.29 |  0.002263 |   825919.0 | 15.0 | 51.0 |
          14.0 |              8.0 |           832.078 |    0.2242 |  1512719.0 | 23.0 | 51.0 |
          14.0 |              8.0 |           875.864 |   0.02393 |  1513795.0 | 24.0 | 51.0 |
          14.0 |              8.0 |           885.724 |    0.0191 |  1515080.0 | 25.0 | 51.0 |
          14.0 |              8.0 |           903.089 |    0.0226 |  1517330.0 | 26.0 | 51.0 |
          14.0 |              8.0 |           947.275 |    0.1517 |  1527334.0 | 28.0 | 51.0 |
          14.0 |              8.0 |           954.353 |    0.1128 |  1528117.0 | 29.0 | 51.0 |
          14.0 |              8.0 |           972.819 |   0.01057 |  1530106.0 | 30.0 | 51.0 |
          14.0 |              8.0 |          1075.743 |   0.00204 |  1539941.0 | 31.0 | 51.0 |
          14.0 |              8.0 |            1278.2 |    0.1189 |  1554665.0 | 33.0 | 51.0 |
          14.0 |              8.0 |          1281.706 |   0.02395 |  1554879.0 | 34.0 | 51.0 |
          14.0 |              8.0 |            63.948 |   0.04435 |    69169.0 |  2.0 | 52.0 |
          14.0 |              8.0 |            65.286 |    0.1852 |   105335.0 |  4.0 | 52.0 |
          14.0 |              8.0 |            65.314 |    0.1019 |   105880.0 |  5.0 | 52.0 |
          14.0 |              8.0 |           126.879 |  0.003364 |   820173.0 | 14.0 | 52.0 |
          14.0 |              8.0 |           127.795 |  0.006929 |   825919.0 | 15.0 | 52.0 |
          14.0 |              8.0 |           811.682 |     0.162 |  1512719.0 | 23.0 | 52.0 |
          14.0 |              8.0 |           862.649 |  0.003112 |  1515080.0 | 25.0 | 52.0 |
          14.0 |              8.0 |           920.929 |   0.04735 |  1527334.0 | 28.0 | 52.0 |
          14.0 |              8.0 |           927.618 |  0.005584 |  1528117.0 | 29.0 | 52.0 |
          14.0 |              8.0 |          1041.895 |   0.00157 |  1539941.0 | 31.0 | 52.0 |
          14.0 |              8.0 |          1230.693 |   0.03626 |  1554665.0 | 33.0 | 52.0 |
          14.0 |              8.0 |          1233.943 |   0.08738 |  1554879.0 | 34.0 | 52.0 |
          14.0 |              8.0 |            61.198 |  0.005758 |        0.0 |  1.0 | 53.0 |
          14.0 |              8.0 |            63.903 |    0.5871 |    69169.0 |  2.0 | 53.0 |
          14.0 |              8.0 |            63.913 |   0.04958 |    69420.0 |  3.0 | 53.0 |
          14.0 |              8.0 |            65.438 |   0.00538 |   105880.0 |  5.0 | 53.0 |
          14.0 |              8.0 |           840.619 |  0.001453 |  1515080.0 | 25.0 | 53.0 |
          14.0 |              8.0 |           856.825 |  0.001541 |  1517330.0 | 26.0 | 53.0 |
          14.0 |              8.0 |           993.878 |    0.9271 |  1539941.0 | 31.0 | 53.0 |
          14.0 |              8.0 |          1036.688 |   0.07003 |  1544096.0 | 32.0 | 53.0 |
          14.0 |              8.0 |          1650.764 |   0.04184 |  1579979.0 | 37.0 | 53.0 |
          14.0 |              8.0 |             61.07 |     2.905 |        0.0 |  1.0 | 54.0 |
          14.0 |              8.0 |            63.763 | 0.0002844 |    69169.0 |  2.0 | 54.0 |
          14.0 |              8.0 |            63.773 |  0.001896 |    69420.0 |  3.0 | 54.0 |
          14.0 |              8.0 |            65.292 | 0.0003186 |   105880.0 |  5.0 | 54.0 |
          14.0 |              8.0 |           832.362 |  0.005656 |  1517330.0 | 26.0 | 54.0 |
          14.0 |              8.0 |            852.66 |   0.02328 |  1520190.0 | 27.0 | 54.0 |
          14.0 |              8.0 |           866.724 |    0.0971 |  1528117.0 | 29.0 | 54.0 |
          14.0 |              8.0 |           881.928 |      0.51 |  1530106.0 | 30.0 | 54.0 |
          14.0 |              8.0 |          1006.056 |  0.009513 |  1544096.0 | 32.0 | 54.0 |
          14.0 |              8.0 |          1188.524 |    0.4304 |  1559356.0 | 35.0 | 54.0 |
          14.0 |              8.0 |            63.732 |    0.8452 |    69420.0 |  3.0 | 55.0 |
          14.0 |              8.0 |           825.355 |   0.00229 |  1517330.0 | 26.0 | 55.0 |
          14.0 |              8.0 |           845.309 |  0.008151 |  1520190.0 | 27.0 | 55.0 |
          14.0 |              8.0 |           991.896 |     1.309 |  1544096.0 | 32.0 | 55.0 |
          14.0 |              8.0 |          1564.113 |   0.07312 |  1580979.0 | 38.0 | 55.0 |
          14.0 |              8.0 |            61.019 |     1.965 |        0.0 |  1.0 | 56.0 |
          14.0 |              8.0 |            63.718 |  0.001386 |    69420.0 |  3.0 | 56.0 |
          14.0 |              8.0 |            65.211 | 0.0002049 |   105335.0 |  4.0 | 56.0 |
          14.0 |              8.0 |            65.234 | 0.0002617 |   105880.0 |  5.0 | 56.0 |
          14.0 |              8.0 |           849.762 |    0.1137 |  1527334.0 | 28.0 | 56.0 |
          14.0 |              8.0 |           855.454 |   0.06936 |  1528117.0 | 29.0 | 56.0 |
          14.0 |              8.0 |           870.261 |    0.2003 |  1530106.0 | 30.0 | 56.0 |
          14.0 |              8.0 |          1167.433 |     0.325 |  1559356.0 | 35.0 | 56.0 |
          14.0 |              8.0 |            60.989 |    0.9947 |        0.0 |  1.0 | 57.0 |
          14.0 |              8.0 |            63.675 | 0.0001158 |    69169.0 |  2.0 | 57.0 |
          14.0 |              8.0 |            65.176 | 1.525e-05 |   105335.0 |  4.0 | 57.0 |
          14.0 |              8.0 |            65.199 | 0.0001483 |   105880.0 |  5.0 | 57.0 |
          14.0 |              8.0 |            844.06 |   0.02257 |  1527334.0 | 28.0 | 57.0 |
          14.0 |              8.0 |           849.675 |    0.1617 |  1528117.0 | 29.0 | 57.0 |
          14.0 |              8.0 |          1156.698 |    0.1748 |  1559356.0 | 35.0 | 57.0 |
          14.0 |              8.0 |             62.79 |       0.0 |    69169.0 |  2.0 | 58.0 |
          14.0 |              8.0 |            62.803 |       0.0 |    69420.0 |  3.0 | 58.0 |
          14.0 |              8.0 |            64.106 |       0.0 |   105880.0 |  5.0 | 58.0 |
          14.0 |              8.0 |            74.093 |  1.07e-07 |   316238.0 |  7.0 | 58.0 |
          14.0 |              8.0 |            74.195 | 9.175e-08 |   318111.0 |  8.0 | 58.0 |
          14.0 |              8.0 |            81.706 |  0.002764 |   430376.0 |  9.0 | 58.0 |
          14.0 |              8.0 |            86.863 |  0.002094 |   504593.0 | 11.0 | 58.0 |
          14.0 |              8.0 |            89.607 | 0.0002606 |   530417.0 | 12.0 | 58.0 |
          14.0 |              8.0 |            89.951 | 0.0005717 |   534809.0 | 13.0 | 58.0 |
          14.0 |              8.0 |           437.229 | 8.648e-06 |  1430510.0 | 16.0 | 58.0 |
          14.0 |              8.0 |           441.608 | 1.657e-05 |  1432870.0 | 17.0 | 58.0 |
          14.0 |              8.0 |            480.28 |   0.01426 |  1449990.0 | 19.0 | 58.0 |
          14.0 |              8.0 |           489.766 |  0.009159 |  1453900.0 | 20.0 | 58.0 |
          14.0 |              8.0 |           591.541 |  0.003014 |  1488150.0 | 22.0 | 58.0 |
          14.0 |              8.0 |          1050.001 |    0.3236 |  1569531.0 | 36.0 | 58.0 |
          14.0 |              8.0 |          2896.787 | 0.0001752 |  1633370.0 | 47.0 | 58.0 |
          14.0 |              8.0 |          2914.177 | 0.0001057 |  1634640.0 | 48.0 | 58.0 |
          14.0 |              8.0 |          3137.846 | 0.0002459 |  1632900.0 | 51.0 | 58.0 |
          14.0 |              8.0 |          3466.325 | 0.0007738 |  1635920.0 | 52.0 | 58.0 |
          14.0 |              8.0 |            62.789 |       0.0 |    69169.0 |  2.0 | 59.0 |
          14.0 |              8.0 |            64.079 |       0.0 |   105335.0 |  4.0 | 59.0 |
          14.0 |              8.0 |            73.899 | 3.032e-06 |   312657.0 |  6.0 | 59.0 |
          14.0 |              8.0 |            81.705 |  0.000489 |   430376.0 |  9.0 | 59.0 |
          14.0 |              8.0 |            89.606 | 0.0007611 |   530417.0 | 12.0 | 59.0 |
          14.0 |              8.0 |           437.222 | 1.913e-05 |  1430510.0 | 16.0 | 59.0 |
          14.0 |              8.0 |           441.601 | 4.385e-05 |  1432870.0 | 17.0 | 59.0 |
          14.0 |              8.0 |           448.191 | 6.587e-06 |  1436120.0 | 18.0 | 59.0 |
          14.0 |              8.0 |            480.27 |  0.005729 |  1449990.0 | 19.0 | 59.0 |
          14.0 |              8.0 |           489.757 |   0.03617 |  1453900.0 | 20.0 | 59.0 |
          14.0 |              8.0 |           591.142 |  0.004378 |  1486710.0 | 21.0 | 59.0 |
          14.0 |              8.0 |           591.527 |  0.003594 |  1488150.0 | 22.0 | 59.0 |
          14.0 |              8.0 |          1049.957 |    0.6468 |  1569531.0 | 36.0 | 59.0 |
          14.0 |              8.0 |          2896.452 |  0.000822 |  1633370.0 | 47.0 | 59.0 |
          14.0 |              8.0 |          3137.452 |  0.001265 |  1632900.0 | 51.0 | 59.0 |
          14.0 |              8.0 |          3465.844 | 0.0004439 |  1635920.0 | 52.0 | 59.0 |
          14.0 |              8.0 |            60.266 |  4.27e-05 |        0.0 |  1.0 | 60.0 |
          14.0 |              8.0 |            62.887 |    0.4179 |    69169.0 |  2.0 | 60.0 |
          14.0 |              8.0 |            62.897 |   0.08461 |    69420.0 |  3.0 | 60.0 |
          14.0 |              8.0 |            64.351 |    0.7006 |   105335.0 |  4.0 | 60.0 |
          14.0 |              8.0 |            64.373 |    0.2271 |   105880.0 |  5.0 | 60.0 |
          14.0 |              8.0 |           119.169 |  0.002099 |   820173.0 | 14.0 | 60.0 |
          14.0 |              8.0 |            119.99 |  0.008164 |   825919.0 | 15.0 | 60.0 |
          14.0 |              8.0 |           777.357 |    0.1348 |  1539941.0 | 31.0 | 60.0 |
          14.0 |              8.0 |           803.303 |   0.01113 |  1544096.0 | 32.0 | 60.0 |
          14.0 |              8.0 |           877.832 |    0.1048 |  1554665.0 | 33.0 | 60.0 |
          14.0 |              8.0 |           879.484 |    0.4125 |  1554879.0 | 34.0 | 60.0 |
          14.0 |              8.0 |          1584.083 |   0.02831 |  1605454.0 | 40.0 | 60.0 |
          14.0 |              8.0 |          1821.626 |   0.03489 |  1613686.0 | 41.0 | 60.0 |
          14.0 |              8.0 |            60.223 | 0.0002529 |        0.0 |  1.0 | 61.0 |
          14.0 |              8.0 |            62.841 |    0.3648 |    69169.0 |  2.0 | 61.0 |
          14.0 |              8.0 |            62.851 |    0.9501 |    69420.0 |  3.0 | 61.0 |
          14.0 |              8.0 |            64.325 |    0.9667 |   105880.0 |  5.0 | 61.0 |
          14.0 |              8.0 |           119.003 |   0.01259 |   820173.0 | 14.0 | 61.0 |
          14.0 |              8.0 |           717.381 |  0.003533 |  1530106.0 | 30.0 | 61.0 |
          14.0 |              8.0 |           771.837 |   0.01108 |  1539941.0 | 31.0 | 61.0 |
          14.0 |              8.0 |            797.41 |    0.1567 |  1544096.0 | 32.0 | 61.0 |
          14.0 |              8.0 |           870.799 |    0.8115 |  1554665.0 | 33.0 | 61.0 |
          14.0 |              8.0 |          1556.541 |   0.06771 |  1605257.0 | 39.0 | 61.0 |
          14.0 |              8.0 |          1561.329 |   0.02382 |  1605454.0 | 40.0 | 61.0 |
          14.0 |              8.0 |          1887.825 |   0.03784 |  1616531.0 | 42.0 | 61.0 |
          14.0 |              8.0 |            62.071 |   0.04612 |    69420.0 |  3.0 | 62.0 |
          14.0 |              8.0 |             80.47 |       0.0 |   430376.0 |  9.0 | 62.0 |
          14.0 |              8.0 |           717.041 | 0.0009442 |  1544096.0 | 32.0 | 62.0 |
          14.0 |              8.0 |           965.447 |     1.469 |  1579979.0 | 37.0 | 62.0 |
          14.0 |              8.0 |           974.858 |   0.01854 |  1580979.0 | 38.0 | 62.0 |
          14.0 |              8.0 |          1277.123 |  0.004331 |  1605257.0 | 39.0 | 62.0 |
          14.0 |              8.0 |            80.448 |       0.0 |   430356.0 | 10.0 | 63.0 |
          14.0 |              8.0 |           531.079 |       0.0 |  1486710.0 | 21.0 | 63.0 |
          14.0 |              8.0 |           629.731 | 2.246e-05 |  1520190.0 | 27.0 | 63.0 |
          14.0 |              8.0 |           971.572 |     1.857 |  1580979.0 | 38.0 | 63.0 |
          14.0 |              8.0 |            59.314 | 0.0001347 |        0.0 |  1.0 | 64.0 |
          14.0 |              8.0 |            61.851 |    0.8868 |    69169.0 |  2.0 | 64.0 |
          14.0 |              8.0 |            61.861 |    0.1047 |    69420.0 |  3.0 | 64.0 |
          14.0 |              8.0 |            63.267 |    0.5627 |   105335.0 |  4.0 | 64.0 |
          14.0 |              8.0 |            63.288 |   0.04061 |   105880.0 |  5.0 | 64.0 |
          14.0 |              8.0 |           115.503 |  0.002764 |   820173.0 | 14.0 | 64.0 |
          14.0 |              8.0 |           116.275 |   0.01497 |   825919.0 | 15.0 | 64.0 |
          14.0 |              8.0 |           648.559 |     0.164 |  1539941.0 | 31.0 | 64.0 |
          14.0 |              8.0 |            666.52 |   0.02553 |  1544096.0 | 32.0 | 64.0 |
          14.0 |              8.0 |           717.031 |  0.008899 |  1554665.0 | 33.0 | 64.0 |
          14.0 |              8.0 |           718.133 |   0.03048 |  1554879.0 | 34.0 | 64.0 |
          14.0 |              8.0 |            876.04 |    0.0655 |  1579979.0 | 37.0 | 64.0 |
          14.0 |              8.0 |          1125.214 |    0.0276 |  1605257.0 | 39.0 | 64.0 |
          14.0 |              8.0 |          1127.714 |    0.2276 |  1605454.0 | 40.0 | 64.0 |
          14.0 |              8.0 |          1243.116 |    0.1582 |  1613686.0 | 41.0 | 64.0 |
          14.0 |              8.0 |          1288.693 |   0.01055 |  1616531.0 | 42.0 | 64.0 |
          14.0 |              8.0 |            59.354 | 0.0006063 |        0.0 |  1.0 | 65.0 |
          14.0 |              8.0 |            61.895 |     1.277 |    69169.0 |  2.0 | 65.0 |
          14.0 |              8.0 |            61.905 |      1.36 |    69420.0 |  3.0 | 65.0 |
          14.0 |              8.0 |            63.334 |    0.3948 |   105880.0 |  5.0 | 65.0 |
          14.0 |              8.0 |           115.655 |   0.01582 |   820173.0 | 14.0 | 65.0 |
          14.0 |              8.0 |           647.966 |   0.02196 |  1539941.0 | 31.0 | 65.0 |
          14.0 |              8.0 |           665.894 |    0.1564 |  1544096.0 | 32.0 | 65.0 |
          14.0 |              8.0 |           716.307 |    0.0296 |  1554665.0 | 33.0 | 65.0 |
          14.0 |              8.0 |            874.96 |   0.07275 |  1579979.0 | 37.0 | 65.0 |
          14.0 |              8.0 |           882.683 |    0.1032 |  1580979.0 | 38.0 | 65.0 |
          14.0 |              8.0 |          1123.431 |     0.319 |  1605257.0 | 39.0 | 65.0 |
          14.0 |              8.0 |          1125.923 |    0.2548 |  1605454.0 | 40.0 | 65.0 |
          14.0 |              8.0 |          1286.356 |   0.09703 |  1616531.0 | 42.0 | 65.0 |
          14.0 |              8.0 |            61.914 |     5.062 |    69420.0 |  3.0 | 66.0 |
          14.0 |              8.0 |           664.743 |  0.009951 |  1544096.0 | 32.0 | 66.0 |
          14.0 |              8.0 |           880.662 |    0.4325 |  1580979.0 | 38.0 | 66.0 |
          14.0 |              8.0 |           1120.16 |    0.9264 |  1605257.0 | 39.0 | 66.0 |
          14.0 |              8.0 |            59.257 | 0.0004561 |        0.0 |  1.0 | 67.0 |
          14.0 |              8.0 |             61.79 |     2.068 |    69169.0 |  2.0 | 67.0 |
          14.0 |              8.0 |            61.799 |   0.06286 |    69420.0 |  3.0 | 67.0 |
          14.0 |              8.0 |            63.224 |     1.056 |   105880.0 |  5.0 | 67.0 |
          14.0 |              8.0 |           115.289 |   0.01586 |   820173.0 | 14.0 | 67.0 |
          14.0 |              8.0 |           656.599 |    0.1433 |  1544096.0 | 32.0 | 67.0 |
          14.0 |              8.0 |           705.562 |  0.006867 |  1554665.0 | 33.0 | 67.0 |
          14.0 |              8.0 |           858.981 |    0.2359 |  1579979.0 | 37.0 | 67.0 |
          14.0 |              8.0 |           866.423 |   0.01351 |  1580979.0 | 38.0 | 67.0 |
          14.0 |              8.0 |          1097.225 |   0.02516 |  1605257.0 | 39.0 | 67.0 |
          14.0 |              8.0 |          1099.602 |    0.3625 |  1605454.0 | 40.0 | 67.0 |
          14.0 |              8.0 |          1252.113 |    0.2565 |  1616531.0 | 42.0 | 67.0 |
          14.0 |              8.0 |            58.942 | 0.0001115 |        0.0 |  1.0 | 68.0 |
          14.0 |              8.0 |            61.447 |    0.2194 |    69169.0 |  2.0 | 68.0 |
          14.0 |              8.0 |            62.843 |    0.3336 |   105335.0 |  4.0 | 68.0 |
          14.0 |              8.0 |            62.865 |    0.1009 |   105880.0 |  5.0 | 68.0 |
          14.0 |              8.0 |           114.101 |  0.002326 |   820173.0 | 14.0 | 68.0 |
          14.0 |              8.0 |           114.854 |  0.005079 |   825919.0 | 15.0 | 68.0 |
          14.0 |              8.0 |           522.758 |   0.01694 |  1512719.0 | 23.0 | 68.0 |
          14.0 |              8.0 |           566.001 | 0.0005484 |  1527334.0 | 28.0 | 68.0 |
          14.0 |              8.0 |           609.492 |   0.04959 |  1539941.0 | 31.0 | 68.0 |
          14.0 |              8.0 |           669.582 |   0.01874 |  1554665.0 | 33.0 | 68.0 |
          14.0 |              8.0 |           670.542 |   0.03739 |  1554879.0 | 34.0 | 68.0 |
          14.0 |              8.0 |          1014.631 |   0.08166 |  1605454.0 | 40.0 | 68.0 |
          14.0 |              8.0 |          1107.101 |    0.1401 |  1613686.0 | 41.0 | 68.0 |
          14.0 |              8.0 |          1143.105 |   0.03706 |  1616531.0 | 42.0 | 68.0 |
          14.0 |              8.0 |            58.888 | 0.0006308 |        0.0 |  1.0 | 69.0 |
          14.0 |              8.0 |            61.388 |  0.009344 |    69169.0 |  2.0 | 69.0 |
          14.0 |              8.0 |            61.398 |    0.2795 |    69420.0 |  3.0 | 69.0 |
          14.0 |              8.0 |            62.782 |    0.1497 |   105335.0 |  4.0 | 69.0 |
          14.0 |              8.0 |           113.898 |   0.01406 |   820173.0 | 14.0 | 69.0 |
          14.0 |              8.0 |           114.649 |  0.002512 |   825919.0 | 15.0 | 69.0 |
          14.0 |              8.0 |           519.302 |   0.02836 |  1512719.0 | 23.0 | 69.0 |
          14.0 |              8.0 |           570.845 |  0.001549 |  1530106.0 | 30.0 | 69.0 |
          14.0 |              8.0 |             604.8 |  0.008988 |  1539941.0 | 31.0 | 69.0 |
          14.0 |              8.0 |            620.39 |   0.09119 |  1544096.0 | 32.0 | 69.0 |
          14.0 |              8.0 |           663.922 |   0.09691 |  1554665.0 | 33.0 | 69.0 |
          14.0 |              8.0 |           664.867 |   0.03187 |  1554879.0 | 34.0 | 69.0 |
          14.0 |              8.0 |            999.72 |   0.09582 |  1605257.0 | 39.0 | 69.0 |
          14.0 |              8.0 |          1091.715 |   0.06887 |  1613686.0 | 41.0 | 69.0 |
          14.0 |              8.0 |           1126.71 |    0.3352 |  1616531.0 | 42.0 | 69.0 |
          14.0 |              8.0 |            58.696 | 0.0002213 |        0.0 |  1.0 | 70.0 |
          14.0 |              8.0 |             61.18 |  0.008421 |    69169.0 |  2.0 | 70.0 |
          14.0 |              8.0 |            62.564 |    0.1482 |   105335.0 |  4.0 | 70.0 |
          14.0 |              8.0 |            62.586 |    0.3529 |   105880.0 |  5.0 | 70.0 |
          14.0 |              8.0 |           113.184 |  0.002411 |   820173.0 | 14.0 | 70.0 |
          14.0 |              8.0 |           113.925 | 0.0007922 |   825919.0 | 15.0 | 70.0 |
          14.0 |              8.0 |           634.836 |   0.08638 |  1554665.0 | 33.0 | 70.0 |
          14.0 |              8.0 |             635.7 |   0.03733 |  1554879.0 | 34.0 | 70.0 |
          14.0 |              8.0 |           936.926 |   0.00896 |  1605454.0 | 40.0 | 70.0 |
          14.0 |              8.0 |          1015.228 |    0.0876 |  1613686.0 | 41.0 | 70.0 |
          14.0 |              8.0 |          1045.424 |    0.1751 |  1616531.0 | 42.0 | 70.0 |
          14.0 |              8.0 |            56.661 | 7.016e-05 |        0.0 |  1.0 | 71.0 |
          14.0 |              8.0 |            59.076 |   0.02178 |    69169.0 |  2.0 | 71.0 |
          14.0 |              8.0 |            59.088 |   0.03214 |    69420.0 |  3.0 | 71.0 |
          14.0 |              8.0 |            60.239 |     1.336 |   105880.0 |  5.0 | 71.0 |
          14.0 |              8.0 |           109.036 |   0.02165 |   820173.0 | 14.0 | 71.0 |
          14.0 |              8.0 |           452.901 |  0.002965 |  1544096.0 | 32.0 | 71.0 |
          14.0 |              8.0 |           543.726 |   0.00556 |  1580979.0 | 38.0 | 71.0 |
          14.0 |              8.0 |           626.417 |  0.007329 |  1605257.0 | 39.0 | 71.0 |
          14.0 |              8.0 |           674.018 |   0.03097 |  1616531.0 | 42.0 | 71.0 |
          14.0 |              8.0 |           998.781 |     1.052 |  1664773.0 | 59.0 | 71.0 |
          14.0 |              8.0 |            59.046 |   0.00997 |    69169.0 |  2.0 | 72.0 |
          14.0 |              8.0 |            59.058 |  0.002383 |    69420.0 |  3.0 | 72.0 |
          14.0 |              8.0 |            60.185 |    0.8271 |   105335.0 |  4.0 | 72.0 |
          14.0 |              8.0 |            60.209 |    0.1692 |   105880.0 |  5.0 | 72.0 |
          14.0 |              8.0 |           108.936 |   0.00238 |   820173.0 | 14.0 | 72.0 |
          14.0 |              8.0 |            109.61 |   0.01281 |   825919.0 | 15.0 | 72.0 |
          14.0 |              8.0 |           442.868 |  0.002207 |  1539941.0 | 31.0 | 72.0 |
          14.0 |              8.0 |            538.32 |  0.003883 |  1579979.0 | 37.0 | 72.0 |
          14.0 |              8.0 |           623.877 |  0.004562 |  1605454.0 | 40.0 | 72.0 |
          14.0 |              8.0 |           657.652 |   0.01919 |  1613686.0 | 41.0 | 72.0 |
          14.0 |              8.0 |           670.192 |  0.002006 |  1616531.0 | 42.0 | 72.0 |
          14.0 |              8.0 |           990.364 |    0.5881 |  1664769.0 | 58.0 | 72.0 |
          14.0 |              8.0 |           990.403 |     0.119 |  1664773.0 | 59.0 | 72.0 |
%CHIANTI