 Atomic Number | Ionization State | Wavelength (Ang.) |               g_i*f_ik |         E_i(cm^-1) |     i |     j |
          22.0 |              1.0 | 2264.716064453125 |    0.12302687019109726 |                0.0 | 333.0 | 666.0 |
          22.0 |              1.0 | 2277.405029296875 |     0.5011872053146362 | 170.13279724121094 | 333.0 | 666.0 |
          22.0 |              1.0 |   2280.6708984375 |     0.5128613710403442 |  386.8739929199219 | 333.0 | 666.0 |
          22.0 |              1.0 |  2300.56591796875 |     0.2754228711128235 |                0.0 | 333.0 | 666.0 |
          22.0 |              1.0 | 2303.445068359375 |     0.3162277638912201 | 170.13279724121094 | 333.0 | 666.0 |
          22.0 |              1.0 | 2306.384033203125 |    0.37153521180152893 |  386.8739929199219 | 333.0 | 666.0 |
          22.0 |              1.0 | 2385.243896484375 |     0.0537031814455986 |  386.8739929199219 | 333.0 | 666.0 |
          22.0 |              1.0 | 2419.096923828125 |   0.052480749785900116 |                0.0 | 333.0 | 666.0 |
          22.0 |              1.0 |   2422.0400390625 |    0.07943282276391983 | 170.13279724121094 | 333.0 | 666.0 |
          22.0 |              1.0 | 2424.990966796875 |    0.13489629328250885 |  386.8739929199219 | 333.0 | 666.0 |
          22.0 |              1.0 | 2428.950927734375 |    0.04786300286650658 |                0.0 | 333.0 | 666.0 |
          22.0 |              1.0 | 2441.719970703125 |    0.07079458236694336 |  386.8739929199219 | 333.0 | 666.0 |
          22.0 |              1.0 | 2519.782958984375 |    0.02818383276462555 |                0.0 | 333.0 | 666.0 |
          22.0 |              1.0 | 2521.300048828125 |    0.10964782536029816 |                0.0 | 333.0 | 666.0 |
          22.0 |              1.0 | 2528.744873046875 |    0.04570881649851799 | 170.13279724121094 | 333.0 | 666.0 |
          22.0 |              1.0 | 2530.632080078125 |    0.18197007477283478 | 170.13279724121094 | 333.0 | 666.0 |
          22.0 |              1.0 | 2542.671142578125 |     0.2951209545135498 |  386.8739929199219 | 333.0 | 666.0 |
          22.0 |              1.0 | 2591.030029296875 |   0.033113110810518265 | 170.13279724121094 | 333.0 | 666.0 |
          22.0 |              1.0 |    2594.416015625 |   0.048977889120578766 |                0.0 | 333.0 | 666.0 |
          22.0 |              1.0 |  2597.35986328125 |    0.06309572607278824 | 170.13279724121094 | 333.0 | 666.0 |
          22.0 |              1.0 |  2600.68115234375 |     0.3388441503047943 |                0.0 | 333.0 | 666.0 |
          22.0 |              1.0 | 2605.910888671875 |     0.4570881724357605 | 170.13279724121094 | 333.0 | 666.0 |
          22.0 |              1.0 | 2612.065185546875 |     0.5888436436653137 |  386.8739929199219 | 333.0 | 666.0 |
          22.0 |              1.0 |   2612.2490234375 |    0.16982437670230865 | 170.13279724121094 | 333.0 | 666.0 |
          22.0 |              1.0 |   2620.7158203125 |    0.15135613083839417 |  386.8739929199219 | 333.0 | 666.0 |
          22.0 |              1.0 | 2632.309814453125 |    0.12302687019109726 | 170.13279724121094 | 333.0 | 666.0 |
          22.0 |              1.0 | 2633.196044921875 |     0.1412537395954132 |                0.0 | 333.0 | 666.0 |
          22.0 |              1.0 |   2641.8740234375 |     0.5623413324356079 |                0.0 | 333.0 | 666.0 |
          22.0 |              1.0 |    2645.041015625 |     0.7413102388381958 | 170.13279724121094 | 333.0 | 666.0 |
          22.0 |              1.0 |   2647.4130859375 |     1.0964782238006592 |  386.8739929199219 | 333.0 | 666.0 |
          22.0 |              1.0 |  2657.97705078125 |   0.023988328874111176 |                0.0 | 333.0 | 666.0 |
          22.0 |              1.0 |   2662.7509765625 |     0.0660693496465683 |                0.0 | 333.0 | 666.0 |
          22.0 |              1.0 |    2670.380859375 |    0.09549926221370697 | 170.13279724121094 | 333.0 | 666.0 |
          22.0 |              1.0 | 2680.705810546875 |    0.15488165616989136 |  386.8739929199219 | 333.0 | 666.0 |
          22.0 |              1.0 |  2734.06201171875 |     1.0715192556381226 |         8602.34375 | 333.0 | 666.0 |
          22.0 |              1.0 | 2736.093994140625 |     0.4570881724357605 |        8492.421875 | 333.0 | 666.0 |
          22.0 |              1.0 |  2912.93603515625 |     1.1481536626815796 |   7255.35498046875 | 333.0 | 666.0 |
          22.0 |              1.0 | 2934.385986328125 |    0.08709637075662613 |                0.0 | 333.0 | 666.0 |
          22.0 |              1.0 |   2938.1630859375 |    0.08912510424852371 | 170.13279724121094 | 333.0 | 666.0 |
          22.0 |              1.0 | 2942.855224609375 |     0.6456542611122131 |                0.0 | 333.0 | 666.0 |
          22.0 |              1.0 |  2949.10400390625 |     0.8511380553245544 | 170.13279724121094 | 333.0 | 666.0 |
          22.0 |              1.0 | 2956.987060546875 |     1.1481536626815796 |  386.8739929199219 | 333.0 | 666.0 |
          22.0 |              1.0 |  2957.64599609375 |      0.117489755153656 | 170.13279724121094 | 333.0 | 666.0 |
          22.0 |              1.0 | 2968.091064453125 |     0.1023292988538742 |  386.8739929199219 | 333.0 | 666.0 |
          22.0 |              1.0 |     2971.24609375 |   0.048977889120578766 |                0.0 | 333.0 | 666.0 |
          22.0 |              1.0 |  2982.34326171875 |   0.008709637448191643 | 170.13279724121094 | 333.0 | 666.0 |
          22.0 |              1.0 | 2984.175048828125 |     0.1023292988538742 | 170.13279724121094 | 333.0 | 666.0 |
          22.0 |              1.0 |    3001.740234375 |    0.14454399049282074 |  386.8739929199219 | 333.0 | 666.0 |
          22.0 |              1.0 |  3187.37255859375 |     0.8511380553245544 |                0.0 | 333.0 | 666.0 |
          22.0 |              1.0 |    3192.916015625 |       1.17489755153656 | 170.13279724121094 | 333.0 | 666.0 |
          22.0 |              1.0 |     3200.83984375 |     1.5848932266235352 |  386.8739929199219 | 333.0 | 666.0 |
          22.0 |              1.0 | 3204.751220703125 |    0.07762470841407776 | 170.13279724121094 | 333.0 | 666.0 |
          22.0 |              1.0 | 3207.263427734375 |     0.2818382978439331 |     16267.48046875 | 333.0 | 666.0 |
          22.0 |              1.0 | 3207.748779296875 |    0.37153521180152893 |    16106.076171875 | 333.0 | 666.0 |
          22.0 |              1.0 | 3208.820556640625 |     0.3548133969306946 |    15975.630859375 | 333.0 | 666.0 |
          22.0 |              1.0 | 3209.948974609375 |    0.17782793939113617 |   15877.0810546875 | 333.0 | 666.0 |
          22.0 |              1.0 | 3215.165771484375 |    0.09120108932256699 |  386.8739929199219 | 333.0 | 666.0 |
          22.0 |              1.0 | 3218.867431640625 |     0.9772372245788574 |   15877.0810546875 | 333.0 | 666.0 |
          22.0 |              1.0 |     3220.13671875 |     1.0232930183410645 |    15975.630859375 | 333.0 | 666.0 |
          22.0 |              1.0 |   3222.3076171875 |     1.6595869064331055 |    16106.076171875 | 333.0 | 666.0 |
          22.0 |              1.0 |   3224.4423828125 |     2.1877615451812744 |     16267.48046875 | 333.0 | 666.0 |
          22.0 |              1.0 | 3227.053466796875 |     3.1622776985168457 |       16458.671875 | 333.0 | 666.0 |
          22.0 |              1.0 |  3229.10986328125 |     0.2137961983680725 |    15975.630859375 | 333.0 | 666.0 |
          22.0 |              1.0 |        3233.71875 |     0.2818382978439331 |    16106.076171875 | 333.0 | 666.0 |
          22.0 |              1.0 |   3239.1552734375 |     0.3235936462879181 |     16267.48046875 | 333.0 | 666.0 |
          22.0 |              1.0 |      3244.4453125 |    0.26302680373191833 |       16458.671875 | 333.0 | 666.0 |
          22.0 |              1.0 | 3307.830810546875 |     1.6595869064331055 |       17215.390625 | 333.0 | 666.0 |
          22.0 |              1.0 | 3310.675048828125 |     1.1481536626815796 |      17075.2578125 | 333.0 | 666.0 |
          22.0 |              1.0 |  3313.64013671875 |     0.8912509083747864 |     16961.44140625 | 333.0 | 666.0 |
          22.0 |              1.0 |   3316.1904296875 |     0.5495408773422241 |    16875.123046875 | 333.0 | 666.0 |
          22.0 |              1.0 | 3319.310302734375 |     0.4570881724357605 |     16817.16015625 | 333.0 | 666.0 |
          22.0 |              1.0 |    3326.103515625 |    0.14454399049282074 |       17215.390625 | 333.0 | 666.0 |
          22.0 |              1.0 |     3326.18359375 |    0.24547088146209717 |      17075.2578125 | 333.0 | 666.0 |
          22.0 |              1.0 | 3342.834716796875 |     0.7585775852203369 |                0.0 | 333.0 | 666.0 |
          22.0 |              1.0 | 3349.494384765625 |  0.0045708827674388885 |                0.0 | 333.0 | 666.0 |
          22.0 |              1.0 |   3353.8974609375 |    0.01148153468966484 | 170.13279724121094 | 333.0 | 666.0 |
          22.0 |              1.0 | 3355.597900390625 |     1.0471285581588745 | 170.13279724121094 | 333.0 | 666.0 |
          22.0 |              1.0 | 3359.236083984375 |    0.06456541270017624 |                0.0 | 333.0 | 666.0 |
          22.0 |              1.0 | 3371.402587890625 |     0.3890451490879059 |                0.0 | 333.0 | 666.0 |
          22.0 |              1.0 | 3372.420654296875 |     1.3489629030227661 |  386.8739929199219 | 333.0 | 666.0 |
          22.0 |              1.0 | 3378.545166015625 |     0.5888436436653137 | 170.13279724121094 | 333.0 | 666.0 |
          22.0 |              1.0 |    3380.181640625 |    0.09549926221370697 |  386.8739929199219 | 333.0 | 666.0 |
          22.0 |              1.0 |      3386.6328125 |    0.06309572607278824 |  386.8739929199219 | 333.0 | 666.0 |
          22.0 |              1.0 |  3386.91357421875 |     0.6025595664978027 |  386.8739929199219 | 333.0 | 666.0 |
          22.0 |              1.0 |    3494.275390625 |   0.005888436455279589 | 170.13279724121094 | 333.0 | 666.0 |
          22.0 |              1.0 |    3507.642578125 |   0.013803842477500439 |  386.8739929199219 | 333.0 | 666.0 |
          22.0 |              1.0 |  3512.62939453125 |  0.0038904505781829357 | 170.13279724121094 | 333.0 | 666.0 |
          22.0 |              1.0 | 3636.498779296875 |     1.2618275880813599 |                0.0 | 333.0 | 666.0 |
          22.0 |              1.0 | 3639.001708984375 |   0.012882496230304241 |                0.0 | 333.0 | 666.0 |
          22.0 |              1.0 |   3643.7119140625 |     1.6032453775405884 | 170.13279724121094 | 333.0 | 666.0 |
          22.0 |              1.0 | 3647.235107421875 |   0.025703955441713333 |                0.0 | 333.0 | 666.0 |
          22.0 |              1.0 | 3654.535888671875 |      1.914255976676941 |  386.8739929199219 | 333.0 | 666.0 |
          22.0 |              1.0 | 3655.631103515625 |   0.052480749785900116 |                0.0 | 333.0 | 666.0 |
          22.0 |              1.0 |  3659.13720703125 |    0.09015712141990662 | 170.13279724121094 | 333.0 | 666.0 |
          22.0 |              1.0 |       3661.671875 |    0.04265795275568962 | 170.13279724121094 | 333.0 | 666.0 |
          22.0 |              1.0 |  3670.00830078125 |    0.05495408922433853 | 170.13279724121094 | 333.0 | 666.0 |
          22.0 |              1.0 |    3672.716796875 |    0.09204495698213577 |  386.8739929199219 | 333.0 | 666.0 |
          22.0 |              1.0 |  3688.38916015625 |   0.005248074885457754 |  386.8739929199219 | 333.0 | 666.0 |
          22.0 |              1.0 |  3690.96435546875 |    0.05821032077074051 |  386.8739929199219 | 333.0 | 666.0 |
          22.0 |              1.0 |     3718.44921875 |    0.06309572607278824 |                0.0 | 333.0 | 666.0 |
          22.0 |              1.0 | 3723.629150390625 |    0.06309572607278824 | 170.13279724121094 | 333.0 | 666.0 |
          22.0 |              1.0 |   3725.6279296875 |     1.6982436180114746 |    12118.392578125 | 333.0 | 666.0 |
          22.0 |              1.0 |    3726.212890625 |     0.4570881724357605 |         8602.34375 | 333.0 | 666.0 |
          22.0 |              1.0 |      3730.8671875 |     0.5140436291694641 |                0.0 | 333.0 | 666.0 |
          22.0 |              1.0 |  3742.12353515625 |     0.7063175439834595 | 170.13279724121094 | 333.0 | 666.0 |
          22.0 |              1.0 | 3753.925537109375 |     1.1040786504745483 |  386.8739929199219 | 333.0 | 666.0 |
          22.0 |              1.0 | 3754.699951171875 |    0.08709637075662613 | 170.13279724121094 | 333.0 | 666.0 |
          22.0 |              1.0 | 3772.722412109375 |    0.10375283658504486 |  386.8739929199219 | 333.0 | 666.0 |
          22.0 |              1.0 |  3775.39697265625 |  0.0007161434623412788 | 170.13279724121094 | 333.0 | 666.0 |
          22.0 |              1.0 |  3787.11767578125 |     0.9120108485221863 |   7255.35498046875 | 333.0 | 666.0 |
          22.0 |              1.0 |   3789.8759765625 |    0.34119290113449097 |  386.8739929199219 | 333.0 | 666.0 |
          22.0 |              1.0 |  3854.81787109375 |      1.202264428138733 |    15975.630859375 | 333.0 | 666.0 |
          22.0 |              1.0 | 3859.230712890625 |     1.5488165616989136 |    16106.076171875 | 333.0 | 666.0 |
          22.0 |              1.0 | 3867.535400390625 |     1.9054607152938843 |     16267.48046875 | 333.0 | 666.0 |
          22.0 |              1.0 |  3869.49267578125 |     1.4454398155212402 |    15975.630859375 | 333.0 | 666.0 |
          22.0 |              1.0 | 3874.299072265625 |     1.0232930183410645 |    16106.076171875 | 333.0 | 666.0 |
          22.0 |              1.0 | 3882.495361328125 |  0.0061659496277570724 | 170.13279724121094 | 333.0 | 666.0 |
          22.0 |              1.0 |  3883.24658203125 |     2.1877615451812744 |     16267.48046875 | 333.0 | 666.0 |
          22.0 |              1.0 | 3883.420654296875 |     1.4454398155212402 |     16267.48046875 | 333.0 | 666.0 |
          22.0 |              1.0 | 3883.991455078125 |      5.011872291564941 |       16458.671875 | 333.0 | 666.0 |
          22.0 |              1.0 |  3889.12353515625 |     0.2691534757614136 |    16106.076171875 | 333.0 | 666.0 |
          22.0 |              1.0 | 3891.052490234375 |   0.005754399113357067 |                0.0 | 333.0 | 666.0 |
          22.0 |              1.0 |  3896.34619140625 |     1.5848932266235352 |       16458.671875 | 333.0 | 666.0 |
          22.0 |              1.0 |  3898.67919921875 |    0.08317636698484421 |     16267.48046875 | 333.0 | 666.0 |
          22.0 |              1.0 |  3899.59326171875 |    0.00601173797622323 |                0.0 | 333.0 | 666.0 |
          22.0 |              1.0 |    3902.064453125 |    0.02349633164703846 | 170.13279724121094 | 333.0 | 666.0 |
          22.0 |              1.0 | 3912.292724609375 |     0.5495408773422241 |       16458.671875 | 333.0 | 666.0 |
          22.0 |              1.0 |  3912.47119140625 |    0.07079458236694336 |       16458.671875 | 333.0 | 666.0 |
          22.0 |              1.0 |  3913.68994140625 |    0.09549926221370697 |     16267.48046875 | 333.0 | 666.0 |
          22.0 |              1.0 |    3915.443359375 |    0.04786300286650658 |  386.8739929199219 | 333.0 | 666.0 |
          22.0 |              1.0 |  3915.84619140625 |   0.005754399113357067 |                0.0 | 333.0 | 666.0 |
          22.0 |              1.0 | 3922.532958984375 |   0.028575902804732323 |                0.0 | 333.0 | 666.0 |
          22.0 |              1.0 |  3925.63818359375 |    0.13091818988323212 | 170.13279724121094 | 333.0 | 666.0 |
          22.0 |              1.0 | 3930.986572265625 |    0.09862793982028961 |                0.0 | 333.0 | 666.0 |
          22.0 |              1.0 |  3935.34716796875 |   0.007244357839226723 |  386.8739929199219 | 333.0 | 666.0 |
          22.0 |              1.0 |   3948.8857421875 |    0.11220184713602066 | 170.13279724121094 | 333.0 | 666.0 |
          22.0 |              1.0 |  3949.78857421875 |     0.3926449418067932 |                0.0 | 333.0 | 666.0 |
          22.0 |              1.0 | 3957.453857421875 |      0.406443327665329 | 170.13279724121094 | 333.0 | 666.0 |
          22.0 |              1.0 | 3959.321533203125 |     0.8035261034965515 |  386.8739929199219 | 333.0 | 666.0 |
          22.0 |              1.0 |  3963.97216796875 |    0.07762470841407776 |                0.0 | 333.0 | 666.0 |
          22.0 |              1.0 | 3965.390869140625 |    0.07726806402206421 | 170.13279724121094 | 333.0 | 666.0 |
          22.0 |              1.0 | 3982.887939453125 |     0.5260172486305237 |                0.0 | 333.0 | 666.0 |
          22.0 |              1.0 |  3983.60693359375 |     0.0537031814455986 |                0.0 | 333.0 | 666.0 |
          22.0 |              1.0 |     3990.88671875 |      0.748169481754303 | 170.13279724121094 | 333.0 | 666.0 |
          22.0 |              1.0 |  3999.76708984375 |      1.037528395652771 |  386.8739929199219 | 333.0 | 666.0 |
          22.0 |              1.0 |  4007.09228515625 |     0.2951209545135498 |     16961.44140625 | 333.0 | 666.0 |
          22.0 |              1.0 |   4009.1865234375 |     0.5754399299621582 |      17075.2578125 | 333.0 | 666.0 |
          22.0 |              1.0 | 4010.060791015625 |    0.09727472811937332 | 170.13279724121094 | 333.0 | 666.0 |
          22.0 |              1.0 |   4010.7900390625 |     0.0167494285851717 | 170.13279724121094 | 333.0 | 666.0 |
          22.0 |              1.0 |          4014.375 |    0.23988328874111176 |     16961.44140625 | 333.0 | 666.0 |
          22.0 |              1.0 |   4014.7177734375 |     0.8511380553245544 |       17215.390625 | 333.0 | 666.0 |
          22.0 |              1.0 |  4022.95166015625 |     1.0964782238006592 |     16961.44140625 | 333.0 | 666.0 |
          22.0 |              1.0 | 4025.444091796875 |    0.03715352714061737 |      17075.2578125 | 333.0 | 666.0 |
          22.0 |              1.0 | 4025.708251953125 |      0.117489755153656 |  386.8739929199219 | 333.0 | 666.0 |
          22.0 |              1.0 | 4031.650146484375 |     1.6218100786209106 |       17215.390625 | 333.0 | 666.0 |
          22.0 |              1.0 |   4031.8369140625 |    0.03235936537384987 |       17215.390625 | 333.0 | 666.0 |
          22.0 |              1.0 |   4041.4580078125 |    0.17782793939113617 |      17075.2578125 | 333.0 | 666.0 |
          22.0 |              1.0 |  4056.15673828125 |     0.2089296132326126 |    8436.6181640625 | 333.0 | 666.0 |
          22.0 |              1.0 |  4061.40869140625 |     0.2951209545135498 |        8492.421875 | 333.0 | 666.0 |
          22.0 |              1.0 |    4065.357421875 |    0.17782793939113617 |        8492.421875 | 333.0 | 666.0 |
          22.0 |              1.0 |   4066.2431640625 |    0.17378008365631104 |        8492.421875 | 333.0 | 666.0 |
          22.0 |              1.0 |   4113.8681640625 |     0.0201372429728508 |  386.8739929199219 | 333.0 | 666.0 |
          22.0 |              1.0 |   4187.2978515625 |    0.49659234285354614 |    12118.392578125 | 333.0 | 666.0 |
          22.0 |              1.0 |     4267.41015625 |     0.4265795052051544 |     18525.05859375 | 333.0 | 666.0 |
          22.0 |              1.0 |  4282.56884765625 |    0.04375221207737923 |    6556.8330078125 | 333.0 | 666.0 |
          22.0 |              1.0 |  4286.18701171875 |    0.43651580810546875 |    14028.435546875 | 333.0 | 666.0 |
          22.0 |              1.0 |  4288.60888671875 |    0.36224299669265747 |     6742.755859375 | 333.0 | 666.0 |
          22.0 |              1.0 |     4290.27734375 |     0.4168694019317627 |   6598.76513671875 | 333.0 | 666.0 |
          22.0 |              1.0 |   4292.1357421875 |    0.37153521180152893 |    6556.8330078125 | 333.0 | 666.0 |
          22.0 |              1.0 |     4296.95703125 |     0.3630780577659607 |    6556.8330078125 | 333.0 | 666.0 |
          22.0 |              1.0 |  4395.15576171875 |     1.0471285581588745 |      18287.5546875 | 333.0 | 666.0 |
          22.0 |              1.0 |  4418.51416015625 |     0.9549925923347473 |    15220.392578125 | 333.0 | 666.0 |
          22.0 |              1.0 |  4442.51318359375 |    0.16218100488185883 |    15108.111328125 | 333.0 | 666.0 |
          22.0 |              1.0 |  4450.39208984375 |     3.1622776985168457 |    15220.392578125 | 333.0 | 666.0 |
          22.0 |              1.0 |  4452.14306640625 |     2.5703957080841064 |   15156.8017578125 | 333.0 | 666.0 |
          22.0 |              1.0 |  4454.56298828125 |     0.8892011046409607 |   11531.7607421875 | 333.0 | 666.0 |
          22.0 |              1.0 |     4454.94921875 |     0.9772372245788574 |    15108.111328125 | 333.0 | 666.0 |
          22.0 |              1.0 |  4456.56884765625 |     0.9772372245788574 |    11639.810546875 | 333.0 | 666.0 |
          22.0 |              1.0 |    4458.677734375 |     1.5135612487792969 |   11776.8115234375 | 333.0 | 666.0 |
          22.0 |              1.0 |  4463.34033203125 |  0.0008953645592555404 |                0.0 | 333.0 | 666.0 |
          22.0 |              1.0 |  4467.05908203125 |     0.6870684623718262 |    14028.435546875 | 333.0 | 666.0 |
          22.0 |              1.0 |       4482.515625 |      1.202264428138733 |   14105.6337890625 | 333.0 | 666.0 |
          22.0 |              1.0 |        4497.40625 |     0.6606934666633606 |   14105.6337890625 | 333.0 | 666.0 |
          22.0 |              1.0 |   4497.4951171875 |   0.002344228094443679 | 170.13279724121094 | 333.0 | 666.0 |
          22.0 |              1.0 |   4513.9990234375 |    0.33113113045692444 |     6742.755859375 | 333.0 | 666.0 |
          22.0 |              1.0 |      4519.2890625 |     0.4742419719696045 |     6661.005859375 | 333.0 | 666.0 |
          22.0 |              1.0 |   4519.9560546875 |    0.10000000149011612 |   11531.7607421875 | 333.0 | 666.0 |
          22.0 |              1.0 |  4524.06494140625 |    0.40738028287887573 |   6598.76513671875 | 333.0 | 666.0 |
          22.0 |              1.0 |   4528.5751953125 |     0.3388441503047943 |    6556.8330078125 | 333.0 | 666.0 |
          22.0 |              1.0 |  4534.51123046875 |      2.992264747619629 |    6842.9619140625 | 333.0 | 666.0 |
          22.0 |              1.0 |       4536.046875 |     1.9054607152938843 |     6742.755859375 | 333.0 | 666.0 |
          22.0 |              1.0 |      4545.9609375 |    0.30902954936027527 |   6598.76513671875 | 333.0 | 666.0 |
          22.0 |              1.0 |  4549.38525390625 |    0.23442287743091583 |         20126.0625 | 333.0 | 666.0 |
          22.0 |              1.0 |   4550.0380859375 |    0.44258835911750793 |     6661.005859375 | 333.0 | 666.0 |
          22.0 |              1.0 |  4553.72998046875 |     0.4570881724357605 |     6742.755859375 | 333.0 | 666.0 |
          22.0 |              1.0 |   4556.7607421875 |     0.3250872790813446 |    6842.9619140625 | 333.0 | 666.0 |
          22.0 |              1.0 |   4563.9052734375 |  0.0025468296371400356 | 170.13279724121094 | 333.0 | 666.0 |
          22.0 |              1.0 |   4564.7021484375 |     0.5888436436653137 |    19573.974609375 | 333.0 | 666.0 |
          22.0 |              1.0 |  4618.56103515625 |      2.449063301086426 |   14105.6337890625 | 333.0 | 666.0 |
          22.0 |              1.0 |  4624.39208984375 |     1.2882494926452637 |    14028.435546875 | 333.0 | 666.0 |
          22.0 |              1.0 |   4641.2392578125 |     0.6426877379417419 |      13981.7734375 | 333.0 | 666.0 |
          22.0 |              1.0 |   4641.7138671875 |    0.16218100488185883 |        18825.78125 | 333.0 | 666.0 |
          22.0 |              1.0 |  4646.48974609375 |    0.27733200788497925 |      13981.7734375 | 333.0 | 666.0 |
          22.0 |              1.0 |  4651.31201171875 |    0.25118863582611084 |    14028.435546875 | 333.0 | 666.0 |
          22.0 |              1.0 |  4657.34716796875 |    0.15135613083839417 |   14105.6337890625 | 333.0 | 666.0 |
          22.0 |              1.0 |  4657.77197265625 |    0.05211947113275528 |                0.0 | 333.0 | 666.0 |
          22.0 |              1.0 |  4668.89111328125 |    0.07379043102264404 | 170.13279724121094 | 333.0 | 666.0 |
          22.0 |              1.0 |   4676.4248046875 |    0.04246195778250694 |         8602.34375 | 333.0 | 666.0 |
          22.0 |              1.0 |  4683.21826171875 |    0.09794901311397552 |  386.8739929199219 | 333.0 | 666.0 |
          22.0 |              1.0 |  4692.10791015625 |   0.010232930071651936 |         8602.34375 | 333.0 | 666.0 |
          22.0 |              1.0 |  4694.97802734375 |   0.001949844416230917 | 170.13279724121094 | 333.0 | 666.0 |
          22.0 |              1.0 |   4716.6181640625 |   0.002089295769110322 |  386.8739929199219 | 333.0 | 666.0 |
          22.0 |              1.0 |   4723.9267578125 |   0.046773508191108704 |        8492.421875 | 333.0 | 666.0 |
          22.0 |              1.0 |   4743.6220703125 |    0.07585775852203369 |   11776.8115234375 | 333.0 | 666.0 |
          22.0 |              1.0 |  4744.11572265625 |     1.6218100786209106 |    18037.212890625 | 333.0 | 666.0 |
          22.0 |              1.0 |  4759.44873046875 |     2.6607251167297363 |       18141.265625 | 333.0 | 666.0 |
          22.0 |              1.0 |  4760.23095703125 |   0.006760828662663698 |     6742.755859375 | 333.0 | 666.0 |
          22.0 |              1.0 |  4760.60009765625 |      3.265878200531006 |      18192.5703125 | 333.0 | 666.0 |
          22.0 |              1.0 |  4772.43017578125 |   0.004265796393156052 |     6661.005859375 | 333.0 | 666.0 |
          22.0 |              1.0 |   4779.5908203125 |     0.6165950298309326 |    18037.212890625 | 333.0 | 666.0 |
          22.0 |              1.0 |   4783.0478515625 |   0.010964781045913696 |    6842.9619140625 | 333.0 | 666.0 |
          22.0 |              1.0 |  4784.64306640625 |  0.0014791087014600635 |   6598.76513671875 | 333.0 | 666.0 |
          22.0 |              1.0 |    4791.126953125 |  0.0013803845504298806 |     6742.755859375 | 333.0 | 666.0 |
          22.0 |              1.0 |  4806.75830078125 |     1.4125375747680664 |     18911.39453125 | 333.0 | 666.0 |
          22.0 |              1.0 |   4814.2373046875 |  0.0003467368078418076 |    6842.9619140625 | 333.0 | 666.0 |
          22.0 |              1.0 |   4821.7568359375 |    0.36391502618789673 |    12118.392578125 | 333.0 | 666.0 |
          22.0 |              1.0 |  4842.22607421875 |    0.30902954936027527 |   7255.35498046875 | 333.0 | 666.0 |
          22.0 |              1.0 |      4857.3671875 |     2.7542285919189453 |      18192.5703125 | 333.0 | 666.0 |
          22.0 |              1.0 |    4869.501953125 |     0.7244359850883484 |    26910.708984375 | 333.0 | 666.0 |
          22.0 |              1.0 |       4876.234375 |    0.40738028287887573 |        26772.96875 | 333.0 | 666.0 |
          22.0 |              1.0 |  4886.44482421875 |     2.2803421020507812 |    15220.392578125 | 333.0 | 666.0 |
          22.0 |              1.0 |       4890.078125 |    0.23988328874111176 |    26494.330078125 | 333.0 | 666.0 |
          22.0 |              1.0 |  4914.98681640625 |     1.4487718343734741 |    15108.111328125 | 333.0 | 666.0 |
          22.0 |              1.0 |  4916.60205078125 |    0.09571939706802368 |    15220.392578125 | 333.0 | 666.0 |
          22.0 |              1.0 |    4919.154296875 |    0.04786300286650658 |    21588.494140625 | 333.0 | 666.0 |
          22.0 |              1.0 |  4927.52587890625 |   0.006745280232280493 |   6598.76513671875 | 333.0 | 666.0 |
          22.0 |              1.0 |    4929.712890625 |     1.1220184564590454 |    17369.529296875 | 333.0 | 666.0 |
          22.0 |              1.0 |      4939.4140625 |   0.007244357839226723 |    16106.076171875 | 333.0 | 666.0 |
          22.0 |              1.0 |  4942.34814453125 |   0.013182567432522774 |    15975.630859375 | 333.0 | 666.0 |
          22.0 |              1.0 |   4942.9482421875 |    0.09772372245788574 |     17423.85546875 | 333.0 | 666.0 |
          22.0 |              1.0 |  4945.73095703125 |    0.01348962914198637 |   15877.0810546875 | 333.0 | 666.0 |
          22.0 |              1.0 |  4966.10107421875 |    0.15135613083839417 |   15877.0810546875 | 333.0 | 666.0 |
          22.0 |              1.0 |   4969.9541015625 |      0.229086771607399 |    15975.630859375 | 333.0 | 666.0 |
          22.0 |              1.0 |   4974.4169921875 |    0.24547088146209717 |    16106.076171875 | 333.0 | 666.0 |
          22.0 |              1.0 |      4979.1171875 |    0.18197007477283478 |     16267.48046875 | 333.0 | 666.0 |
          22.0 |              1.0 |     4983.12109375 |      3.191537857055664 |    6842.9619140625 | 333.0 | 666.0 |
          22.0 |              1.0 |   4990.5263671875 |     0.6918309926986694 |    15975.630859375 | 333.0 | 666.0 |
          22.0 |              1.0 |    4992.458984375 |     2.3988327980041504 |     6742.755859375 | 333.0 | 666.0 |
          22.0 |              1.0 |  4998.48681640625 |   0.008790225721895695 |                0.0 | 333.0 | 666.0 |
          22.0 |              1.0 |  5000.89697265625 |      1.778279423713684 |     6661.005859375 | 333.0 | 666.0 |
          22.0 |              1.0 |  5002.38330078125 |     0.9549925923347473 |    16106.076171875 | 333.0 | 666.0 |
          22.0 |              1.0 |  5008.60302734375 |     1.2941958904266357 |   6598.76513671875 | 333.0 | 666.0 |
          22.0 |              1.0 |   5011.0419921875 |   0.006353308912366629 | 170.13279724121094 | 333.0 | 666.0 |
          22.0 |              1.0 |      5014.6796875 |     1.3182567358016968 |     16267.48046875 | 333.0 | 666.0 |
          22.0 |              1.0 |   5015.5849609375 |    0.05754399299621582 |                0.0 | 333.0 | 666.0 |
          22.0 |              1.0 |  5015.67431640625 |     1.2882494926452637 |    6556.8330078125 | 333.0 | 666.0 |
          22.0 |              1.0 |  5017.56005859375 |     0.2666858732700348 |    6842.9619140625 | 333.0 | 666.0 |
          22.0 |              1.0 |   5021.4248046875 |     0.3845917880535126 |     6742.755859375 | 333.0 | 666.0 |
          22.0 |              1.0 |  5024.26708984375 |     0.3681289851665497 |     6661.005859375 | 333.0 | 666.0 |
          22.0 |              1.0 |   5026.2451171875 |    0.25003454089164734 |   6598.76513671875 | 333.0 | 666.0 |
          22.0 |              1.0 |  5026.97216796875 |      1.778279423713684 |       16458.671875 | 333.0 | 666.0 |
          22.0 |              1.0 |   5037.8681640625 |     1.3489629030227661 |    11639.810546875 | 333.0 | 666.0 |
          22.0 |              1.0 |   5039.8017578125 |     1.0303860902786255 |   11531.7607421875 | 333.0 | 666.0 |
          22.0 |              1.0 |  5041.35986328125 |    0.08550667762756348 | 170.13279724121094 | 333.0 | 666.0 |
          22.0 |              1.0 |  5042.01708984375 |   0.016330521553754807 |     6661.005859375 | 333.0 | 666.0 |
          22.0 |              1.0 |     5044.98828125 |     0.0184926837682724 |     6742.755859375 | 333.0 | 666.0 |
          22.0 |              1.0 |  5046.82177734375 |     0.0100461570546031 |    6842.9619140625 | 333.0 | 666.0 |
          22.0 |              1.0 |     5063.51171875 |     0.3435579538345337 |     17423.85546875 | 333.0 | 666.0 |
          22.0 |              1.0 |  5065.46826171875 |     0.4466835856437683 |     21739.70703125 | 333.0 | 666.0 |
          22.0 |              1.0 |  5066.06396484375 |    0.11776059120893478 |  386.8739929199219 | 333.0 | 666.0 |
          22.0 |              1.0 |    5072.880859375 |    0.08649680018424988 |   11776.8115234375 | 333.0 | 666.0 |
          22.0 |              1.0 |  5088.47802734375 |    0.16218100488185883 |   11531.7607421875 | 333.0 | 666.0 |
          22.0 |              1.0 |    5114.865234375 |     0.1648162454366684 |    11639.810546875 | 333.0 | 666.0 |
          22.0 |              1.0 |    5146.892578125 |     0.2666858732700348 |   11776.8115234375 | 333.0 | 666.0 |
          22.0 |              1.0 |   5148.9111328125 |   0.012882496230304241 |                0.0 | 333.0 | 666.0 |
          22.0 |              1.0 |  5153.61865234375 |   0.012589254416525364 | 170.13279724121094 | 333.0 | 666.0 |
          22.0 |              1.0 |  5175.18115234375 |    0.08511379361152649 |                0.0 | 333.0 | 666.0 |
          22.0 |              1.0 |   5187.7724609375 |    0.16982437670230865 |      17075.2578125 | 333.0 | 666.0 |
          22.0 |              1.0 |   5194.4150390625 |    0.10964782536029816 | 170.13279724121094 | 333.0 | 666.0 |
          22.0 |              1.0 |   5195.4794921875 |     0.2238721251487732 |     16961.44140625 | 333.0 | 666.0 |
          22.0 |              1.0 |    5202.529296875 |     0.2187761515378952 |    16875.123046875 | 333.0 | 666.0 |
          22.0 |              1.0 |    5209.298828125 |    0.14454399049282074 |     16817.16015625 | 333.0 | 666.0 |
          22.0 |              1.0 |   5211.8349609375 |     0.1412537395954132 |  386.8739929199219 | 333.0 | 666.0 |
          22.0 |              1.0 |    5212.666015625 |    0.01148153468966484 |     6742.755859375 | 333.0 | 666.0 |
          22.0 |              1.0 |  5221.15185546875 |   0.005495409015566111 | 170.13279724121094 | 333.0 | 666.0 |
          22.0 |              1.0 |    5224.126953125 |    0.23933157324790955 |     16817.16015625 | 333.0 | 666.0 |
          22.0 |              1.0 |   5225.0751953125 |     0.3235936462879181 |    16875.123046875 | 333.0 | 666.0 |
          22.0 |              1.0 |  5225.75927734375 |     1.3489629030227661 |       17215.390625 | 333.0 | 666.0 |
          22.0 |              1.0 |   5225.9990234375 |     0.5248074531555176 |     16961.44140625 | 333.0 | 666.0 |
          22.0 |              1.0 |   5226.3876953125 |     0.8511380553245544 |      17075.2578125 | 333.0 | 666.0 |
          22.0 |              1.0 |   5248.7490234375 |      0.229086771607399 |     16961.44140625 | 333.0 | 666.0 |
          22.0 |              1.0 |    5253.560546875 |    0.00411149812862277 |  386.8739929199219 | 333.0 | 666.0 |
          22.0 |              1.0 |     5257.26953125 |    0.24547088146209717 |      17075.2578125 | 333.0 | 666.0 |
          22.0 |              1.0 |   5261.4365234375 |     0.6606934666633606 |    22081.189453125 | 333.0 | 666.0 |
          22.0 |              1.0 |   5264.9482421875 |    0.18620871007442474 |       17215.390625 | 333.0 | 666.0 |
          22.0 |              1.0 |        5283.84375 |    0.05011872947216034 |        8492.421875 | 333.0 | 666.0 |
          22.0 |              1.0 |   5290.7392578125 |  0.0014125378802418709 |     6742.755859375 | 333.0 | 666.0 |
          22.0 |              1.0 |   5297.2490234375 |   0.023280911147594452 |         8602.34375 | 333.0 | 666.0 |
          22.0 |              1.0 |  5301.48486328125 |    0.03388441354036331 |        8492.421875 | 333.0 | 666.0 |
          22.0 |              1.0 |  5325.40576171875 |  0.0007413100684061646 |     6661.005859375 | 333.0 | 666.0 |
          22.0 |              1.0 |  5330.21728515625 |   0.009999999776482582 |    6556.8330078125 | 333.0 | 666.0 |
          22.0 |              1.0 |   5339.7900390625 |    0.01348962914198637 |     6661.005859375 | 333.0 | 666.0 |
          22.0 |              1.0 |  5342.14794921875 |   0.000660693331155926 |   6598.76513671875 | 333.0 | 666.0 |
          22.0 |              1.0 |      5352.5546875 |     1.0232930183410645 |     22404.73828125 | 333.0 | 666.0 |
          22.0 |              1.0 |       5363.203125 |  0.0008912510238587856 |     6742.755859375 | 333.0 | 666.0 |
          22.0 |              1.0 |  5368.12939453125 |   0.002612161682918668 |   6598.76513671875 | 333.0 | 666.0 |
          22.0 |              1.0 |   5386.1259765625 |   0.001230268506333232 |     6661.005859375 | 333.0 | 666.0 |
          22.0 |              1.0 |    5390.662109375 |   0.007244357839226723 |    6556.8330078125 | 333.0 | 666.0 |
          22.0 |              1.0 |   5402.8818359375 |  0.0012882492737844586 |   6598.76513671875 | 333.0 | 666.0 |
          22.0 |              1.0 |  5407.68798828125 |     0.5623413324356079 |    28788.380859375 | 333.0 | 666.0 |
          22.0 |              1.0 |  5410.44384765625 |  0.0001686553005129099 |                0.0 | 333.0 | 666.0 |
          22.0 |              1.0 |     5423.88671875 |     0.4897788166999817 |     28702.77734375 | 333.0 | 666.0 |
          22.0 |              1.0 |    5427.755859375 |    0.00113762728869915 | 170.13279724121094 | 333.0 | 666.0 |
          22.0 |              1.0 |    5437.349609375 |     0.3235936462879181 |    28638.841796875 | 333.0 | 666.0 |
          22.0 |              1.0 |  5438.22802734375 |   0.003090295474976301 |   7255.35498046875 | 333.0 | 666.0 |
          22.0 |              1.0 |      5448.1328125 |   0.000562341301701963 | 170.13279724121094 | 333.0 | 666.0 |
          22.0 |              1.0 |     5450.30078125 |     0.2818382978439331 |         28596.3125 | 333.0 | 666.0 |
          22.0 |              1.0 |   5455.1552734375 |   0.024547088891267776 |    11639.810546875 | 333.0 | 666.0 |
          22.0 |              1.0 |   5462.0146484375 |  0.0018113396363332868 |  386.8739929199219 | 333.0 | 666.0 |
          22.0 |              1.0 |  5472.71728515625 |   0.040738027542829514 |    11639.810546875 | 333.0 | 666.0 |
          22.0 |              1.0 |    5475.744140625 |    0.05888436362147331 |   11776.8115234375 | 333.0 | 666.0 |
          22.0 |              1.0 |   5491.6728515625 |    0.11668095737695694 |   11776.8115234375 | 333.0 | 666.0 |
          22.0 |              1.0 |   5492.3740234375 |  0.0004466836981009692 |  386.8739929199219 | 333.0 | 666.0 |
          22.0 |              1.0 |        5499.46875 |  0.0014125378802418709 |   7255.35498046875 | 333.0 | 666.0 |
          22.0 |              1.0 |     5505.42578125 |     1.0715192556381226 |    20795.603515625 | 333.0 | 666.0 |
          22.0 |              1.0 |   5601.5927734375 |  0.0004466836981009692 |   7255.35498046875 | 333.0 | 666.0 |
          22.0 |              1.0 |   5650.1298828125 |     0.5623413324356079 |         20126.0625 | 333.0 | 666.0 |
          22.0 |              1.0 |        5663.71875 |     1.0232930183410645 |    18695.134765625 | 333.0 | 666.0 |
          22.0 |              1.0 |       5676.984375 |      0.676082968711853 |    18593.947265625 | 333.0 | 666.0 |
          22.0 |              1.0 |  5681.48974609375 |     0.2691534757614136 |     19937.85546875 | 333.0 | 666.0 |
          22.0 |              1.0 |   5691.0380859375 |    0.43651580810546875 |     18525.05859375 | 333.0 | 666.0 |
          22.0 |              1.0 |  5704.24072265625 |    0.25118863582611084 |      18482.7734375 | 333.0 | 666.0 |
          22.0 |              1.0 |   5709.7822265625 |    0.15135613083839417 |    18695.134765625 | 333.0 | 666.0 |
          22.0 |              1.0 |  5713.43798828125 |    0.20417378842830658 |    18593.947265625 | 333.0 | 666.0 |
          22.0 |              1.0 |  5718.02783203125 |    0.19054606556892395 |     18525.05859375 | 333.0 | 666.0 |
          22.0 |              1.0 |  5722.02197265625 |     0.1258925497531891 |      18482.7734375 | 333.0 | 666.0 |
          22.0 |              1.0 |       5740.640625 |    0.02089296467602253 |    18593.947265625 | 333.0 | 666.0 |
          22.0 |              1.0 |  5741.06005859375 |    0.25118863582611084 |       18141.265625 | 333.0 | 666.0 |
          22.0 |              1.0 |  5741.56982421875 |     0.2137961983680725 |    18037.212890625 | 333.0 | 666.0 |
          22.0 |              1.0 |   5746.6591796875 |   0.010715192183852196 |    18695.134765625 | 333.0 | 666.0 |
          22.0 |              1.0 |    5775.626953125 |      3.019951581954956 |    26657.416015625 | 333.0 | 666.0 |
          22.0 |              1.0 |   5787.5810546875 |      3.981071949005127 |        26772.96875 | 333.0 | 666.0 |
          22.0 |              1.0 |     5805.87109375 |      5.128613471984863 |    26910.708984375 | 333.0 | 666.0 |
          22.0 |              1.0 |   5868.0751953125 |    0.14454399049282074 |         8602.34375 | 333.0 | 666.0 |
          22.0 |              1.0 |      5881.8984375 |   0.009015710093080997 |        8492.421875 | 333.0 | 666.0 |
          22.0 |              1.0 |     5900.92578125 |    0.07014552503824234 |        8492.421875 | 333.0 | 666.0 |
          22.0 |              1.0 |    5904.951171875 |   0.007161434274166822 |         8602.34375 | 333.0 | 666.0 |
          22.0 |              1.0 |    5920.173828125 |    0.03388441354036331 |         8602.34375 | 333.0 | 666.0 |
          22.0 |              1.0 |   5923.7490234375 |   0.034276776015758514 |    8436.6181640625 | 333.0 | 666.0 |
          22.0 |              1.0 |   5939.4521484375 |   0.012882496230304241 |         8602.34375 | 333.0 | 666.0 |
          22.0 |              1.0 |  5943.39599609375 |    0.03019951842725277 |        8492.421875 | 333.0 | 666.0 |
          22.0 |              1.0 |   5954.8056640625 |    0.46881338953971863 |    15220.392578125 | 333.0 | 666.0 |
          22.0 |              1.0 |    5960.396484375 |   0.006918308325111866 |    19573.974609375 | 333.0 | 666.0 |
          22.0 |              1.0 |  5967.47802734375 |     0.3899419903755188 |   15156.8017578125 | 333.0 | 666.0 |
          22.0 |              1.0 |  5980.19482421875 |     0.3191537857055664 |    15108.111328125 | 333.0 | 666.0 |
          22.0 |              1.0 |       6015.078125 |  0.0007943283999338746 |         8602.34375 | 333.0 | 666.0 |
          22.0 |              1.0 |     6018.66015625 | 0.00023442282690666616 |        8492.421875 | 333.0 | 666.0 |
          22.0 |              1.0 |   6066.3017578125 |     0.0113762728869915 |    8436.6181640625 | 333.0 | 666.0 |
          22.0 |              1.0 |     6092.85546875 |     0.3775721788406372 |      18287.5546875 | 333.0 | 666.0 |
          22.0 |              1.0 |  6094.47705078125 |   0.041879355907440186 |    15220.392578125 | 333.0 | 666.0 |
          22.0 |              1.0 |   6100.3447265625 |     0.9772372245788574 |    24694.892578125 | 333.0 | 666.0 |
          22.0 |              1.0 |     6127.91015625 |   0.037670377641916275 |         8602.34375 | 333.0 | 666.0 |
          22.0 |              1.0 |  6222.19287109375 |     0.7244359850883484 |    21588.494140625 | 333.0 | 666.0 |
          22.0 |              1.0 |  6259.82958984375 |     0.4415704607963562 |    11639.810546875 | 333.0 | 666.0 |
          22.0 |              1.0 |    6260.435546875 |     0.5754399299621582 |   11776.8115234375 | 333.0 | 666.0 |
          22.0 |              1.0 |  6262.82763671875 |     0.3318944573402405 |   11531.7607421875 | 333.0 | 666.0 |
          22.0 |              1.0 |   6305.4970703125 |   0.027164394035935402 |    11639.810546875 | 333.0 | 666.0 |
          22.0 |              1.0 |  6313.97998046875 |   0.028054334223270416 |   11776.8115234375 | 333.0 | 666.0 |
          22.0 |              1.0 |     6337.84765625 |   0.018113400787115097 |    11639.810546875 | 333.0 | 666.0 |
          22.0 |              1.0 |    6360.443359375 |  0.0028840317390859127 |   11776.8115234375 | 333.0 | 666.0 |
          22.0 |              1.0 |   6397.2353515625 |   0.002238720655441284 |    12118.392578125 | 333.0 | 666.0 |
          22.0 |              1.0 |  6510.18115234375 |    0.07079458236694336 |    26657.416015625 | 333.0 | 666.0 |
          22.0 |              1.0 |  6513.47412109375 |    0.05754399299621582 |    26564.400390625 | 333.0 | 666.0 |
          22.0 |              1.0 |    6514.330078125 |     0.0676083043217659 |        26772.96875 | 333.0 | 666.0 |
          22.0 |              1.0 |  6538.22802734375 |    0.20417378842830658 |    26910.708984375 | 333.0 | 666.0 |
          22.0 |              1.0 |  6556.03271484375 |    0.06039486452937126 |    11639.810546875 | 333.0 | 666.0 |
          22.0 |              1.0 |  6557.87158203125 |    0.08413950353860855 |   11776.8115234375 | 333.0 | 666.0 |
          22.0 |              1.0 |    6600.927734375 |   0.008222425356507301 |   7255.35498046875 | 333.0 | 666.0 |
          22.0 |              1.0 |   6668.3896484375 |   0.023988328874111176 |   11776.8115234375 | 333.0 | 666.0 |
          22.0 |              1.0 |  6744.97998046875 |   0.023442288860678673 |   7255.35498046875 | 333.0 | 666.0 |
          22.0 |              1.0 |     6863.33984375 |    0.18197007477283478 |      18287.5546875 | 333.0 | 666.0 |
          22.0 |              1.0 |  7086.19677734375 |  0.0006918308208696544 |   11531.7607421875 | 333.0 | 666.0 |
          22.0 |              1.0 |     7140.87109375 |   0.025703955441713333 |    11639.810546875 | 333.0 | 666.0 |
          22.0 |              1.0 |     7190.54296875 |   0.017378007993102074 |   11531.7607421875 | 333.0 | 666.0 |
          22.0 |              1.0 |   7211.4208984375 |     0.3162277638912201 |   11776.8115234375 | 333.0 | 666.0 |
          22.0 |              1.0 |   7218.1708984375 |    0.07079458236694336 |    11639.810546875 | 333.0 | 666.0 |
          22.0 |              1.0 |   7246.8486328125 |    0.15488165616989136 |    11639.810546875 | 333.0 | 666.0 |
          22.0 |              1.0 |   7253.7060546875 |    0.16982437670230865 |   11531.7607421875 | 333.0 | 666.0 |
          22.0 |              1.0 |    7268.248046875 |     0.0676083043217659 |      13981.7734375 | 333.0 | 666.0 |
          22.0 |              1.0 |   7273.5087890625 |   0.005623413249850273 |    11639.810546875 | 333.0 | 666.0 |
          22.0 |              1.0 |  7301.69970703125 |    0.01174897700548172 |   11531.7607421875 | 333.0 | 666.0 |
          22.0 |              1.0 |  7346.71826171875 |     0.1023292988538742 |   11776.8115234375 | 333.0 | 666.0 |
          22.0 |              1.0 |   7359.7529296875 |    0.07568328082561493 |    11639.810546875 | 333.0 | 666.0 |
          22.0 |              1.0 |   7366.1279296875 |    0.06456541270017624 |   11531.7607421875 | 333.0 | 666.0 |
          22.0 |              1.0 |  7425.22900390625 |  0.0022908670362085104 |    11639.810546875 | 333.0 | 666.0 |
          22.0 |              1.0 |    7434.716796875 |  0.0003981070767622441 |   11776.8115234375 | 333.0 | 666.0 |
          22.0 |              1.0 |          7442.625 |    0.19952623546123505 |      18192.5703125 | 333.0 | 666.0 |
          22.0 |              1.0 |   7458.6357421875 | 0.00033113110112026334 |   6598.76513671875 | 333.0 | 666.0 |
          22.0 |              1.0 |   7471.9951171875 |  0.0007079456117935479 |     6742.755859375 | 333.0 | 666.0 |
          22.0 |              1.0 |   7493.4228515625 |  0.0002951209316961467 |     6661.005859375 | 333.0 | 666.0 |
          22.0 |              1.0 |  7769.57568359375 |  0.0008912510238587856 |   7255.35498046875 | 333.0 | 666.0 |
          22.0 |              1.0 |  7842.71435546875 |  0.0005128614138811827 |   7255.35498046875 | 333.0 | 666.0 |
          22.0 |              1.0 |   7854.8349609375 |   0.002344228094443679 |    6842.9619140625 | 333.0 | 666.0 |
          22.0 |              1.0 |   7887.1650390625 |  0.0009120109025388956 |     6742.755859375 | 333.0 | 666.0 |
          22.0 |              1.0 |    7940.705078125 |   0.003981071058660746 |   15156.8017578125 | 333.0 | 666.0 |
          22.0 |              1.0 |    7951.337890625 |    0.03467368334531784 |    12118.392578125 | 333.0 | 666.0 |
          22.0 |              1.0 |       8027.046875 |    0.07244359701871872 |   15156.8017578125 | 333.0 | 666.0 |
          22.0 |              1.0 |    8068.236328125 |  0.0030199517495930195 |    15220.392578125 | 333.0 | 666.0 |
          22.0 |              1.0 |    8070.458984375 |   0.052480749785900116 |    15108.111328125 | 333.0 | 666.0 |
          22.0 |              1.0 |       8102.296875 |   0.003090295474976301 |   15156.8017578125 | 333.0 | 666.0 |
          22.0 |              1.0 |     8309.69921875 |  0.0011220183223485947 |     6661.005859375 | 333.0 | 666.0 |
          22.0 |              1.0 |   8336.6806640625 |   0.002344228094443679 |   6598.76513671875 | 333.0 | 666.0 |
          22.0 |              1.0 |   8355.4560546875 |  0.0023988336324691772 |    6556.8330078125 | 333.0 | 666.0 |
          22.0 |              1.0 |   8366.5361328125 |   0.019498445093631744 |     6742.755859375 | 333.0 | 666.0 |
          22.0 |              1.0 |   8380.1611328125 |   0.025703955441713333 |     6661.005859375 | 333.0 | 666.0 |
          22.0 |              1.0 |   8384.8330078125 |   0.025703955441713333 |   6598.76513671875 | 333.0 | 666.0 |
          22.0 |              1.0 |   8385.0830078125 |   0.019498445093631744 |    6556.8330078125 | 333.0 | 666.0 |
          22.0 |              1.0 |     8414.66796875 |   0.040738027542829514 |   6598.76513671875 | 333.0 | 666.0 |
          22.0 |              1.0 |      8428.8203125 |    0.06309572607278824 |     6661.005859375 | 333.0 | 666.0 |
          22.0 |              1.0 |     8437.27734375 |    0.14791084825992584 |    6842.9619140625 | 333.0 | 666.0 |
          22.0 |              1.0 |   8437.9677734375 |    0.09549926221370697 |     6742.755859375 | 333.0 | 666.0 |
          22.0 |              1.0 |     8677.75390625 |    0.03630780056118965 |         8602.34375 | 333.0 | 666.0 |
          22.0 |              1.0 |    8685.365234375 |    0.02041737735271454 |        8492.421875 | 333.0 | 666.0 |
          22.0 |              1.0 |   8694.7158203125 |   0.010232930071651936 |    8436.6181640625 | 333.0 | 666.0 |
          22.0 |              1.0 |   8737.1103515625 |   0.007943283766508102 |        8492.421875 | 333.0 | 666.0 |
          22.0 |              1.0 |     8769.08984375 |   0.006918308325111866 |         8602.34375 | 333.0 | 666.0 |
          22.0 |              1.0 |   9592.7021484375 |     0.0676083043217659 |    25926.771484375 | 333.0 | 666.0 |
          22.0 |              1.0 |    9604.923828125 |   0.043651580810546875 |    25797.595703125 | 333.0 | 666.0 |
          22.0 |              1.0 |       9618.578125 |    0.02691534534096718 |    25699.986328125 | 333.0 | 666.0 |
          22.0 |              1.0 |     9635.90234375 |   0.013803842477500439 |    25635.724609375 | 333.0 | 666.0 |
          22.0 |              1.0 |     9695.92578125 |    0.01148153468966484 |    25699.986328125 | 333.0 | 666.0 |
          22.0 |              1.0 |   9725.5498046875 |   0.008912510238587856 |    25926.771484375 | 333.0 | 666.0 |
          22.0 |              1.0 |   9834.8388671875 |    0.06456541270017624 |    15220.392578125 | 333.0 | 666.0 |
          22.0 |              1.0 |    9930.072265625 |   0.025703955441713333 |   15156.8017578125 | 333.0 | 666.0 |
          22.0 |              1.0 |      10000.703125 |    0.01412537507712841 |    15108.111328125 | 333.0 | 666.0 |
          22.0 |              1.0 |  10005.8310546875 |    0.04786300286650658 |     17423.85546875 | 333.0 | 666.0 |
          22.0 |              1.0 |  10008.4072265625 | 0.00020892957400064915 |         8602.34375 | 333.0 | 666.0 |
          22.0 |              1.0 |  10037.2470703125 |   0.016982438042759895 |   11776.8115234375 | 333.0 | 666.0 |
          22.0 |              1.0 |  10051.5830078125 |    0.01174897700548172 |    11639.810546875 | 333.0 | 666.0 |
          22.0 |              1.0 |  10062.6591796875 |   0.008317639119923115 |   11531.7607421875 | 333.0 | 666.0 |
          22.0 |              1.0 |  10123.6728515625 |    0.01174897700548172 |         17540.1875 | 333.0 | 666.0 |
          22.0 |              1.0 |  10173.2783203125 |  0.0006456541595980525 |    11639.810546875 | 333.0 | 666.0 |
          22.0 |              1.0 |  10191.9326171875 |  0.0008317639003507793 |   11776.8115234375 | 333.0 | 666.0 |
          22.0 |              1.0 |  10399.6591796875 |   0.014791082590818405 |    6842.9619140625 | 333.0 | 666.0 |
          22.0 |              1.0 |   10498.998046875 |   0.012022645212709904 |     6742.755859375 | 333.0 | 666.0 |
          22.0 |              1.0 |     10693.9296875 |  0.0006025595357641578 |    12118.392578125 | 333.0 | 666.0 |
          22.0 |              1.0 |    10735.80859375 |  0.0013489632401615381 |     6661.005859375 | 333.0 | 666.0 |
          22.0 |              1.0 |  11783.7705078125 |   0.006606933660805225 |    11639.810546875 | 333.0 | 666.0 |
          22.0 |              1.0 |    11800.41015625 |   0.005623413249850273 |   11531.7607421875 | 333.0 | 666.0 |
          22.0 |              1.0 |   11896.126953125 |    0.02238721214234829 |   11531.7607421875 | 333.0 | 666.0 |
          22.0 |              1.0 |        11952.8125 |    0.02818383276462555 |    11639.810546875 | 333.0 | 666.0 |
          22.0 |              1.0 |  11977.1337890625 |   0.040738027542829514 |   11776.8115234375 | 333.0 | 666.0 |
          22.0 |              1.0 |   12603.716796875 |   0.007079456467181444 |    11639.810546875 | 333.0 | 666.0 |
          22.0 |              1.0 |   12674.568359375 |   0.005623413249850273 |   11531.7607421875 | 333.0 | 666.0 |
          22.0 |              1.0 |     12825.1796875 |    0.09332543611526489 |   11776.8115234375 | 333.0 | 666.0 |
          22.0 |              1.0 |    12834.94140625 |    0.03981072083115578 |   11531.7607421875 | 333.0 | 666.0 |
          22.0 |              1.0 |  12850.5478515625 |    0.05754399299621582 |    11639.810546875 | 333.0 | 666.0 |
          22.0 |              1.0 |  13015.4599609375 |   0.006606933660805225 |    11639.810546875 | 333.0 | 666.0 |
          22.0 |              1.0 |   13080.849609375 |   0.008317639119923115 |   11776.8115234375 | 333.0 | 666.0 |
          22.0 |              1.0 |    13412.76953125 |  0.0012022642185911536 |    12118.392578125 | 333.0 | 666.0 |
          22.0 |              1.0 |   15190.849609375 |   0.004897788632661104 |   15156.8017578125 | 333.0 | 666.0 |
          22.0 |              1.0 |   15339.029296875 |    0.10964782536029816 |    15220.392578125 | 333.0 | 666.0 |
          22.0 |              1.0 |  15431.2001953125 |   0.004168692510575056 |    15108.111328125 | 333.0 | 666.0 |
          22.0 |              1.0 |           15548.0 |    0.08317636698484421 |   15156.8017578125 | 333.0 | 666.0 |
          22.0 |              1.0 |  15703.2705078125 |   0.009549926035106182 |    15220.392578125 | 333.0 | 666.0 |
          22.0 |              1.0 |      15719.859375 |    0.06309572607278824 |    15108.111328125 | 333.0 | 666.0 |
          22.0 |              1.0 |      15841.109375 |   0.007585777901113033 |   15156.8017578125 | 333.0 | 666.0 |
          22.0 |              1.0 |   21788.888671875 |     0.0691831037402153 |   14105.6337890625 | 333.0 | 666.0 |
          22.0 |              1.0 |   21903.349609375 |    0.03388441354036331 |    14028.435546875 | 333.0 | 666.0 |
          22.0 |              1.0 |   22010.509765625 |    0.01230268832296133 |      13981.7734375 | 333.0 | 666.0 |
          22.0 |              1.0 |     22217.2890625 |    0.01659587025642395 |      13981.7734375 | 333.0 | 666.0 |
          22.0 |              1.0 |     22238.8984375 |    0.02089296467602253 |    14028.435546875 | 333.0 | 666.0 |
          22.0 |              1.0 |      22280.109375 |   0.016218101605772972 |   14105.6337890625 | 333.0 | 666.0 |
          22.0 |              1.0 |    22450.01953125 |   0.004265796393156052 |    14028.435546875 | 333.0 | 666.0 |
          22.0 |              1.0 |      22627.390625 |  0.0019054606091231108 |   14105.6337890625 | 333.0 | 666.0 |
          22.0 |              1.0 |    22638.91015625 |  0.0027542291209101677 |   15156.8017578125 | 333.0 | 666.0 |
          22.0 |              1.0 |   22969.599609375 |     0.0537031814455986 |    15220.392578125 | 333.0 | 666.0 |
          22.0 |              1.0 |     23183.2109375 |   0.002238720655441284 |    15108.111328125 | 333.0 | 666.0 |
          22.0 |              1.0 |      23447.859375 |    0.03467368334531784 |   15156.8017578125 | 333.0 | 666.0 |
          22.0 |              1.0 |    23725.48046875 |   0.025118863210082054 |    15108.111328125 | 333.0 | 666.0 |
          22.0 |              1.0 |   24718.068359375 |  0.0006456541595980525 |     17423.85546875 | 333.0 | 666.0 |
          22.0 |              1.0 |    27789.76171875 |  0.0038018932100385427 |       18141.265625 | 333.0 | 666.0 |
          22.0 |              1.0 |   28158.869140625 |  0.0032359363976866007 |    18037.212890625 | 333.0 | 666.0 |
          22.0 |              1.0 |   28191.708984375 |     0.1412537395954132 |      18192.5703125 | 333.0 | 666.0 |
          22.0 |              1.0 |   29008.740234375 |    0.09772372245788574 |       18141.265625 | 333.0 | 666.0 |
          22.0 |              1.0 |       29135.21875 |     0.0676083043217659 |    18037.212890625 | 333.0 | 666.0 |
          22.0 |              1.0 |   31427.380859375 |    0.00933254323899746 |      18287.5546875 | 333.0 | 666.0 |
          22.0 |              1.0 |        38671.6875 |   0.012589254416525364 |         17540.1875 | 333.0 | 666.0 |
          22.0 |              1.0 |      38726.859375 |   0.008912510238587856 |     17423.85546875 | 333.0 | 666.0 |
          22.0 |              1.0 |    38935.91015625 |  0.0047863018698990345 |    17369.529296875 | 333.0 | 666.0 |
%NIST