 Atomic Number | Ionization State |  Wavelength (Ang.) |            g_i*f_ik |        E_i(cm^-1) |     i |     j |
          23.0 |              4.0 |   677.344970703125 |  0.4168694019317627 | 734.7000122070312 | 333.0 | 666.0 |
          23.0 |              4.0 |  680.6320190429688 |  0.5888436436653137 | 734.7000122070312 | 333.0 | 666.0 |
          23.0 |              4.0 |    681.14501953125 |  0.3801894187927246 | 325.3999938964844 | 333.0 | 666.0 |
          23.0 |              4.0 |  682.4549560546875 |  0.3162277638912201 | 325.3999938964844 | 333.0 | 666.0 |
          23.0 |              4.0 |  682.9229736328125 | 0.23988328874111176 |               0.0 | 333.0 | 666.0 |
          23.0 |              4.0 |  684.4500122070312 |  0.2691534757614136 | 325.3999938964844 | 333.0 | 666.0 |
          23.0 |              4.0 |   691.530029296875 | 0.23442287743091583 |  10959.2998046875 | 333.0 | 666.0 |
          23.0 |              4.0 |  722.9119873046875 |  0.1202264353632927 |  13239.2001953125 | 333.0 | 666.0 |
          23.0 |              4.0 |  723.5369873046875 |   0.117489755153656 |  13239.2001953125 | 333.0 | 666.0 |
          23.0 |              4.0 |  724.0679931640625 | 0.43651580810546875 |  13458.2998046875 | 333.0 | 666.0 |
          23.0 |              4.0 |  724.8090209960938 | 0.13182567059993744 |  13458.2998046875 | 333.0 | 666.0 |
          23.0 |              4.0 |    737.85400390625 |  1.3803843259811401 |    18391.19921875 | 333.0 | 666.0 |
          23.0 |              4.0 |  750.1099853515625 |  0.4265795052051544 |  10959.2998046875 | 333.0 | 666.0 |
          23.0 |              4.0 |    884.14599609375 |  0.1659587025642395 |     42462.1015625 | 333.0 | 666.0 |
          23.0 |              4.0 |  1071.053955078125 |  0.5248074531555176 |      144273.09375 | 333.0 | 666.0 |
          23.0 |              4.0 |  1110.719970703125 |  0.2754228711128235 |     146117.703125 | 333.0 | 666.0 |
          23.0 |              4.0 |  1112.198974609375 |  0.8128305077552795 |      146855.09375 | 333.0 | 666.0 |
          23.0 |              4.0 |   1112.43603515625 |  0.4677351415157318 |     146429.296875 | 333.0 | 666.0 |
          23.0 |              4.0 |       1127.8359375 |  0.8511380553245544 |          147656.5 | 333.0 | 666.0 |
          23.0 |              4.0 | 1131.2550048828125 |   1.258925437927246 |     148369.203125 | 333.0 | 666.0 |
          23.0 |              4.0 |    1194.4619140625 |  1.0715192556381226 |     153918.703125 | 333.0 | 666.0 |
          23.0 |              4.0 |   1226.52294921875 |  1.6982436180114746 |      144273.09375 | 333.0 | 666.0 |
          23.0 |              4.0 |  1243.718017578125 |  0.2187761515378952 |     146117.703125 | 333.0 | 666.0 |
          23.0 |              4.0 | 1247.0689697265625 | 0.33113113045692444 |     146429.296875 | 333.0 | 666.0 |
          23.0 |              4.0 |      1250.91796875 |  0.3890451490879059 |      146855.09375 | 333.0 | 666.0 |
          23.0 |              4.0 | 1272.9720458984375 |  0.6606934666633606 |          155565.5 | 333.0 | 666.0 |
          23.0 |              4.0 | 1304.1729736328125 |  1.9054607152938843 |     146117.703125 | 333.0 | 666.0 |
          23.0 |              4.0 | 1305.4200439453125 |   1.258925437927246 |     146429.296875 | 333.0 | 666.0 |
          23.0 |              4.0 |   1308.06103515625 |   1.819700837135315 |      146855.09375 | 333.0 | 666.0 |
          23.0 |              4.0 |     1309.501953125 |  1.1220184564590454 |     146429.296875 | 333.0 | 666.0 |
          23.0 |              4.0 |  1312.717041015625 |  1.5488165616989136 |      146855.09375 | 333.0 | 666.0 |
          23.0 |              4.0 | 1317.5660400390625 |  1.5848932266235352 |     147135.203125 | 333.0 | 666.0 |
          23.0 |              4.0 |  1321.718994140625 | 0.12302687019109726 |     147135.203125 | 333.0 | 666.0 |
          23.0 |              4.0 |    1321.9169921875 |   2.344228744506836 |          147656.5 | 333.0 | 666.0 |
          23.0 |              4.0 |     1326.666015625 |  0.2238721251487732 |          147656.5 | 333.0 | 666.0 |
          23.0 |              4.0 |  1326.806884765625 |  0.5248074531555176 |          151427.0 | 333.0 | 666.0 |
          23.0 |              4.0 |    1329.2880859375 |  1.9952623844146729 |     151567.296875 | 333.0 | 666.0 |
          23.0 |              4.0 |  1329.968017578125 |  0.3801894187927246 |          151427.0 | 333.0 | 666.0 |
          23.0 |              4.0 | 1330.3551025390625 | 0.47863009572029114 |      151449.09375 | 333.0 | 666.0 |
          23.0 |              4.0 |    1331.6650390625 |  0.4570881724357605 |          151427.0 | 333.0 | 666.0 |
          23.0 |              4.0 |     1332.458984375 |  0.6025595664978027 |     151567.296875 | 333.0 | 666.0 |
          23.0 |              4.0 |  1334.492919921875 |  1.9952623844146729 |     148369.203125 | 333.0 | 666.0 |
          23.0 |              4.0 |    1339.3349609375 |  0.1412537395954132 |     148369.203125 | 333.0 | 666.0 |
          23.0 |              4.0 |  1355.131103515625 |   6.165950298309326 |     153918.703125 | 333.0 | 666.0 |
          23.0 |              4.0 | 1356.5289306640625 | 0.40738028287887573 |      144273.09375 | 333.0 | 666.0 |
          23.0 |              4.0 |   1391.10498046875 | 0.20417378842830658 |     153918.703125 | 333.0 | 666.0 |
          23.0 |              4.0 | 1395.0010986328125 |  2.8840315341949463 |      144273.09375 | 333.0 | 666.0 |
          23.0 |              4.0 |     1400.416015625 |  1.5488165616989136 |     146429.296875 | 333.0 | 666.0 |
          23.0 |              4.0 | 1403.6180419921875 |  2.2387211322784424 |      146855.09375 | 333.0 | 666.0 |
          23.0 |              4.0 | 1408.6390380859375 | 0.25118863582611084 |     146117.703125 | 333.0 | 666.0 |
          23.0 |              4.0 |   1412.68603515625 |  0.9772372245788574 |     146117.703125 | 333.0 | 666.0 |
          23.0 |              4.0 | 1414.4090576171875 |  2.5118863582611084 |     147135.203125 | 333.0 | 666.0 |
          23.0 |              4.0 |  1414.842041015625 |  0.6918309926986694 |     146429.296875 | 333.0 | 666.0 |
          23.0 |              4.0 |  1418.532958984375 |  1.0964782238006592 |      146855.09375 | 333.0 | 666.0 |
          23.0 |              4.0 | 1418.9210205078125 |  0.3467368483543396 |     146429.296875 | 333.0 | 666.0 |
          23.0 |              4.0 | 1419.5799560546875 |  3.5481340885162354 |          147656.5 | 333.0 | 666.0 |
          23.0 |              4.0 |     1423.419921875 |  0.4677351415157318 |      146855.09375 | 333.0 | 666.0 |
          23.0 |              4.0 |  1423.718994140625 |  1.0715192556381226 |          155565.5 | 333.0 | 666.0 |
          23.0 |              4.0 | 1424.1968994140625 | 0.15135613083839417 |     147135.203125 | 333.0 | 666.0 |
          23.0 |              4.0 | 1424.9158935546875 |  0.2570396065711975 |          147656.5 | 333.0 | 666.0 |
          23.0 |              4.0 |  1426.654052734375 |   7.413102626800537 |     148369.203125 | 333.0 | 666.0 |
          23.0 |              4.0 |  1429.114013671875 |  0.7585775852203369 |     147135.203125 | 333.0 | 666.0 |
          23.0 |              4.0 | 1434.0919189453125 | 0.33113113045692444 |     148369.203125 | 333.0 | 666.0 |
          23.0 |              4.0 |  1434.842041015625 |    1.17489755153656 |          147656.5 | 333.0 | 666.0 |
          23.0 |              4.0 |  1449.680908203125 | 0.26302680373191833 |     148369.203125 | 333.0 | 666.0 |
          23.0 |              4.0 |    1451.0419921875 |  0.6606934666633606 |          151427.0 | 333.0 | 666.0 |
          23.0 |              4.0 | 1451.4959716796875 | 0.23442287743091583 |      151449.09375 | 333.0 | 666.0 |
          23.0 |              4.0 |             1454.0 |  1.0471285581588745 |     151567.296875 | 333.0 | 666.0 |
          23.0 |              4.0 |   1520.14208984375 |  1.7378008365631104 |     151567.296875 | 333.0 | 666.0 |
          23.0 |              4.0 |  1522.492919921875 |  0.9549925923347473 |          151427.0 | 333.0 | 666.0 |
          23.0 |              4.0 |  1525.756103515625 | 0.16218100488185883 |     151567.296875 | 333.0 | 666.0 |
          23.0 |              4.0 | 1527.2230224609375 |   0.229086771607399 |          151427.0 | 333.0 | 666.0 |
          23.0 |              4.0 |  1527.720947265625 | 0.37153521180152893 |      151449.09375 | 333.0 | 666.0 |
          23.0 |              4.0 |    1601.9150390625 |  1.3803843259811401 |          155565.5 | 333.0 | 666.0 |
          23.0 |              4.0 |      1611.87890625 |  1.4125375747680664 |     153918.703125 | 333.0 | 666.0 |
          23.0 |              4.0 | 1806.1839599609375 |  1.0715192556381226 |     100200.703125 | 333.0 | 666.0 |
          23.0 |              4.0 |   1809.85400390625 |  0.3548133969306946 |     96196.1015625 | 333.0 | 666.0 |
          23.0 |              4.0 |   1810.56591796875 |  0.3388441503047943 |     96196.1015625 | 333.0 | 666.0 |
          23.0 |              4.0 | 1813.0499267578125 | 0.37153521180152893 |     96412.1015625 | 333.0 | 666.0 |
          23.0 |              4.0 | 1817.6759033203125 |  0.7079457640647888 |     96412.1015625 | 333.0 | 666.0 |
          23.0 |              4.0 | 1825.8360595703125 |  1.3182567358016968 |           96798.0 | 333.0 | 666.0 |
          23.0 |              4.0 |   1861.55810546875 |  2.3988327980041504 |     100200.703125 | 333.0 | 666.0 |
          23.0 |              4.0 |   1939.06494140625 |   2.951209306716919 |           96798.0 | 333.0 | 666.0 |
          23.0 |              4.0 | 1951.4320068359375 |  1.9952623844146729 |     96412.1015625 | 333.0 | 666.0 |
          23.0 |              4.0 |   1963.10302734375 |  1.3803843259811401 |     96196.1015625 | 333.0 | 666.0 |
          23.0 |              4.0 | 1966.2440185546875 |  0.2818382978439331 |           96798.0 | 333.0 | 666.0 |
          23.0 |              4.0 | 1982.4219970703125 |  0.2691534757614136 |     96412.1015625 | 333.0 | 666.0 |
          23.0 |              4.0 | 1997.7220458984375 |  1.9498445987701416 |           96798.0 | 333.0 | 666.0 |
          23.0 |              4.0 |  1999.320068359375 |  1.0715192556381226 |     96412.1015625 | 333.0 | 666.0 |
          23.0 |              4.0 | 2003.1280517578125 |  0.6456542611122131 |     96196.1015625 | 333.0 | 666.0 |
          23.0 |              4.0 | 2011.8299560546875 | 0.30902954936027527 |     96412.1015625 | 333.0 | 666.0 |
          23.0 |              4.0 | 2014.8499755859375 |  0.2951209545135498 |           96798.0 | 333.0 | 666.0 |
          23.0 |              4.0 |   2060.77197265625 | 0.13803842663764954 |     215957.703125 | 333.0 | 666.0 |
          23.0 |              4.0 |   2085.09716796875 |  1.3182567358016968 |          217108.0 | 333.0 | 666.0 |
          23.0 |              4.0 |  2120.722900390625 |   4.897788047790527 |     215957.703125 | 333.0 | 666.0 |
          23.0 |              4.0 |      2137.00390625 |  1.1481536626815796 |          217108.0 | 333.0 | 666.0 |
          23.0 |              4.0 |    2138.4150390625 |  1.8620871305465698 |          217350.0 | 333.0 | 666.0 |
          23.0 |              4.0 |    2141.8740234375 |  2.3988327980041504 |          216905.0 | 333.0 | 666.0 |
          23.0 |              4.0 |      2147.50390625 |   4.073802947998047 |     217836.296875 | 333.0 | 666.0 |
          23.0 |              4.0 |  2150.529052734375 |  2.4547088146209717 |          217108.0 | 333.0 | 666.0 |
          23.0 |              4.0 |  2150.907958984375 |  2.4547088146209717 |          218100.0 | 333.0 | 666.0 |
          23.0 |              4.0 |   2151.76416015625 |  2.6915347576141357 |          217350.0 | 333.0 | 666.0 |
          23.0 |              4.0 |  2156.013916015625 |  10.964780807495117 |      218463.59375 | 333.0 | 666.0 |
          23.0 |              4.0 |   2159.73291015625 |  0.9332543015480042 |          218100.0 | 333.0 | 666.0 |
          23.0 |              4.0 |  2160.901123046875 |  1.9498445987701416 |     217836.296875 | 333.0 | 666.0 |
          23.0 |              4.0 |    2167.8798828125 |  1.0964782238006592 |      218463.59375 | 333.0 | 666.0 |
          23.0 |              4.0 |   2171.06494140625 |  2.5118863582611084 |          218100.0 | 333.0 | 666.0 |
          23.0 |              4.0 |  2174.573974609375 |  0.7585775852203369 |     217836.296875 | 333.0 | 666.0 |
          23.0 |              4.0 |  2187.077880859375 | 0.14791084825992584 |          218100.0 | 333.0 | 666.0 |
          23.0 |              4.0 |      2188.24609375 |  0.6025595664978027 |      218463.59375 | 333.0 | 666.0 |
          23.0 |              4.0 |    2268.9990234375 |  1.2302688360214233 |     100200.703125 | 333.0 | 666.0 |
          23.0 |              4.0 |  2379.015869140625 | 0.17378008365631104 |          223033.0 | 333.0 | 666.0 |
          23.0 |              4.0 |  2396.179931640625 |  0.4570881724357605 |     215957.703125 | 333.0 | 666.0 |
          23.0 |              4.0 |    2417.2861328125 |  1.4125375747680664 |          223033.0 | 333.0 | 666.0 |
          23.0 |              4.0 |  2422.052001953125 |  1.5488165616989136 |      223304.59375 | 333.0 | 666.0 |
          23.0 |              4.0 |     2432.623046875 |  1.9952623844146729 |      222794.59375 | 333.0 | 666.0 |
          23.0 |              4.0 |  2433.256103515625 |  0.2570396065711975 |      223304.59375 | 333.0 | 666.0 |
          23.0 |              4.0 |   2434.26806640625 |  1.2882494926452637 |          223033.0 | 333.0 | 666.0 |
          23.0 |              4.0 |  2446.758056640625 |   1.258925437927246 |          223033.0 | 333.0 | 666.0 |
          23.0 |              4.0 |      2447.54296875 |   5.248075008392334 |      223304.59375 | 333.0 | 666.0 |
          23.0 |              4.0 |   2450.14599609375 |  1.9952623844146729 |      222794.59375 | 333.0 | 666.0 |
          23.0 |              4.0 |      2450.46484375 |  1.6218100786209106 |      223304.59375 | 333.0 | 666.0 |
          23.0 |              4.0 |  2451.611083984375 |  1.9498445987701416 |          223033.0 | 333.0 | 666.0 |
          23.0 |              4.0 |     2464.541015625 |  0.3235936462879181 |          223033.0 | 333.0 | 666.0 |
          23.0 |              4.0 |  2468.032958984375 |  0.2818382978439331 |      223304.59375 | 333.0 | 666.0 |
          23.0 |              4.0 |  2481.488037109375 |  0.4677351415157318 |     217990.703125 | 333.0 | 666.0 |
          23.0 |              4.0 |   2507.72412109375 |  0.1023292988538742 |          216905.0 | 333.0 | 666.0 |
          23.0 |              4.0 |   2510.36181640625 | 0.13182567059993744 |          216905.0 | 333.0 | 666.0 |
          23.0 |              4.0 |     2512.998046875 |  0.5623413324356079 |          217350.0 | 333.0 | 666.0 |
          23.0 |              4.0 |   2520.56103515625 |  0.3162277638912201 |          217108.0 | 333.0 | 666.0 |
          23.0 |              4.0 |     2571.494140625 |   8.317638397216797 |          227712.5 | 333.0 | 666.0 |
          23.0 |              4.0 |  2585.408935546875 |  1.2882494926452637 |      225804.09375 | 333.0 | 666.0 |
          23.0 |              4.0 |    2596.6337890625 |  0.9772372245788574 |     215957.703125 | 333.0 | 666.0 |
          23.0 |              4.0 |  2597.536865234375 |  0.8128305077552795 |      226521.59375 | 333.0 | 666.0 |
          23.0 |              4.0 |     2600.759765625 |  1.7378008365631104 |      226617.09375 | 333.0 | 666.0 |
          23.0 |              4.0 |    2603.9912109375 |  0.3630780577659607 |      226617.09375 | 333.0 | 666.0 |
          23.0 |              4.0 |   2611.10302734375 |  0.4570881724357605 |     254468.796875 | 333.0 | 666.0 |
          23.0 |              4.0 |   2621.10205078125 |  0.1202264353632927 |          218100.0 | 333.0 | 666.0 |
          23.0 |              4.0 |      2624.99609375 |  0.7943282127380371 |          217350.0 | 333.0 | 666.0 |
          23.0 |              4.0 |    2628.8740234375 |  0.4466835856437683 |          217108.0 | 333.0 | 666.0 |
          23.0 |              4.0 |   2637.18701171875 |  0.3162277638912201 |          216905.0 | 333.0 | 666.0 |
          23.0 |              4.0 |  2637.721923828125 |   0.117489755153656 |     217836.296875 | 333.0 | 666.0 |
          23.0 |              4.0 |   2645.73388671875 |  0.1412537395954132 |          217350.0 | 333.0 | 666.0 |
          23.0 |              4.0 |    2646.3291015625 |   2.630267858505249 |      218463.59375 | 333.0 | 666.0 |
          23.0 |              4.0 |   2651.40185546875 |  0.1148153617978096 |          217108.0 | 333.0 | 666.0 |
          23.0 |              4.0 |    2656.1982421875 |  1.9952623844146729 |          218100.0 | 333.0 | 666.0 |
          23.0 |              4.0 |  2657.658935546875 |  1.3182567358016968 |     217836.296875 | 333.0 | 666.0 |
          23.0 |              4.0 |   2717.39892578125 |  0.3801894187927246 |          220343.5 | 333.0 | 666.0 |
          23.0 |              4.0 |   2719.52783203125 |  0.2818382978439331 |     255146.796875 | 333.0 | 666.0 |
          23.0 |              4.0 |     2728.587890625 |  0.5370317697525024 |     255146.796875 | 333.0 | 666.0 |
          23.0 |              4.0 |   2741.35595703125 | 0.12302687019109726 |     217990.703125 | 333.0 | 666.0 |
          23.0 |              4.0 |  2741.777099609375 |  0.3235936462879181 |          255445.5 | 333.0 | 666.0 |
          23.0 |              4.0 |    2744.3349609375 | 0.23442287743091583 |          220343.5 | 333.0 | 666.0 |
          23.0 |              4.0 |  2752.341064453125 |  0.6456542611122131 |     255463.296875 | 333.0 | 666.0 |
          23.0 |              4.0 |      2764.67578125 |   1.258925437927246 |      255747.59375 | 333.0 | 666.0 |
          23.0 |              4.0 |    2765.0361328125 |  2.1877615451812744 |     256251.703125 | 333.0 | 666.0 |
          23.0 |              4.0 |    2824.9619140625 |  0.6918309926986694 |          227712.5 | 333.0 | 666.0 |
          23.0 |              4.0 |  2834.923095703125 |  1.0232930183410645 |     257143.203125 | 333.0 | 666.0 |
          23.0 |              4.0 |     2850.998046875 |  1.6595869064331055 |     257690.796875 | 333.0 | 666.0 |
          23.0 |              4.0 |  2900.425048828125 |  0.7585775852203369 |     258288.796875 | 333.0 | 666.0 |
          23.0 |              4.0 |  3035.150146484375 |  0.7585775852203369 |      223304.59375 | 333.0 | 666.0 |
          23.0 |              4.0 |   3053.23388671875 |  1.6218100786209106 |     254468.796875 | 333.0 | 666.0 |
          23.0 |              4.0 |    3056.7529296875 |  0.5754399299621582 |          223033.0 | 333.0 | 666.0 |
          23.0 |              4.0 |    3061.0361328125 |  0.3981071710586548 |      222794.59375 | 333.0 | 666.0 |
          23.0 |              4.0 |  3068.739990234375 | 0.18197007477283478 |     255146.796875 | 333.0 | 666.0 |
          23.0 |              4.0 |    3078.3701171875 |  0.3890451490879059 |      225804.09375 | 333.0 | 666.0 |
          23.0 |              4.0 |           3097.125 |   0.676082968711853 |          255445.5 | 333.0 | 666.0 |
          23.0 |              4.0 |  3111.318115234375 |  1.6218100786209106 |      223304.59375 | 333.0 | 666.0 |
          23.0 |              4.0 |    3113.9248046875 |  1.0232930183410645 |          223033.0 | 333.0 | 666.0 |
          23.0 |              4.0 |     3122.208984375 |  0.7413102388381958 |      222794.59375 | 333.0 | 666.0 |
          23.0 |              4.0 |   3228.43896484375 |   2.290867805480957 |      254824.09375 | 333.0 | 666.0 |
          23.0 |              4.0 |   3235.18505859375 |  3.1622776985168457 |     255146.796875 | 333.0 | 666.0 |
          23.0 |              4.0 |   3242.39501953125 |   5.248075008392334 |          255445.5 | 333.0 | 666.0 |
          23.0 |              4.0 |  3269.018798828125 |  2.1877615451812744 |     257143.203125 | 333.0 | 666.0 |
          23.0 |              4.0 |           3275.875 | 0.26302680373191833 |      226617.09375 | 333.0 | 666.0 |
          23.0 |              4.0 |     3285.505859375 |   7.762470722198486 |     257690.796875 | 333.0 | 666.0 |
          23.0 |              4.0 |    3295.2080078125 |  0.7585775852203369 |     226796.296875 | 333.0 | 666.0 |
          23.0 |              4.0 |  3296.449951171875 |  1.2302688360214233 |     255463.296875 | 333.0 | 666.0 |
          23.0 |              4.0 |  3299.321044921875 |  1.9498445987701416 |      255747.59375 | 333.0 | 666.0 |
          23.0 |              4.0 |  3304.670166015625 | 0.19054606556892395 |      226521.59375 | 333.0 | 666.0 |
          23.0 |              4.0 |  3315.129150390625 | 0.14454399049282074 |      226617.09375 | 333.0 | 666.0 |
          23.0 |              4.0 |    3319.7431640625 | 0.19952623546123505 |      226617.09375 | 333.0 | 666.0 |
          23.0 |              4.0 |   3329.48388671875 |  2.5703957080841064 |     256251.703125 | 333.0 | 666.0 |
          23.0 |              4.0 |  3334.945068359375 | 0.19498446583747864 |     226796.296875 | 333.0 | 666.0 |
          23.0 |              4.0 |            3335.75 |  2.4547088146209717 |          227712.5 | 333.0 | 666.0 |
          23.0 |              4.0 |   3386.30810546875 | 0.19054606556892395 |     257690.796875 | 333.0 | 666.0 |
          23.0 |              4.0 |             3434.5 |  0.5011872053146362 |      254824.09375 | 333.0 | 666.0 |
          23.0 |              4.0 |   3449.39794921875 |  3.7153522968292236 |     254468.796875 | 333.0 | 666.0 |
          23.0 |              4.0 |   3453.72998046875 |  1.0964782238006592 |     255146.796875 | 333.0 | 666.0 |
          23.0 |              4.0 |   3456.31494140625 |  0.9772372245788574 |     258288.796875 | 333.0 | 666.0 |
          23.0 |              4.0 |   3460.39013671875 |  1.0715192556381226 |      254824.09375 | 333.0 | 666.0 |
          23.0 |              4.0 |  3472.983154296875 |  1.6218100786209106 |     255146.796875 | 333.0 | 666.0 |
          23.0 |              4.0 |        3474.453125 |  2.3988327980041504 |          255445.5 | 333.0 | 666.0 |
          23.0 |              4.0 |  3488.630126953125 |  0.6309573650360107 |      225804.09375 | 333.0 | 666.0 |
          23.0 |              4.0 |  3490.510009765625 |  0.2691534757614136 |     226796.296875 | 333.0 | 666.0 |
          23.0 |              4.0 |  3491.911865234375 |   4.073802947998047 |     255463.296875 | 333.0 | 666.0 |
          23.0 |              4.0 |  3497.419189453125 |   7.244359970092773 |      255747.59375 | 333.0 | 666.0 |
          23.0 |              4.0 |  3501.570068359375 |  0.3162277638912201 |      256739.90625 | 333.0 | 666.0 |
          23.0 |              4.0 |   3505.10009765625 | 0.13803842663764954 |      226617.09375 | 333.0 | 666.0 |
          23.0 |              4.0 |    3506.7001953125 |  0.8317638039588928 |     256781.796875 | 333.0 | 666.0 |
          23.0 |              4.0 |  3515.260009765625 |   9.549925804138184 |     256251.703125 | 333.0 | 666.0 |
          23.0 |              4.0 |   3526.89990234375 | 0.24547088146209717 |      255747.59375 | 333.0 | 666.0 |
          23.0 |              4.0 |  3546.989990234375 |  0.2951209545135498 |      255747.59375 | 333.0 | 666.0 |
          23.0 |              4.0 |   3551.73193359375 |   1.202264428138733 |     257143.203125 | 333.0 | 666.0 |
          23.0 |              4.0 |  3682.090087890625 |  1.2302688360214233 |     256781.796875 | 333.0 | 666.0 |
          23.0 |              4.0 |     3692.287109375 |  1.8620871305465698 |     257143.203125 | 333.0 | 666.0 |
          23.0 |              4.0 |     3834.830078125 |  1.5848932266235352 |     258288.796875 | 333.0 | 666.0 |
          23.0 |              4.0 |   4137.89013671875 |  0.2754228711128235 |     234121.796875 | 333.0 | 666.0 |
          23.0 |              4.0 |   4506.43017578125 |  0.3981071710586548 |       263608.3125 | 333.0 | 666.0 |
          23.0 |              4.0 |   4509.93017578125 |  0.3548133969306946 |      264113.09375 | 333.0 | 666.0 |
          23.0 |              4.0 |     4519.849609375 |  1.0964782238006592 |       264161.8125 | 333.0 | 666.0 |
          23.0 |              4.0 |      4566.91015625 |  0.4897788166999817 |       263902.3125 | 333.0 | 666.0 |
          23.0 |              4.0 |   4609.43994140625 |  0.3981071710586548 |      264591.90625 | 333.0 | 666.0 |
          23.0 |              4.0 |    4617.8603515625 |  0.3801894187927246 |      264401.90625 | 333.0 | 666.0 |
          23.0 |              4.0 |      4645.28515625 |  1.9054607152938843 |       266600.3125 | 333.0 | 666.0 |
          23.0 |              4.0 |    4802.8798828125 |  0.3630780577659607 |      236322.40625 | 333.0 | 666.0 |
          23.0 |              4.0 |   4842.60986328125 |  1.3803843259811401 |     237638.796875 | 333.0 | 666.0 |
          23.0 |              4.0 |   4846.56005859375 |  0.3801894187927246 |      236148.59375 | 333.0 | 666.0 |
          23.0 |              4.0 |      4856.41015625 |  0.4897788166999817 |      236148.59375 | 333.0 | 666.0 |
          23.0 |              4.0 |       4900.9296875 |  0.3801894187927246 |      263822.40625 | 333.0 | 666.0 |
          23.0 |              4.0 |     4907.650390625 |  1.9952623844146729 |      236766.90625 | 333.0 | 666.0 |
          23.0 |              4.0 |     4914.455078125 |  1.0715192556381226 |      263111.40625 | 333.0 | 666.0 |
          23.0 |              4.0 |   4918.31005859375 |  0.5623413324356079 |       263608.3125 | 333.0 | 666.0 |
          23.0 |              4.0 |     4955.791015625 |  0.6309573650360107 |       264161.8125 | 333.0 | 666.0 |
          23.0 |              4.0 |   4971.73486328125 |  0.6456542611122131 |      264113.09375 | 333.0 | 666.0 |
          23.0 |              4.0 |        4973.328125 | 0.23988328874111176 |      264591.90625 | 333.0 | 666.0 |
          23.0 |              4.0 |    4987.0439453125 |   3.388441324234009 |     237638.796875 | 333.0 | 666.0 |
          23.0 |              4.0 |    5036.8642578125 |  2.2387211322784424 |       264845.6875 | 333.0 | 666.0 |
          23.0 |              4.0 |   5076.31005859375 |  0.7244359850883484 |      264401.90625 | 333.0 | 666.0 |
          23.0 |              4.0 |    5132.2099609375 |  4.2657952308654785 |      236766.90625 | 333.0 | 666.0 |
          23.0 |              4.0 |     5147.935546875 |  2.5703957080841064 |      236322.40625 | 333.0 | 666.0 |
          23.0 |              4.0 |   5177.39208984375 |  1.2302688360214233 |      236148.59375 | 333.0 | 666.0 |
          23.0 |              4.0 |    5224.3798828125 |  0.6165950298309326 |      236322.40625 | 333.0 | 666.0 |
          23.0 |              4.0 |      5263.62890625 |  0.9772372245788574 |      236148.59375 | 333.0 | 666.0 |
          23.0 |              4.0 |    5268.5107421875 |  0.5888436436653137 |      236766.90625 | 333.0 | 666.0 |
          23.0 |              4.0 |            5312.25 |  0.8128305077552795 |      236322.40625 | 333.0 | 666.0 |
          23.0 |              4.0 |   5353.80908203125 |  2.5118863582611084 |      236766.90625 | 333.0 | 666.0 |
          23.0 |              4.0 |    5354.5791015625 |  0.9549925923347473 |      236148.59375 | 333.0 | 666.0 |
          23.0 |              4.0 |   5941.77001953125 |  1.5488165616989136 |     237638.796875 | 333.0 | 666.0 |
%NIST