 Atomic Number | Ionization State |  Wavelength (Ang.) |               g_i*f_ik | E_i(cm^-1) |   i |   j |
          23.0 |             13.0 | 41.596000000000004 |    0.01244514611771385 |        0.0 | 1.0 | 2.0 |
          23.0 |             13.0 |             43.371 |   0.010327614057613975 |        0.0 | 1.0 | 2.0 |
          23.0 |             13.0 | 45.644999999999996 |   0.028119008303989407 |   225520.0 | 1.0 | 2.0 |
          23.0 |             13.0 |             45.873 |    0.05128613839913648 |   236530.0 | 1.0 | 2.0 |
          23.0 |             13.0 | 45.876000000000005 |   0.005623413251903491 |   236530.0 | 1.0 | 2.0 |
          23.0 |             13.0 | 46.117999999999995 |  0.0031622776601683794 |   225520.0 | 1.0 | 2.0 |
          23.0 |             13.0 | 46.394999999999996 |   0.006025595860743574 |   236530.0 | 1.0 | 2.0 |
          23.0 |             13.0 |              46.46 |    0.03715352290971726 |        0.0 | 1.0 | 2.0 |
          23.0 |             13.0 |             46.482 |   0.018620871366628676 |        0.0 | 1.0 | 2.0 |
          23.0 |             13.0 |             47.637 |     0.0446683592150963 |   225520.0 | 1.0 | 2.0 |
          23.0 |             13.0 |             47.884 |     0.0812830516164099 |   236530.0 | 1.0 | 2.0 |
          23.0 |             13.0 | 47.888999999999996 |   0.008912509381337459 |   236530.0 | 1.0 | 2.0 |
          23.0 |             13.0 | 48.434999999999995 |   0.005248074602497728 |   225520.0 | 1.0 | 2.0 |
          23.0 |             13.0 |             48.682 |   0.010715193052376065 |   236530.0 | 1.0 | 2.0 |
          23.0 |             13.0 | 51.090999999999994 |     0.0812830516164099 |   225520.0 | 1.0 | 2.0 |
          23.0 |             13.0 |             51.376 |    0.14791083881682077 |   236530.0 | 1.0 | 2.0 |
          23.0 |             13.0 | 51.379999999999995 |   0.015848931924611134 |   236530.0 | 1.0 | 2.0 |
          23.0 |             13.0 |              52.59 |   0.010715193052376065 |   225520.0 | 1.0 | 2.0 |
          23.0 |             13.0 |              52.87 |     0.0812830516164099 |        0.0 | 1.0 | 2.0 |
          23.0 |             13.0 |             52.897 |     0.0199526231496888 |   236530.0 | 1.0 | 2.0 |
          23.0 |             13.0 |             52.928 |    0.04073802778041128 |        0.0 | 1.0 | 2.0 |
          23.0 |             13.0 |             53.281 |    0.07244359600749903 |   544700.0 | 1.0 | 2.0 |
          23.0 |             13.0 | 53.318000000000005 |    0.10375284158180126 |   545950.0 | 1.0 | 2.0 |
          23.0 |             13.0 |             53.781 |   0.002454708915685031 |   544700.0 | 1.0 | 2.0 |
          23.0 |             13.0 |  53.81700000000001 |   0.004365158322401661 |   545950.0 | 1.0 | 2.0 |
          23.0 |             13.0 |             55.932 |    0.12302687708123815 |   544700.0 | 1.0 | 2.0 |
          23.0 |             13.0 |             55.967 |    0.18197008586099836 |   545950.0 | 1.0 | 2.0 |
          23.0 |             13.0 | 55.974000000000004 |   0.009332543007969915 |   545950.0 | 1.0 | 2.0 |
          23.0 |             13.0 |             56.786 |   0.004265795188015926 |   544700.0 | 1.0 | 2.0 |
          23.0 |             13.0 |             56.826 |   0.007585775750291836 |   545950.0 | 1.0 | 2.0 |
          23.0 |             13.0 |             58.116 |    0.17378008287493754 |   225520.0 | 1.0 | 2.0 |
          23.0 |             13.0 |             58.482 |    0.30902954325135906 |   236530.0 | 1.0 | 2.0 |
          23.0 |             13.0 |              58.49 |   0.034673685045253165 |   236530.0 | 1.0 | 2.0 |
          23.0 |             13.0 |             60.596 |     0.2630267991895382 |   544700.0 | 1.0 | 2.0 |
          23.0 |             13.0 |              60.64 |    0.37153522909717257 |   545950.0 | 1.0 | 2.0 |
          23.0 |             13.0 | 60.644999999999996 |   0.018620871366628676 |   545950.0 | 1.0 | 2.0 |
          23.0 |             13.0 |             61.705 |   0.026302679918953815 |   225520.0 | 1.0 | 2.0 |
          23.0 |             13.0 |             62.132 |    0.05272298614228227 |   236530.0 | 1.0 | 2.0 |
          23.0 |             13.0 |  62.20100000000001 |  0.0016982436524617442 |   544700.0 | 1.0 | 2.0 |
          23.0 |             13.0 | 62.239000000000004 |   0.008912509381337459 |   544700.0 | 1.0 | 2.0 |
          23.0 |             13.0 | 62.248999999999995 |    0.01548816618912481 |   545950.0 | 1.0 | 2.0 |
          23.0 |             13.0 |             70.262 |     0.6839116472814293 |   544700.0 | 1.0 | 2.0 |
          23.0 |             13.0 |  70.32300000000001 |     0.9794899854086989 |   545950.0 | 1.0 | 2.0 |
          23.0 |             13.0 |             70.327 |    0.04897788193684462 |   545950.0 | 1.0 | 2.0 |
          23.0 |             13.0 |             71.799 |    0.24547089156850305 |        0.0 | 1.0 | 2.0 |
          23.0 |             13.0 |  72.02499999999999 |     0.1288249551693134 |        0.0 | 1.0 | 2.0 |
          23.0 |             13.0 |  74.25399999999999 |   0.005011872336272725 |   544700.0 | 1.0 | 2.0 |
          23.0 |             13.0 |             74.321 |   0.046773514128719815 |   545950.0 | 1.0 | 2.0 |
          23.0 |             13.0 |             74.368 |   0.025118864315095794 |   544700.0 | 1.0 | 2.0 |
          23.0 |             13.0 |             78.101 |      0.519995996533516 |   225520.0 | 1.0 | 2.0 |
          23.0 |             13.0 |             78.746 |     0.9268298233793493 |   236530.0 | 1.0 | 2.0 |
          23.0 |             13.0 |             78.783 |    0.10471285480508996 |   236530.0 | 1.0 | 2.0 |
          23.0 |             13.0 |             90.612 |   0.011803206356517298 |  1300490.0 | 1.0 | 2.0 |
          23.0 |             13.0 |             93.025 |    0.13740419750125152 |   225520.0 | 1.0 | 2.0 |
          23.0 |             13.0 |             93.994 |     0.2910717118066605 |   236530.0 | 1.0 | 2.0 |
          23.0 |             13.0 |             97.287 |     0.0446683592150963 |  1388410.0 | 1.0 | 2.0 |
          23.0 |             13.0 |  97.68299999999999 |    0.07943282347242814 |  1392780.0 | 1.0 | 2.0 |
          23.0 |             13.0 |  97.70200000000001 |   0.008511380382023767 |  1392780.0 | 1.0 | 2.0 |
          23.0 |             13.0 |             99.482 |    0.04168693834703355 |  1300490.0 | 1.0 | 2.0 |
          23.0 |             13.0 |  99.53099999999999 |      3.630780547701014 |   544700.0 | 1.0 | 2.0 |
          23.0 |             13.0 |             99.543 |   0.009120108393559097 |  1388410.0 | 1.0 | 2.0 |
          23.0 |             13.0 |             99.634 |      5.248074602497725 |   545950.0 | 1.0 | 2.0 |
          23.0 |             13.0 |             99.655 |     0.2570395782768864 |   545950.0 | 1.0 | 2.0 |
          23.0 |             13.0 |             99.978 |    0.01778279410038923 |  1392780.0 | 1.0 | 2.0 |
          23.0 |             13.0 |              106.8 |    0.07585775750291836 |  1388410.0 | 1.0 | 2.0 |
          23.0 |             13.0 |            107.271 |    0.13489628825916536 |  1392780.0 | 1.0 | 2.0 |
          23.0 |             13.0 | 107.30499999999999 |    0.01513561248436208 |  1392780.0 | 1.0 | 2.0 |
          23.0 |             13.0 | 109.21799999999999 |    0.16218100973589297 |  1505900.0 | 1.0 | 2.0 |
          23.0 |             13.0 | 109.28699999999999 |   0.010715193052376065 |  1506480.0 | 1.0 | 2.0 |
          23.0 |             13.0 |             110.87 |   0.017378008287493755 |  1388410.0 | 1.0 | 2.0 |
          23.0 |             13.0 |            111.334 |   0.001995262314968879 |  1505900.0 | 1.0 | 2.0 |
          23.0 |             13.0 | 111.40599999999999 |    0.03548133892335755 |  1392780.0 | 1.0 | 2.0 |
          23.0 |             13.0 |            115.328 |   0.000239883291901949 |  1549410.0 | 1.0 | 2.0 |
          23.0 |             13.0 |            115.355 |  0.0031622776601683794 |  1549410.0 | 1.0 | 2.0 |
          23.0 |             13.0 | 115.35600000000001 |   0.004786300923226385 |  1549620.0 | 1.0 | 2.0 |
          23.0 |             13.0 | 117.38300000000001 |    0.09120108393559097 |  1300490.0 | 1.0 | 2.0 |
          23.0 |             13.0 |            117.521 |    0.04570881896148749 |  1300490.0 | 1.0 | 2.0 |
          23.0 |             13.0 |            117.913 |   0.030902954325135904 |   544700.0 | 1.0 | 2.0 |
          23.0 |             13.0 |             118.08 |    0.28840315031266056 |   545950.0 | 1.0 | 2.0 |
          23.0 |             13.0 |              118.5 |    0.15848931924611134 |   544700.0 | 1.0 | 2.0 |
          23.0 |             13.0 |            120.977 |     0.3019951720402016 |  1505900.0 | 1.0 | 2.0 |
          23.0 |             13.0 |            121.018 |     0.4168693834703354 |  1506480.0 | 1.0 | 2.0 |
          23.0 |             13.0 |            121.062 |   0.020892961308540396 |  1506480.0 | 1.0 | 2.0 |
          23.0 |             13.0 |            125.031 |   0.004168693834703355 |  1505900.0 | 1.0 | 2.0 |
          23.0 |             13.0 |            125.122 |    0.03890451449942807 |  1506480.0 | 1.0 | 2.0 |
          23.0 |             13.0 |             125.88 |    0.15135612484362082 |  1388410.0 | 1.0 | 2.0 |
          23.0 |             13.0 |            126.547 |     0.2570395782768864 |  1392780.0 | 1.0 | 2.0 |
          23.0 |             13.0 |            126.579 |   0.030902954325135904 |  1392780.0 | 1.0 | 2.0 |
          23.0 |             13.0 |            128.934 | 0.00047863009232263854 |  1549410.0 | 1.0 | 2.0 |
          23.0 |             13.0 |            128.984 |   0.006606934480075957 |  1549410.0 | 1.0 | 2.0 |
          23.0 |             13.0 |            128.969 |   0.009549925860214359 |  1549620.0 | 1.0 | 2.0 |
          23.0 |             13.0 |             135.39 |     0.0446683592150963 |  1388410.0 | 1.0 | 2.0 |
          23.0 |             13.0 | 136.19899999999998 |    0.08912509381337455 |  1392780.0 | 1.0 | 2.0 |
          23.0 |             13.0 |            145.138 |       0.72443596007499 |  1505900.0 | 1.0 | 2.0 |
          23.0 |             13.0 | 145.21800000000002 |     1.0471285480508996 |  1506480.0 | 1.0 | 2.0 |
          23.0 |             13.0 |             145.26 |    0.04897788193684462 |  1506480.0 | 1.0 | 2.0 |
          23.0 |             13.0 |            154.679 |   0.011748975549395297 |  1505900.0 | 1.0 | 2.0 |
          23.0 |             13.0 | 154.81799999999998 |    0.10232929922807542 |  1506480.0 | 1.0 | 2.0 |
          23.0 |             13.0 | 154.91899999999998 |    0.05623413251903491 |  1505900.0 | 1.0 | 2.0 |
          23.0 |             13.0 |            157.831 |  0.0013803842646028853 |  1549410.0 | 1.0 | 2.0 |
          23.0 |             13.0 |            157.881 |   0.019498445997580455 |  1549410.0 | 1.0 | 2.0 |
          23.0 |             13.0 | 157.88299999999998 |   0.026915348039269153 |  1549620.0 | 1.0 | 2.0 |
          23.0 |             13.0 |            169.222 |    0.26977394324449205 |  1300490.0 | 1.0 | 2.0 |
          23.0 |             13.0 |            169.817 |     0.1380384264602885 |  1300490.0 | 1.0 | 2.0 |
          23.0 |             13.0 | 179.21099999999998 |   0.022803420720004186 |  1846100.0 | 1.0 | 2.0 |
          23.0 |             13.0 | 179.26999999999998 |    0.44668359215096315 |  1388410.0 | 1.0 | 2.0 |
          23.0 |             13.0 | 180.59699999999998 |     0.7585775750291838 |  1392780.0 | 1.0 | 2.0 |
          23.0 |             13.0 |            180.685 |    0.08709635899560805 |  1392780.0 | 1.0 | 2.0 |
          23.0 |             13.0 | 189.77499999999998 |    0.07413102413009177 |  1889360.0 | 1.0 | 2.0 |
          23.0 |             13.0 | 190.45100000000002 |    0.13489628825916536 |  1891430.0 | 1.0 | 2.0 |
          23.0 |             13.0 |            190.523 |   0.014791083881682071 |  1891430.0 | 1.0 | 2.0 |
          23.0 |             13.0 |            198.555 |   0.024945947269429548 |  1889360.0 | 1.0 | 2.0 |
          23.0 |             13.0 |            199.374 |   0.049888448746001214 |  1891430.0 | 1.0 | 2.0 |
          23.0 |             13.0 |            210.407 |     0.3019951720402016 |  1946230.0 | 1.0 | 2.0 |
          23.0 |             13.0 |            210.526 |   0.021379620895022326 |  1946500.0 | 1.0 | 2.0 |
          23.0 |             13.0 |             216.46 |     2.8183829312644537 |  1505900.0 | 1.0 | 2.0 |
          23.0 |             13.0 |             216.68 |      4.073802778041127 |  1506480.0 | 1.0 | 2.0 |
          23.0 |             13.0 | 216.73200000000003 |    0.20892961308540392 |  1506480.0 | 1.0 | 2.0 |
          23.0 |             13.0 |            217.581 |    0.09549925860214359 |  1846100.0 | 1.0 | 2.0 |
          23.0 |             13.0 |            218.403 |   0.034673685045253165 |  1946230.0 | 1.0 | 2.0 |
          23.0 |             13.0 |             218.49 |    0.24547089156850305 |  1388410.0 | 1.0 | 2.0 |
          23.0 |             13.0 |            218.531 |    0.06309573444801933 |  1946500.0 | 1.0 | 2.0 |
          23.0 |             13.0 |            220.595 |     0.4677351412871982 |  1392780.0 | 1.0 | 2.0 |
          23.0 |             13.0 |            222.906 |  0.0012882495516931337 |  1967880.0 | 1.0 | 2.0 |
          23.0 |             13.0 | 222.95999999999998 |   0.025703957827688632 |  1967990.0 | 1.0 | 2.0 |
          23.0 |             13.0 |            223.005 |    0.01778279410038923 |  1967880.0 | 1.0 | 2.0 |
          23.0 |             13.0 | 229.70600000000002 |    0.14454397707459277 |  1889360.0 | 1.0 | 2.0 |
          23.0 |             13.0 |            230.643 |     0.2630267991895382 |  1891430.0 | 1.0 | 2.0 |
          23.0 |             13.0 |            230.803 |    0.03019951720402016 |  1891430.0 | 1.0 | 2.0 |
          23.0 |             13.0 | 249.35199999999998 |    0.06309573444801933 |  1889360.0 | 1.0 | 2.0 |
          23.0 |             13.0 | 250.64499999999998 |     0.1288249551693134 |  1891430.0 | 1.0 | 2.0 |
          23.0 |             13.0 |            251.832 |   0.008511380382023767 |  1549410.0 | 1.0 | 2.0 |
          23.0 |             13.0 |            252.003 |     0.1148153621496883 |  1549410.0 | 1.0 | 2.0 |
          23.0 |             13.0 |            251.965 |     0.1651961798229015 |  1549620.0 | 1.0 | 2.0 |
          23.0 |             13.0 |            258.866 |      0.954992586021436 |  1946500.0 | 1.0 | 2.0 |
          23.0 |             13.0 |            258.886 |       0.72443596007499 |  1946230.0 | 1.0 | 2.0 |
          23.0 |             13.0 |            259.067 |    0.04897788193684462 |  1946500.0 | 1.0 | 2.0 |
          23.0 |             13.0 | 259.38300000000004 |    0.06918309709189366 |  1505900.0 | 1.0 | 2.0 |
          23.0 |             13.0 |            259.774 |     0.6456542290346555 |  1506480.0 | 1.0 | 2.0 |
          23.0 |             13.0 |            260.783 |     0.3467368504525316 |  1505900.0 | 1.0 | 2.0 |
          23.0 |             13.0 |            278.187 |    0.09549925860214359 |  1946230.0 | 1.0 | 2.0 |
          23.0 |             13.0 |            278.396 |    0.16865530253887412 |  1946500.0 | 1.0 | 2.0 |
          23.0 |             13.0 |            280.018 |   0.003388441561392024 |  1967880.0 | 1.0 | 2.0 |
          23.0 |             13.0 |            280.104 |    0.06918309709189366 |  1967990.0 | 1.0 | 2.0 |
          23.0 |             13.0 | 280.25300000000004 |   0.046773514128719815 |  1967880.0 | 1.0 | 2.0 |
          23.0 |             13.0 |            313.305 |     0.6998419960022735 |   225520.0 | 1.0 | 2.0 |
          23.0 |             13.0 | 323.18899999999996 |     1.2302687708123816 |   236530.0 | 1.0 | 2.0 |
          23.0 |             13.0 |            324.496 |    0.13458603540559483 |   236530.0 | 1.0 | 2.0 |
          23.0 |             13.0 |            326.477 |    0.28973435877013226 |  1846100.0 | 1.0 | 2.0 |
          23.0 |             13.0 |            327.547 |    0.14487718535447616 |  1846100.0 | 1.0 | 2.0 |
          23.0 |             13.0 | 340.78499999999997 |     0.3981071705534972 |  1889360.0 | 1.0 | 2.0 |
          23.0 |             13.0 |            342.971 |     0.7079457843841379 |  1891430.0 | 1.0 | 2.0 |
          23.0 |             13.0 |            343.206 |    0.07762471166286916 |  1891430.0 | 1.0 | 2.0 |
          23.0 |             13.0 |            402.139 |     2.4547089156850306 |  1946230.0 | 1.0 | 2.0 |
          23.0 |             13.0 |            402.253 |     3.4673685045253166 |  1946500.0 | 1.0 | 2.0 |
          23.0 |             13.0 | 402.57599999999996 |    0.17378008287493754 |  1946500.0 | 1.0 | 2.0 |
          23.0 |             13.0 |            420.805 |     0.3311311214825911 |  1889360.0 | 1.0 | 2.0 |
          23.0 |             13.0 |            422.784 |     0.6095368972401691 |        0.0 | 1.0 | 2.0 |
          23.0 |             13.0 |            424.502 |     0.6456542290346555 |  1891430.0 | 1.0 | 2.0 |
          23.0 |             13.0 |            443.427 |    0.28906798823654756 |        0.0 | 1.0 | 2.0 |
          23.0 |             13.0 |            464.857 |   0.019498445997580455 |  1967880.0 | 1.0 | 2.0 |
          23.0 |             13.0 |            465.095 |    0.40738027780411273 |  1967990.0 | 1.0 | 2.0 |
          23.0 |             13.0 |            465.289 |    0.28840315031266056 |  1967880.0 | 1.0 | 2.0 |
          23.0 |             13.0 | 485.03700000000003 |    0.11220184543019636 |  1946230.0 | 1.0 | 2.0 |
          23.0 |             13.0 |            485.673 |      1.023292992280754 |  1946500.0 | 1.0 | 2.0 |
          23.0 |             13.0 | 487.40099999999995 |     0.5495408738576245 |  1946230.0 | 1.0 | 2.0 |
          23.0 |             13.0 |  851.1400000000001 |     1.0471285480508996 |  1388410.0 | 1.0 | 2.0 |
          23.0 |             13.0 |             879.51 |     1.7378008287493754 |  1392780.0 | 1.0 | 2.0 |
          23.0 |             13.0 |             884.02 |    0.19498445997580455 |  1392780.0 | 1.0 | 2.0 |
%NIST