 Atomic Number | Ionization State |  Wavelength (Ang.) |               g_i*f_ik | E_i(cm^-1) |   i |   j |
          23.0 |             18.0 |             16.242 |     0.6918309709189365 |    37960.0 | 1.0 | 2.0 |
          23.0 |             18.0 | 16.322000000000003 |     0.3467368504525316 |    68190.0 | 1.0 | 2.0 |
          23.0 |             18.0 |             16.378 |     3.0902954325135905 |    68190.0 | 1.0 | 2.0 |
          23.0 |             18.0 |             102.41 |   0.013182567385564075 |    37960.0 | 1.0 | 2.0 |
          23.0 |             18.0 |            107.195 |   0.002951209226666387 |   735420.0 | 1.0 | 2.0 |
          23.0 |             18.0 |            111.442 |   0.047863009232263824 |        0.0 | 1.0 | 2.0 |
          23.0 |             18.0 |            114.882 |  0.0017782794100389228 |    37960.0 | 1.0 | 2.0 |
          23.0 |             18.0 |            116.365 |    0.14421153515248689 |    37960.0 | 1.0 | 2.0 |
          23.0 |             18.0 | 116.75800000000001 |  0.0044668359215096305 |   623860.0 | 1.0 | 2.0 |
          23.0 |             18.0 | 117.16300000000001 |     0.3467368504525316 |   160910.0 | 1.0 | 2.0 |
          23.0 |             18.0 |             118.29 |    0.03019951720402016 |   634950.0 | 1.0 | 2.0 |
          23.0 |             18.0 |            119.015 |   0.043651583224016584 |    68190.0 | 1.0 | 2.0 |
          23.0 |             18.0 |            120.607 |    0.32359365692962827 |    68190.0 | 1.0 | 2.0 |
          23.0 |             18.0 |            126.411 |    0.07447319739059892 |   625040.0 | 1.0 | 2.0 |
          23.0 |             18.0 | 127.07900000000001 |    0.14655478409559117 |   623860.0 | 1.0 | 2.0 |
          23.0 |             18.0 | 127.27000000000001 |    0.09036494737223014 |   625040.0 | 1.0 | 2.0 |
          23.0 |             18.0 |            129.707 |   0.009332543007969915 |   897330.0 | 1.0 | 2.0 |
          23.0 |             18.0 | 133.77800000000002 |     0.5495408738576245 |   160910.0 | 1.0 | 2.0 |
          23.0 |             18.0 |            134.244 |   0.006606934480075957 |   735420.0 | 1.0 | 2.0 |
          23.0 |             18.0 |            135.689 |   0.008511380382023767 |   743350.0 | 1.0 | 2.0 |
          23.0 |             18.0 |              136.0 |    0.03265878321723358 |        0.0 | 1.0 | 2.0 |
          23.0 |             18.0 |            136.082 |     0.1472312502432719 |   623860.0 | 1.0 | 2.0 |
          23.0 |             18.0 | 136.30100000000002 |   0.026302679918953815 |   625040.0 | 1.0 | 2.0 |
          23.0 |             18.0 |            138.168 |     0.3890451449942806 |   634950.0 | 1.0 | 2.0 |
          23.0 |             18.0 |             141.73 |   0.013182567385564075 |    37960.0 | 1.0 | 2.0 |
          23.0 |             18.0 |            143.377 |     0.0933254300796991 |    37960.0 | 1.0 | 2.0 |
          23.0 |             18.0 |            144.111 |    0.05623413251903491 |    37960.0 | 1.0 | 2.0 |
          23.0 |             18.0 |             146.91 |   0.051404365158242614 |   735420.0 | 1.0 | 2.0 |
          23.0 |             18.0 |              147.3 |   0.036728230049808464 |   731870.0 | 1.0 | 2.0 |
          23.0 |             18.0 |            148.071 | 0.00047863009232263854 |   735420.0 | 1.0 | 2.0 |
          23.0 |             18.0 |            148.113 |    0.24547089156850305 |    68190.0 | 1.0 | 2.0 |
          23.0 |             18.0 |             149.86 |    0.03630780547701014 |    68190.0 | 1.0 | 2.0 |
          23.0 |             18.0 |            152.933 |     0.2344228815319922 |  1014420.0 | 1.0 | 2.0 |
          23.0 |             18.0 |            159.991 |    0.08709635899560805 |        0.0 | 1.0 | 2.0 |
          23.0 |             18.0 | 160.39999999999998 |   0.058210321777087126 |   735420.0 | 1.0 | 2.0 |
          23.0 |             18.0 |             162.53 |     0.0695024317588797 |   743350.0 | 1.0 | 2.0 |
          23.0 |             18.0 |            170.335 |    0.01548816618912481 |    37960.0 | 1.0 | 2.0 |
          23.0 |             18.0 |            170.678 |    0.16218100973589297 |    37960.0 | 1.0 | 2.0 |
          23.0 |             18.0 |            171.692 |   0.003311311214825911 |   160910.0 | 1.0 | 2.0 |
          23.0 |             18.0 | 174.06099999999998 |   0.003235936569296281 |   160910.0 | 1.0 | 2.0 |
          23.0 |             18.0 | 174.85199999999998 |      0.660693448007596 |   908420.0 | 1.0 | 2.0 |
          23.0 |             18.0 |             176.44 |    0.18197008586099836 |    68190.0 | 1.0 | 2.0 |
          23.0 |             18.0 | 179.58200000000002 | 0.00026302679918953814 |    68190.0 | 1.0 | 2.0 |
          23.0 |             18.0 | 179.96300000000002 |  0.0009549925860214359 |    68190.0 | 1.0 | 2.0 |
          23.0 |             18.0 |             192.76 |    0.06902398038402419 |   897330.0 | 1.0 | 2.0 |
          23.0 |             18.0 | 194.76500000000001 |    0.16595869074375605 |   897330.0 | 1.0 | 2.0 |
          23.0 |             18.0 | 199.06400000000002 |  0.0016218100973589297 |   908420.0 | 1.0 | 2.0 |
          23.0 |             18.0 | 210.95300000000003 |   0.021379620895022326 |   160910.0 | 1.0 | 2.0 |
          23.0 |             18.0 | 214.63400000000001 |     0.1309181922999407 |  1014420.0 | 1.0 | 2.0 |
          23.0 |             18.0 |            215.457 |  0.0018197008586099826 |   160910.0 | 1.0 | 2.0 |
          23.0 |             18.0 |            216.006 |  0.0010471285480508996 |   160910.0 | 1.0 | 2.0 |
          23.0 |             18.0 |             216.69 |    0.20892961308540392 |   897330.0 | 1.0 | 2.0 |
          23.0 |             18.0 | 222.07899999999998 |   0.019054607179632473 |   908420.0 | 1.0 | 2.0 |
          23.0 |             18.0 |            252.302 |   0.010232929922807542 |  1014420.0 | 1.0 | 2.0 |
          23.0 |             18.0 | 290.45300000000003 |   0.004786300923226385 |  1014420.0 | 1.0 | 2.0 |
          23.0 |             18.0 |            304.035 |   0.000630957344480193 |    37960.0 | 1.0 | 2.0 |
          23.0 |             18.0 | 334.80600000000004 |                  0.001 |    68190.0 | 1.0 | 2.0 |
%NIST